0
0
-48.34
-237.31
-313.48
-307.62
-287.11
-404.3
-484.87
-480.47
-517.09
-530.27
-555.17
-556.64
-577.15
-553.71
-587.4
-593.26
-575.68
-602.04
-578.62
-591.8
-566.89
-559.57
-602.04
-563.96
-550.78
-588.87
-621.12
-599.12
-585.94
-524.41
-355.96
-350.1
-329.59
-291.5
-292.97
-284.18
-312.01
-284.18
-253.42
-181.64
-130.37
-123.05
-124.51
-139.16
-117.19
-112.79
-95.214
-134.77
-84.96
-124.51
-102.54
-115.72
-130.37
-118.65
-136.23
-124.51
-143.56
-121.58
-147.95
-93.75
-99.612
-74.706
-41.015
-16.113
-27.832
-29.297
-4.3945
0
0
0
0
0
0
0
0
0
0
0
0
0
0
0
0
0
0
0
0
0
0
0
-61.524
-62.988
-133.3
-222.65
-290.04
-306.15
-301.76
-344.24
-345.7
-347.17
-363.28
-366.21
-364.75
-333.98
-370.61
-342.77
-355.96
-351.56
-373.54
-350.1
-369.14
-366.21
-388.18
-379.39
-350.1
-336.91
-369.14
-375
-357.42
-290.04
-11.719
0
7.3242
79.104
171.38
171.38
174.32
206.54
262.21
272.46
281.25
314.94
333.98
329.59
336.91
341.31
344.24
333.98
325.19
316.4
313.48
316.4
307.62
309.08
326.66
312.01
319.34
360.35
335.45
241.7
30.762
-67.38
-146.48
-208.01
-253.42
-229.98
-199.22
-276.86
-382.33
-402.83
-396.97
-443.85
-440.92
-473.14
-442.38
-476.08
-465.82
-498.05
-464.36
-467.29
-473.14
-489.26
-512.69
-458.5
-464.36
-461.42
-462.89
-451.17
-451.17
-454.1
-471.68
-496.58
-498.05
-506.84
-505.37
-508.3
-550.78
-549.32
-540.53
-530.27
-517.09
-498.05
-514.16
-525.88
-490.72
-509.77
-522.95
-517.09
-518.56
-571.29
-520.02
-530.27
-531.74
-537.6
-528.81
-547.85
-515.63
-543.46
-503.9
-506.84
-549.32
-591.8
-634.26
-667.98
-684.06
-704.58
-711.9
-728.04
-761.7
-755.88
-761.7
-723.66
-726.54
-738.3
-742.68
-755.88
-730.98
-742.68
-735.36
-761.7
-751.44
-744.12
-750
-741.24
-755.88
-779.28
-758.76
-750
-745.62
-679.68
-717.78
-896.46
-933.12
-905.28
-982.92
-1032.7
-1101.5
-1097.2
-1091.3
-1100.1
-1116.2
-1132.3
-1106
-1113.3
-1145.5
-1166
-1164.5
-1130.9
-1147
-1144
-1149.9
-1136.7
-1145.5
-1173.4
-1145.5
-1136.7
-1179.2
-1164.5
-1136.7
-1040
-669.42
-461.42
-355.96
-347.17
-290.04
-284.18
-273.92
-262.21
-254.88
-282.71
-268.07
-253.42
-246.1
-235.84
-197.75
-127.44
-133.3
-115.72
-133.3
-87.888
-115.72
-96.678
-96.678
-98.142
-76.17
-118.65
-86.424
-79.104
-121.58
-112.79
-102.54
-74.706
-65.916
-49.805
-13.184
-5.8594
-4.3945
-4.3945
0
0
0
0
0
0
0
0
0
0
0
0
0
0
0
0
0
0
0
0
0
-7.3242
-102.54
-175.78
-323.73
-443.85
-486.33
-612.3
-628.44
-632.82
-704.58
-798.36
-813
-780.78
-754.38
-818.82
-846.66
-859.86
-839.34
-843.78
-843.78
-853.98
-865.74
-870.12
-855.48
-851.1
-861.3
-884.76
-899.4
-867.18
-853.98
-840.84
-845.22
-804.18
-821.76
-814.44
-785.16
-774.9
-754.38
-670.92
-615.24
-609.36
-606.42
-587.4
-568.36
-558.11
-555.17
-577.15
-588.87
-553.71
-577.15
-533.2
-533.2
-553.71
-569.83
-565.43
-530.27
-539.06
-521.48
-543.46
-571.29
-522.95
-413.09
-336.91
-336.91
-322.27
-323.73
-347.17
-336.91
-319.34
-254.88
-199.22
-159.67
-164.06
-142.09
-153.81
-155.27
-111.33
-153.81
-112.79
-171.38
-111.33
-158.2
-121.58
-131.84
-124.51
-124.51
-121.58
-127.44
-109.87
-125.98
-84.96
48.34
36.621
89.358
222.65
377.93
317.87
386.72
499.51
543.46
534.67
537.6
588.87
616.68
580.08
580.08
624
635.76
615.24
600.6
632.82
631.32
654.78
669.42
662.1
631.32
634.26
622.56
650.4
648.9
625.5
515.63
673.8
771.96
909.66
985.86
940.44
979.98
1035.7
1026.8
1053.2
1047.4
1066.4
1120.6
1125
1123.6
1136.7
1122.1
1138.2
1113.3
1138.2
1147
1144
1135.3
1125
1138.2
1127.9
1129.4
1122.1
1120.6
1161.6
1144
1130.9
1114.7
1081.1
1117.7
1079.6
1075.2
1133.8
1126.4
1100.1
1081.1
1113.3
1132.3
1108.9
1113.3
1136.7
1126.4
1125
1120.6
1133.8
1114.7
1126.4
1085.5
1094.2
1110.4
1117.7
1103
1106
1123.6
1104.5
525.88
93.75
-39.551
-137.69
-216.8
-440.92
-421.88
-210.94
-147.95
-407.23
-559.57
-621.12
-380.86
-203.62
-347.17
-522.95
-628.44
-670.92
-574.22
-520.02
-604.98
-657.72
-672.36
-695.82
-622.56
-626.94
-653.34
-650.4
-644.52
-657.72
-136.23
79.104
244.63
364.75
471.68
493.65
364.75
407.23
476.08
730.98
880.38
770.52
679.68
843.78
971.22
1022.5
1026.8
900.9
944.82
1023.9
1085.5
1032.7
996.12
1016.6
1044.4
1076.6
1064.9
1086.9
1133.8
1098.7
662.1
375
265.13
240.23
183.11
183.11
127.44
123.05
115.72
128.9
99.612
105.47
68.85
95.214
80.568
70.314
52.735
27.832
1.4648
0
0
0
0
0
0
0
0
0
0
0
84.96
175.78
256.35
439.45
534.67
581.54
552.25
669.42
750
839.34
864.24
851.1
900.9
941.88
950.7
975.6
962.4
933.12
972.66
1010.8
1007.8
974.1
981.42
991.68
1003.4
965.34
946.26
982.92
990.24
575.68
227.05
35.156
-5.8594
-54.199
-130.37
-20.508
-1.4648
-39.551
-118.65
-155.27
-127.44
-109.87
-131.84
-155.27
-168.46
-146.48
-162.6
-143.56
-159.67
-159.67
-139.16
-177.25
-147.95
-165.53
-165.53
-142.09
-159.67
-139.16
-145.02
-128.9
-145.02
-140.63
-123.05
-112.79
-93.75
-58.594
-21.973
-26.367
-29.297
-19.043
-7.3242
-7.3242
-8.7888
-8.7888
-4.3945
-5.8594
-2.9297
-2.9297
-4.3945
-2.9297
-1.4648
0
-1.4648
0
0
0
0
0
-1.4648
-35.156
-64.452
-114.26
-190.43
-175.78
-197.75
-200.68
-229.98
-250.49
-247.56
-221.19
-209.47
-244.63
-246.1
-237.31
-237.31
-225.59
-240.23
-249.02
-237.31
-231.44
-253.42
-235.84
-257.81
-250.49
-238.77
-234.38
-229.98
-215.33
-240.23
-262.21
-273.92
-279.79
-276.86
-249.02
-276.86
-279.79
-268.07
-251.95
-265.13
-276.86
-257.81
-251.95
-263.67
-259.28
-254.88
-250.49
-257.81
-272.46
-271
-266.6
-250.49
-241.7
-251.95
-241.7
-249.02
-271
-285.64
-276.86
-265.13
-292.97
-303.22
-297.37
-256.35
-216.8
-178.71
-136.23
-166.99
-124.51
-150.88
-117.19
-121.58
-118.65
-118.65
-96.678
-133.3
-95.214
-128.9
-89.358
-112.79
-112.79
-112.79
-118.65
-95.214
-123.05
-87.888
-130.37
-102.54
-114.26
-128.9
-10.254
68.85
86.424
206.54
344.24
282.71
339.85
399.9
474.61
443.85
481.93
493.65
522.95
533.2
539.06
486.33
511.23
533.2
585.94
559.57
566.89
562.5
547.85
520.02
533.2
536.13
562.5
565.43
587.4
550.78
235.84
-71.778
-240.23
-297.37
-364.75
-372.07
-647.46
-711.9
-449.71
-309.08
-508.3
-733.86
-855.48
-927.24
-903.78
-796.86
-780.78
-842.28
-902.34
-956.52
-889.14
-827.64
-877.44
-905.28
-927.24
-955.08
-959.46
-952.14
-902.34
-902.34
-870.12
-546.38
-345.7
-235.84
-133.3
-87.888
-95.214
-65.916
-23.438
-11.719
-8.7888
2.9297
17.578
7.3242
1.4648
0
0
-1.4648
0
0
0
0
0
0
0
0
0
0
0
0
32.227
99.612
112.79
263.67
467.29
418.94
396.97
509.77
566.89
562.5
593.26
615.24
651.84
657.72
634.26
663.6
640.14
665.04
692.88
691.38
660.66
625.5
654.78
681.18
678.24
673.8
678.24
672.36
638.7
647.46
747.06
752.94
716.28
659.16
628.44
612.3
558.11
562.5
549.32
571.29
553.71
515.63
521.48
531.74
552.25
534.67
546.38
537.6
520.02
499.51
500.98
512.69
528.81
520.02
552.25
541.99
502.44
525.88
496.58
515.63
531.74
531.74
521.48
536.13
490.72
500.98
509.77
471.68
476.08
492.19
539.06
512.69
500.98
508.3
484.87
495.12
476.08
514.16
536.13
509.77
495.12
476.08
505.37
479
486.33
464.36
492.19
496.58
505.37
508.3
326.66
196.29
142.09
93.75
95.214
80.568
51.269
41.015
33.691
2.9297
0
0
0
0
0
0
0
0
0
0
0
0
0
0
0
0
0
0
0
0
10.254
108.4
111.33
162.6
300.29
344.24
394.04
433.6
492.19
465.82
483.4
496.58
470.21
522.95
549.32
575.68
525.88
533.2
539.06
562.5
565.43
559.57
544.92
590.33
565.43
552.25
546.38
525.88
546.38
574.22
367.67
124.51
60.06
11.719
-2.9297
-19.043
-14.648
-33.691
-49.805
-83.496
-77.634
-67.38
-62.988
-89.358
-57.129
-80.568
-61.524
-74.706
-46.875
-74.706
-61.524
-68.85
-46.875
-71.778
-58.594
-65.916
-45.41
-64.452
-57.129
-73.242
-45.41
-62.988
-87.888
-84.96
-77.634
-108.4
-87.888
-101.08
-90.822
-64.452
-106.93
-111.33
-65.916
-101.08
-106.93
-92.286
-77.634
-77.634
-106.93
-105.47
-61.524
-99.612
-127.44
-80.568
-96.678
-90.822
-99.612
-101.08
-65.916
-101.08
-61.524
46.875
68.85
61.524
76.17
131.84
139.16
193.36
164.06
168.46
200.68
193.36
174.32
181.64
213.87
186.04
193.36
181.64
212.4
194.83
199.22
199.22
221.19
221.19
218.26
188.96
202.15
216.8
191.89
181.64
149.41
32.227
-13.184
-45.41
-42.481
-26.367
-29.297
-46.875
-61.524
-67.38
-62.988
-35.156
-54.199
-48.34
-61.524
-48.34
-35.156
-45.41
-54.199
-49.805
-52.735
-35.156
-35.156
-67.38
-48.34
-82.032
-48.34
-38.086
-64.452
-43.945
-33.691
-143.56
-250.49
-457.03
-489.26
-487.79
-549.32
-640.14
-706.08
-754.38
-791.04
-810.06
-811.5
-827.64
-814.44
-829.08
-830.58
-823.26
-823.26
-826.2
-853.98
-858.42
-892.08
-892.08
-884.76
-883.32
-849.6
-865.74
-864.24
-887.7
-634.26
-121.58
48.34
108.4
161.13
165.53
276.86
351.56
171.38
128.9
263.67
464.36
517.09
350.1
446.78
550.78
581.54
534.67
555.17
580.08
648.9
682.62
650.4
669.42
679.68
675.3
669.42
679.68
692.88
704.58
577.15
656.28
836.4
943.38
936.06
940.44
972.66
1025.4
1085.5
1079.6
1097.2
1106
1120.6
1151.3
1114.7
1144
1157.2
1148.5
1142.6
1116.2
1171.9
1179.2
1174.8
1163.1
1160.2
1176.2
1138.2
1130.9
1161.6
1180.7
953.64
336.91
8.7888
-92.286
-140.63
-260.74
-587.4
-780.78
-708.96
-326.66
-216.8
-395.51
-701.64
-848.16
-896.46
-946.26
-971.22
-818.82
-495.12
-514.16
-752.94
-852.54
-924.3
-958.02
-931.62
-814.44
-723.66
-785.16
-903.78
-944.82
-745.62
-190.43
5.8594
134.77
273.92
291.5
61.524
76.17
196.29
367.67
433.6
377.93
281.25
313.48
401.37
433.6
464.36
410.15
394.04
433.6
525.88
479
420.41
407.23
498.05
525.88
495.12
502.44
499.51
528.81
537.6
457.03
487.79
473.14
449.71
440.92
424.81
351.56
310.55
278.32
272.46
269.53
265.13
254.88
257.81
250.49
240.23
240.23
215.33
225.59
240.23
278.32
272.46
247.56
237.31
212.4
234.38
218.26
243.16
253.42
221.19
273.92
345.7
479
647.46
662.1
687
754.38
823.26
873.06
855.48
824.7
865.74
908.22
902.34
930.18
922.86
870.12
915.54
949.2
937.5
914.04
896.46
899.4
940.44
921.36
903.78
886.26
897.96
933.12
814.44
180.17
-89.358
-314.94
-521.48
-540.53
-509.77
-559.57
-701.64
-616.68
-615.24
-673.8
-618.18
-666.48
-795.42
-905.28
-897.96
-900.9
-972.66
-993.18
-1000.5
-985.86
-1010.8
-981.42
-1010.8
-1031.3
-1040
-1038.6
-1041.5
-1079.6
-1094.2
-1048.8
-1054.7
-1045.9
-1022.5
-993.18
-947.76
-880.38
-836.4
-859.86
-852.54
-839.34
-814.44
-833.52
-826.2
-840.84
-808.62
-788.1
-793.92
-792.48
-833.52
-799.8
-783.72
-793.92
-795.42
-807.12
-807.12
-785.16
-766.14
-760.26
-678.24
-307.62
-216.8
-155.27
-169.92
-164.06
-99.612
-114.26
-106.93
-57.129
-77.634
-77.634
-61.524
-2.9297
0
0
0
0
0
0
0
0
0
0
0
0
0
0
0
0
2.9297
64.452
95.214
48.34
73.242
74.706
70.314
89.358
102.54
73.242
111.33
106.93
76.17
109.87
99.612
131.84
105.47
80.568
111.33
101.08
133.3
108.4
74.706
114.26
93.75
95.214
106.93
67.38
104
99.612
73.242
112.79
169.92
184.57
218.26
256.35
268.07
287.11
306.15
323.73
336.91
345.7
306.15
298.83
303.22
328.13
360.35
322.27
290.04
338.38
336.91
320.8
322.27
310.55
335.45
309.08
295.9
313.48
348.63
320.8
312.01
282.71
389.65
528.81
729.48
723.66
733.86
884.76
972.66
1012.2
1041.5
1064.9
1082.5
1094.2
1067.9
1120.6
1152.8
1142.6
1113.3
1130.9
1173.4
1171.9
1154.3
1163.1
1168.9
1158.7
1111.8
1136.7
1168.9
1173.4
1186.5
909.66
581.54
355.96
257.81
184.57
109.87
90.822
102.54
90.822
60.06
26.367
19.043
23.438
4.3945
-2.9297
0
0
0
0
0
1.4648
4.3945
2.9297
2.9297
4.3945
2.9297
0
1.4648
1.4648
0
0
0
0
0
0
0
0
0
0
0
0
0
0
0
0
0
0
0
0
0
0
0
0
0
0
0
0
0
0
0
-117.19
-244.63
-454.1
-622.56
-666.48
-832.02
-763.2
-788.1
-813
-982.92
-1095.7
-1084
-1048.8
-1060.6
-1110.4
-1142.6
-1120.6
-1133.8
-1144
-1135.3
-1163.1
-1163.1
-1145.5
-1167.5
-1198.3
-1163.1
-1171.9
-1182.1
-1176.2
-1127.9
-495.12
-92.286
36.621
87.888
150.88
215.33
164.06
152.35
229.98
234.38
361.82
492.19
448.24
298.83
385.25
490.72
522.95
559.57
476.08
470.21
517.09
585.94
587.4
512.69
531.74
585.94
618.18
596.19
609.36
581.54
174.32
17.578
-86.424
-74.706
-51.269
-60.06
-166.99
-232.91
-139.16
-162.6
-227.05
-265.13
-297.37
-259.28
-279.79
-275.39
-271
-287.11
-288.58
-301.76
-297.37
-288.58
-279.79
-292.97
-307.62
-310.55
-282.71
-279.79
-285.64
-253.42
-17.578
45.41
76.17
101.08
33.691
105.47
149.41
228.52
250.49
266.6
278.32
275.39
268.07
284.18
297.37
310.55
325.19
306.15
295.9
323.73
323.73
290.04
295.9
331.06
323.73
319.34
306.15
310.55
292.97
275.39
36.621
-71.778
-139.16
-156.74
-120.12
-306.15
-396.97
-336.91
-304.69
-383.79
-448.24
-440.92
-427.73
-458.5
-487.79
-468.75
-499.51
-492.19
-498.05
-496.58
-498.05
-476.08
-484.87
-498.05
-521.48
-489.26
-518.56
-524.41
-518.56
-489.26
-99.612
0
39.551
158.2
70.314
60.06
115.72
219.73
202.15
208.01
260.74
288.58
273.92
273.92
329.59
322.27
309.08
290.04
297.37
291.5
316.4
323.73
319.34
333.98
314.94
320.8
336.91
361.82
333.98
316.4
395.51
326.66
301.76
294.43
285.64
262.21
269.53
273.92
273.92
273.92
251.95
246.1
256.35
243.16
249.02
227.05
222.65
216.8
253.42
256.35
253.42
265.13
244.63
263.67
268.07
275.39
275.39
241.7
215.33
250.49
235.84
256.35
246.1
249.02
266.6
271
262.21
260.74
281.25
281.25
278.32
285.64
250.49
247.56
228.52
241.7
268.07
294.43
276.86
257.81
251.95
249.02
282.71
291.5
281.25
254.88
275.39
265.13
251.95
287.11
344.24
234.38
234.38
232.91
222.65
194.83
209.47
212.4
197.75
168.46
183.11
152.35
166.99
175.78
156.74
180.17
166.99
152.35
184.57
168.46
147.95
178.71
158.2
161.13
190.43
164.06
186.04
197.75
158.2
166.99
166.99
159.67
190.43
124.51
149.41
114.26
134.77
134.77
125.98
125.98
140.63
143.56
134.77
150.88
125.98
166.99
105.47
169.92
137.69
150.88
150.88
140.63
155.27
140.63
155.27
125.98
164.06
101.08
159.67
-7.3242
-208.01
-411.62
-562.5
-540.53
-505.37
-723.66
-758.76
-635.76
-726.54
-887.7
-971.22
-952.14
-959.46
-993.18
-1037.1
-1022.5
-1010.8
-1047.4
-1075.2
-1072.3
-1081.1
-1073.8
-1097.2
-1067.9
-1076.6
-1107.4
-1104.5
-1084
-1076.6
-741.24
-534.67
-404.3
-396.97
-341.31
-373.54
-375
-355.96
-319.34
-319.34
-326.66
-316.4
-290.04
-186.04
-168.46
-133.3
-158.2
-150.88
-136.23
-169.92
-114.26
-166.99
-128.9
-128.9
-123.05
-134.77
-125.98
-140.63
-125.98
-125.98
5.8594
120.12
145.02
292.97
558.11
606.42
338.38
508.3
650.4
711.9
657.72
692.88
767.58
796.86
796.86
796.86
780.78
804.18
815.94
856.92
855.48
853.98
821.76
853.98
832.02
856.92
815.94
760.26
810.06
836.4
783.72
496.58
316.4
216.8
131.84
67.38
36.621
49.805
33.691
19.043
7.3242
1.4648
-2.9297
0
0
0
0
0
0
0
0
0
0
0
0
0
0
0
0
0
65.916
147.95
212.4
391.12
481.93
427.73
473.14
609.36
682.62
667.98
736.8
745.62
779.28
823.26
793.92
804.18
823.26
853.98
842.28
818.82
774.9
791.04
837.9
877.44
856.92
834.96
853.98
867.18
867.18
881.82
474.61
108.4
0
-93.75
-65.916
0
-2.9297
-71.778
-87.888
-89.358
-155.27
-210.94
-215.33
-238.77
-246.1
-256.35
-275.39
-271
-257.81
-256.35
-262.21
-259.28
-260.74
-257.81
-259.28
-263.67
-244.63
-263.67
-282.71
-279.79
-212.4
-262.21
-489.26
-602.04
-708.96
-744.12
-791.04
-837.9
-846.66
-890.64
-883.32
-899.4
-914.04
-912.6
-934.56
-949.2
-933.12
-924.3
-944.82
-952.14
-971.22
-978.54
-947.76
-946.26
-949.2
-959.46
-971.22
-956.52
-977.04
-966.78
-653.34
-181.64
-41.015
7.3242
-2.9297
8.7888
5.8594
0
13.184
35.156
57.129
120.12
131.84
180.17
162.6
145.02
149.41
147.95
184.57
168.46
143.56
143.56
150.88
177.25
172.85
149.41
153.81
156.74
171.38
146.48
104
215.33
232.91
322.27
383.79
461.42
468.75
483.4
476.08
518.56
581.54
575.68
572.75
569.83
590.33
593.26
561.04
585.94
568.36
562.5
571.29
522.95
512.69
543.46
588.87
574.22
585.94
583.01
597.65
594.73
580.08
561.04
549.32
556.64
539.06
540.53
528.81
518.56
493.65
493.65
511.23
518.56
569.83
544.92
503.9
515.63
518.56
515.63
524.41
524.41
512.69
537.6
512.69
496.58
473.14
476.08
522.95
539.06
525.88
550.78
514.16
473.14
511.23
514.16
476.08
423.34
358.88
328.13
319.34
317.87
298.83
268.07
256.35
251.95
263.67
250.49
265.13
278.32
275.39
253.42
250.49
259.28
290.04
291.5
287.11
272.46
259.28
272.46
253.42
266.6
133.3
-35.156
-76.17
-111.33
-158.2
-383.79
-423.34
-257.81
-339.85
-458.5
-522.95
-483.4
-489.26
-486.33
-524.41
-588.87
-525.88
-536.13
-536.13
-533.2
-541.99
-561.04
-577.15
-569.83
-550.78
-580.08
-569.83
-552.25
-511.23
-533.2
-367.67
-112.79
-24.902
-24.902
29.297
20.508
2.9297
41.015
79.104
54.199
68.85
93.75
83.496
90.822
92.286
70.314
70.314
99.612
77.634
48.34
86.424
84.96
52.735
54.199
67.38
80.568
43.945
49.805
79.104
84.96
13.184
-71.778
-109.87
-216.8
-435.06
-602.04
-577.15
-448.24
-527.35
-665.04
-744.12
-741.24
-689.94
-728.04
-769.02
-757.32
-730.98
-761.7
-773.46
-764.64
-785.16
-793.92
-783.72
-786.6
-802.74
-779.28
-777.84
-758.76
-779.28
-783.72
-512.69
-46.875
43.945
86.424
320.8
345.7
146.48
121.58
285.64
467.29
361.82
328.13
470.21
506.84
495.12
503.9
522.95
593.26
587.4
574.22
577.15
596.19
583.01
597.65
603.54
588.87
568.36
588.87
606.42
612.3
583.01
481.93
430.66
391.12
407.23
413.09
430.66
418.94
396.97
347.17
278.32
251.95
227.05
228.52
235.84
174.32
165.53
191.89
164.06
168.46
206.54
228.52
193.36
188.96
205.08
215.33
174.32
184.57
210.94
205.08
140.63
52.735
17.578
1.4648
-5.8594
-16.113
-13.184
-27.832
-13.184
-8.7888
-1.4648
-2.9297
-7.3242
-4.3945
-4.3945
-5.8594
-7.3242
-4.3945
-1.4648
-1.4648
-1.4648
0
0
0
-1.4648
-1.4648
-2.9297
-2.9297
-2.9297
-2.9297
26.367
153.81
127.44
268.07
435.06
569.83
423.34
496.58
629.88
685.56
704.58
738.3
757.32
776.34
814.44
830.58
852.54
827.64
821.76
823.26
796.86
808.62
801.24
817.38
840.84
867.18
837.9
851.1
858.42
861.3
687
241.7
60.06
10.254
-1.4648
5.8594
-35.156
-57.129
-106.93
-139.16
-52.735
-64.452
-73.242
-79.104
-106.93
-112.79
-73.242
-109.87
-105.47
-106.93
-104
-70.314
-105.47
-112.79
-82.032
-101.08
-87.888
-101.08
-98.142
-68.85
-84.96
-112.79
-203.62
-376.46
-540.53
-689.94
-713.4
-681.18
-688.5
-735.36
-763.2
-793.92
-770.52
-771.96
-798.36
-821.76
-826.2
-840.84
-846.66
-823.26
-840.84
-852.54
-865.74
-824.7
-799.8
-783.72
-823.26
-853.98
-853.98
-823.26
-681.18
-265.13
-131.84
-99.612
-57.129
-79.104
-46.875
-20.508
-1.4648
17.578
38.086
32.227
23.438
17.578
8.7888
10.254
7.3242
4.3945
0
0
0
0
0
0
0
0
0
0
0
0
20.508
84.96
111.33
162.6
278.32
333.98
408.69
544.92
599.12
637.2
676.74
694.32
704.58
670.92
725.1
745.62
730.98
738.3
733.86
745.62
733.86
783.72
788.1
761.7
754.38
745.62
742.68
730.98
758.76
720.72
632.82
336.91
247.56
199.22
181.64
184.57
161.13
118.65
104
125.98
101.08
76.17
23.438
0
0
0
0
0
0
0
0
0
0
0
0
0
0
0
0
0
19.043
86.424
161.13
309.08
429.2
395.51
462.89
524.41
665.04
726.54
726.54
767.58
805.68
840.84
827.64
851.1
845.22
874.5
868.68
867.18
840.84
829.08
862.8
858.42
893.58
892.08
881.82
877.44
884.76
881.82
763.2
251.95
17.578
-48.34
-48.34
-36.621
-61.524
-152.35
-265.13
-272.46
-99.612
-108.4
-199.22
-317.87
-351.56
-363.28
-247.56
-285.64
-328.13
-360.35
-375
-323.73
-323.73
-320.8
-333.98
-342.77
-353.03
-344.24
-350.1
-322.27
-249.02
58.594
121.58
240.23
552.25
678.24
339.85
285.64
594.73
774.9
823.26
785.16
713.4
786.6
821.76
818.82
808.62
802.74
858.42
912.6
892.08
843.78
853.98
890.64
931.62
909.66
905.28
915.54
938.94
936.06
859.86
329.59
99.612
33.691
-39.551
-7.3242
-7.3242
-32.227
-27.832
-21.973
-74.706
-102.54
-96.678
-159.67
-124.51
-146.48
-124.51
-134.77
-130.37
-143.56
-128.9
-127.44
-125.98
-139.16
-125.98
-128.9
-128.9
-142.09
-147.95
-137.69
-162.6
-118.65
-115.72
-130.37
-106.93
-117.19
-80.568
-95.214
-125.98
-61.524
-90.822
-93.75
-58.594
-90.822
-89.358
-55.664
-90.822
-87.888
-62.988
-60.06
-68.85
-83.496
-54.199
-89.358
-89.358
-57.129
-73.242
-98.142
-104
-74.706
-80.568
-80.568
-253.42
-326.66
-373.54
-435.06
-503.9
-521.48
-543.46
-563.96
-624
-613.74
-590.33
-600.6
-616.68
-625.5
-629.88
-613.74
-619.62
-632.82
-612.3
-593.26
-583.01
-609.36
-606.42
-604.98
-609.36
-616.68
-616.68
-615.24
-528.81
-109.87
33.691
93.75
222.65
314.94
158.2
87.888
177.25
339.85
350.1
490.72
549.32
587.4
591.8
606.42
644.52
654.78
666.48
695.82
704.58
700.2
657.72
688.5
673.8
708.96
717.78
700.2
657.72
672.36
629.88
165.53
7.3242
-58.594
-104
-253.42
-199.22
-112.79
-147.95
-313.48
-421.88
-481.93
-358.88
-423.34
-462.89
-495.12
-471.68
-495.12
-486.33
-533.2
-544.92
-537.6
-544.92
-528.81
-547.85
-508.3
-511.23
-547.85
-517.09
-539.06
-468.75
-111.33
0
16.113
76.17
29.297
0
11.719
102.54
125.98
140.63
150.88
191.89
137.69
155.27
147.95
142.09
175.78
139.16
156.74
143.56
143.56
168.46
146.48
166.99
153.81
156.74
172.85
149.41
143.56
131.84
136.23
224.12
281.25
426.27
493.65
500.98
569.83
621.12
646.02
615.24
648.9
654.78
638.7
665.04
706.08
713.4
713.4
711.9
657.72
673.8
689.94
695.82
685.56
711.9
704.58
695.82
701.64
707.52
728.04
723.66
520.02
502.44
446.78
443.85
437.99
445.31
446.78
418.94
389.65
347.17
268.07
254.88
251.95
260.74
257.81
210.94
237.31
256.35
224.12
228.52
234.38
254.88
218.26
256.35
225.59
218.26
229.98
213.87
191.89
169.92
-48.34
-165.53
-278.32
-454.1
-596.19
-833.52
-622.56
-486.33
-675.3
-892.08
-1026.8
-937.5
-836.4
-927.24
-993.18
-1060.6
-1081.1
-1007.8
-1026.8
-1079.6
-1084
-1079.6
-1075.2
-1107.4
-1092.8
-1078.1
-1107.4
-1091.3
-1111.8
-1097.2
-928.74
-596.19
-416.02
-288.58
-175.78
-92.286
-58.594
-83.496
-84.96
-39.551
-16.113
-19.043
-10.254
-1.4648
5.8594
1.4648
-1.4648
0
0
0
0
0
0
0
0
0
0
0
0
0
35.156
106.93
128.9
215.33
249.02
288.58
317.87
336.91
338.38
329.59
339.85
341.31
367.67
350.1
382.33
388.18
389.65
399.9
389.65
372.07
370.61
391.12
389.65
382.33
379.39
414.55
383.79
380.86
404.3
375
93.75
21.973
-10.254
-5.8594
-10.254
-57.129
-79.104
-90.822
-117.19
-134.77
-121.58
-150.88
-124.51
-124.51
-118.65
-143.56
-112.79
-136.23
-104
-137.69
-108.4
-153.81
-99.612
-139.16
-105.47
-120.12
-117.19
-118.65
-112.79
-101.08
-139.16
-83.496
-43.945
-64.452
-36.621
-38.086
-19.043
-14.648
-20.508
-20.508
-16.113
-23.438
-27.832
-27.832
-16.113
-14.648
-11.719
-8.7888
-8.7888
-14.648
-13.184
-5.8594
-7.3242
-11.719
-5.8594
-4.3945
-5.8594
-7.3242
-7.3242
-5.8594
-98.142
-196.29
-398.44
-561.04
-742.68
-669.42
-665.04
-776.34
-982.92
-1003.4
-1021
-1051.7
-1108.9
-1116.2
-1101.5
-1135.3
-1155.8
-1157.2
-1145.5
-1149.9
-1139.6
-1154.3
-1157.2
-1155.8
-1182.1
-1141.1
-1160.2
-1174.8
-1164.5
-1053.2
-667.98
-433.6
-288.58
-190.43
-147.95
-139.16
-134.77
-93.75
-64.452
-52.735
-30.762
2.9297
7.3242
-1.4648
-5.8594
-2.9297
0
0
0
0
0
0
0
0
0
0
0
0
0
70.314
147.95
307.62
525.88
503.9
416.02
572.75
723.66
834.96
874.5
930.18
963.84
991.68
1028.3
1012.2
1032.7
1043
1081.1
1078.1
1097.2
1088.4
1095.7
1079.6
1062
1091.3
1110.4
1136.7
1101.5
1104.5
1120.6
780.78
527.35
405.76
329.59
336.91
313.48
281.25
259.28
249.02
238.77
263.67
251.95
221.19
164.06
127.44
95.214
99.612
108.4
82.032
71.778
90.822
86.424
58.594
87.888
83.496
65.916
106.93
90.822
54.199
84.96
70.314
127.44
188.96
353.03
404.3
468.75
500.98
517.09
593.26
597.65
609.36
606.42
632.82
628.44
644.52
648.9
667.98
672.36
681.18
676.74
650.4
647.46
670.92
663.6
682.62
675.3
681.18
678.24
638.7
676.74
344.24
51.269
-19.043
-99.612
-83.496
-177.25
-190.43
-82.032
-95.214
-202.15
-298.83
-269.53
-244.63
-291.5
-332.52
-351.56
-316.4
-320.8
-320.8
-336.91
-323.73
-360.35
-332.52
-306.15
-309.08
-353.03
-335.45
-366.21
-339.85
-338.38
-360.35
-398.44
-414.55
-451.17
-427.73
-477.54
-459.96
-490.72
-500.98
-468.75
-515.63
-477.54
-490.72
-499.51
-506.84
-525.88
-515.63
-530.27
-539.06
-492.19
-490.72
-518.56
-508.3
-502.44
-502.44
-498.05
-503.9
-480.47
-483.4
-512.69
-458.5
-392.58
-395.51
-418.94
-430.66
-398.44
-325.19
-251.95
-243.16
-224.12
-199.22
-238.77
-216.8
-231.44
-187.5
-184.57
-174.32
-227.05
-187.5
-203.62
-174.32
-209.47
-164.06
-180.17
-186.04
-194.83
-186.04
-187.5
-200.68
-177.25
-159.67
-247.56
-508.3
-644.52
-672.36
-763.2
-823.26
-824.7
-930.18
-978.54
-1023.9
-1012.2
-1023.9
-1066.4
-1081.1
-1066.4
-1060.6
-1062
-1091.3
-1095.7
-1114.7
-1116.2
-1106
-1114.7
-1101.5
-1126.4
-1130.9
-1130.9
-1107.4
-1122.1
-896.46
-367.67
-139.16
-74.706
-23.438
8.7888
-1.4648
0
5.8594
36.621
52.735
61.524
43.945
80.568
48.34
61.524
76.17
89.358
57.129
87.888
90.822
60.06
83.496
76.17
65.916
73.242
70.314
80.568
77.634
108.4
43.945
-87.888
-140.63
-209.47
-257.81
-278.32
-271
-298.83
-338.38
-392.58
-355.96
-376.46
-358.88
-370.61
-345.7
-366.21
-344.24
-369.14
-373.54
-411.62
-413.09
-358.88
-398.44
-416.02
-375
-375
-373.54
-375
-411.62
-405.76
-291.5
-328.13
-505.37
-643.08
-703.14
-770.52
-834.96
-865.74
-883.32
-899.4
-905.28
-908.22
-940.44
-938.94
-927.24
-933.12
-968.28
-971.22
-971.22
-956.52
-958.02
-996.12
-996.12
-959.46
-934.56
-956.52
-990.24
-974.1
-965.34
-960.96
-962.4
-647.46
-408.69
-253.42
-127.44
-67.38
-89.358
-74.706
-27.832
-2.9297
-2.9297
0
1.4648
2.9297
0
0
0
0
0
0
0
0
0
0
0
0
0
0
0
0
2.9297
61.524
101.08
137.69
231.44
288.58
287.11
300.29
342.77
353.03
338.38
379.39
370.61
366.21
379.39
386.72
389.65
379.39
410.15
394.04
376.46
360.35
361.82
355.96
369.14
380.86
395.51
373.54
363.28
392.58
348.63
399.9
481.93
514.16
587.4
596.19
609.36
643.08
631.32
663.6
657.72
669.42
689.94
698.76
703.14
676.74
679.68
692.88
714.84
707.52
682.62
723.66
684.06
691.38
685.56
714.84
730.98
708.96
697.26
726.54
577.15
218.26
99.612
64.452
39.551
-24.902
-67.38
-10.254
-1.4648
-14.648
-29.297
-39.551
-45.41
-26.367
-61.524
-70.314
-41.015
-54.199
-42.481
-49.805
-41.015
-27.832
-29.297
-49.805
-45.41
-49.805
-46.875
-29.297
-27.832
-27.832
-10.254
212.4
268.07
380.86
632.82
852.54
646.02
624
738.3
914.04
965.34
871.56
934.56
1051.7
1089.8
1066.4
1091.3
1114.7
1154.3
1147
1155.8
1177.7
1177.7
1147
1126.4
1164.5
1196.8
1204.1
1205.6
1186.5
1076.6
536.13
197.75
77.634
48.34
11.719
-24.902
0
2.9297
0
-1.4648
-17.578
-20.508
-20.508
-71.778
-42.481
-45.41
-77.634
-76.17
-58.594
-48.34
-80.568
-76.17
-39.551
-38.086
-61.524
-48.34
-82.032
-43.945
-65.916
-48.34
-98.142
-165.53
-199.22
-260.74
-317.87
-317.87
-335.45
-395.51
-375
-399.9
-376.46
-355.96
-396.97
-410.15
-398.44
-398.44
-407.23
-385.25
-386.72
-383.79
-363.28
-389.65
-401.37
-392.58
-402.83
-401.37
-396.97
-410.15
-423.34
-402.83
-407.23
-429.2
-420.41
-391.12
-351.56
-250.49
-241.7
-222.65
-235.84
-213.87
-175.78
-171.38
-209.47
-205.08
-193.36
-187.5
-202.15
-181.64
-183.11
-187.5
-199.22
-174.32
-206.54
-216.8
-209.47
-181.64
-218.26
-209.47
-210.94
-199.22
-235.84
-222.65
-184.57
-177.25
-112.79
-120.12
-83.496
-90.822
-90.822
-57.129
-73.242
-90.822
-79.104
-67.38
-77.634
-93.75
-67.38
-92.286
-86.424
-55.664
-92.286
-117.19
-60.06
-84.96
-99.612
-67.38
-95.214
-92.286
-57.129
-80.568
-54.199
-32.227
-13.184
-1.4648
-7.3242
0
0
0
0
0
0
0
0
0
0
0
0
0
0
0
0
0
0
0
0
0
0
0
0
-5.8594
-112.79
-231.44
-375
-443.85
-606.42
-842.28
-783.72
-673.8
-719.22
-899.4
-1010.8
-1000.5
-971.22
-997.56
-1060.6
-1098.7
-1089.8
-1063.5
-1060.6
-1082.5
-1091.3
-1098.7
-1097.2
-1120.6
-1138.2
-1129.4
-1086.9
-1129.4
-1132.3
-1092.8
-843.78
-752.94
-708.96
-695.82
-662.1
-626.94
-628.44
-650.4
-651.84
-634.26
-594.73
-500.98
-437.99
-429.2
-424.81
-437.99
-421.88
-429.2
-413.09
-411.62
-427.73
-395.51
-385.25
-386.72
-375
-389.65
-389.65
-377.93
-386.72
-354.49
-166.99
-221.19
-136.23
-168.46
-137.69
-134.77
-98.142
-51.269
-48.34
-43.945
-16.113
-16.113
-5.8594
-4.3945
-13.184
-21.973
-1.4648
0
0
0
0
0
0
0
0
0
0
0
0
0
11.719
41.015
29.297
19.043
20.508
24.902
29.297
20.508
19.043
16.113
14.648
24.902
45.41
27.832
23.438
39.551
21.973
21.973
17.578
16.113
16.113
20.508
33.691
24.902
16.113
32.227
43.945
19.043
20.508
21.973
82.032
112.79
174.32
235.84
278.32
281.25
298.83
332.52
358.88
357.42
348.63
323.73
353.03
370.61
377.93
389.65
408.69
380.86
355.96
372.07
358.88
353.03
335.45
375
396.97
402.83
376.46
414.55
391.12
342.77
310.55
459.96
547.85
688.5
771.96
836.4
843.78
849.6
903.78
912.6
936.06
958.02
946.26
959.46
979.98
969.72
938.94
971.22
994.62
994.62
1001.9
996.12
981.42
994.62
993.18
987.3
974.1
987.3
1000.5
979.98
701.64
584.47
525.88
505.37
473.14
443.85
427.73
405.76
404.3
376.46
357.42
344.24
312.01
263.67
251.95
247.56
219.73
234.38
218.26
237.31
247.56
197.75
194.83
187.5
216.8
209.47
213.87
199.22
219.73
199.22
117.19
39.551
11.719
4.3945
-5.8594
-11.719
-13.184
-20.508
-17.578
-1.4648
-4.3945
-8.7888
-5.8594
-1.4648
-2.9297
-4.3945
-2.9297
-1.4648
0
-1.4648
0
0
0
0
0
0
-1.4648
0
0
0
60.06
187.5
291.5
556.64
647.46
525.88
492.19
637.2
711.9
752.94
793.92
829.08
823.26
827.64
858.42
911.16
922.86
874.5
914.04
922.86
921.36
931.62
946.26
938.94
919.92
947.76
902.34
916.98
938.94
552.25
335.45
249.02
224.12
206.54
209.47
146.48
168.46
130.37
137.69
104
102.54
93.75
45.41
19.043
2.9297
1.4648
0
0
1.4648
1.4648
0
0
0
0
0
0
0
0
0
-21.973
-133.3
-153.81
-240.23
-272.46
-298.83
-323.73
-370.61
-354.49
-401.37
-424.81
-410.15
-439.45
-426.27
-436.52
-432.13
-394.04
-389.65
-426.27
-445.31
-465.82
-437.99
-454.1
-427.73
-430.66
-402.83
-410.15
-443.85
-423.34
-455.57
-108.4
17.578
43.945
149.41
215.33
76.17
121.58
275.39
342.77
316.4
388.18
445.31
432.13
442.38
432.13
496.58
490.72
449.71
461.42
467.29
522.95
476.08
505.37
483.4
490.72
505.37
498.05
508.3
484.87
490.72
496.58
500.98
502.44
458.5
471.68
429.2
470.21
445.31
481.93
458.5
492.19
487.79
493.65
452.63
476.08
451.17
502.44
477.54
486.33
480.47
455.57
442.38
437.99
399.9
442.38
449.71
486.33
457.03
477.54
484.87
331.06
259.28
235.84
209.47
184.57
202.15
181.64
206.54
181.64
128.9
73.242
42.481
41.015
70.314
54.199
42.481
46.875
29.297
27.832
29.297
54.199
30.762
49.805
33.691
23.438
24.902
26.367
48.34
41.015
60.06
55.664
98.142
108.4
101.08
161.13
143.56
146.48
168.46
127.44
171.38
143.56
153.81
187.5
158.2
168.46
200.68
166.99
162.6
191.89
158.2
161.13
194.83
171.38
184.57
193.36
183.11
159.67
191.89
181.64
169.92
183.11
177.25
147.95
168.46
139.16
155.27
111.33
153.81
106.93
131.84
117.19
125.98
120.12
140.63
117.19
118.65
118.65
124.51
114.26
77.634
120.12
93.75
112.79
114.26
98.142
120.12
82.032
121.58
106.93
115.72
36.621
-41.015
-117.19
-188.96
-265.13
-317.87
-345.7
-401.37
-449.71
-498.05
-496.58
-500.98
-483.4
-499.51
-544.92
-518.56
-543.46
-514.16
-536.13
-508.3
-524.41
-531.74
-518.56
-533.2
-534.67
-509.77
-508.3
-525.88
-524.41
-528.81
-540.53
-583.01
-604.98
-603.54
-609.36
-624
-663.6
-663.6
-665.04
-669.42
-675.3
-651.84
-672.36
-670.92
-698.76
-673.8
-676.74
-657.72
-672.36
-684.06
-684.06
-650.4
-657.72
-648.9
-656.28
-650.4
-672.36
-687
-688.5
-673.8
-372.07
-21.973
84.96
188.96
380.86
410.15
194.83
221.19
408.69
600.6
675.3
610.86
506.84
547.85
626.94
648.9
629.88
600.6
641.58
700.2
745.62
747.06
698.76
730.98
738.3
764.64
763.2
766.14
760.26
741.24
713.4
736.8
761.7
750
744.12
695.82
723.66
717.78
720.72
725.1
739.74
663.6
666.48
688.5
707.52
713.4
701.64
707.52
691.38
697.26
726.54
730.98
726.54
700.2
669.42
707.52
708.96
684.06
713.4
707.52
728.04
717.78
707.52
725.1
711.9
710.46
679.68
665.04
653.34
691.38
723.66
706.08
689.94
685.56
692.88
684.06
719.22
750
719.22
662.1
659.16
701.64
670.92
634.26
679.68
682.62
711.9
684.06
679.68
713.4
546.38
143.56
-2.9297
-17.578
-62.988
-108.4
-52.735
-38.086
-127.44
-199.22
-168.46
-158.2
-206.54
-225.59
-215.33
-202.15
-194.83
-241.7
-237.31
-202.15
-210.94
-209.47
-234.38
-246.1
-227.05
-208.01
-240.23
-231.44
-241.7
-244.63
-150.88
-254.88
-416.02
-537.6
-697.26
-861.3
-982.92
-924.3
-960.96
-1038.6
-1053.2
-1078.1
-1076.6
-1106
-1148.5
-1110.4
-1106
-1126.4
-1151.3
-1145.5
-1157.2
-1164.5
-1196.8
-1214.3
-1139.6
-1182.1
-1180.7
-1183.6
-1183.6
-1202.6
-1043
-553.71
-310.55
-208.01
-159.67
-171.38
-191.89
-147.95
-152.35
-101.08
-98.142
-87.888
-68.85
-71.778
-95.214
-74.706
-49.805
-2.9297
0
0
0
0
0
0
0
0
0
0
0
0
-16.113
-65.916
-205.08
-276.86
-388.18
-360.35
-495.12
-583.01
-607.92
-648.9
-695.82
-735.36
-729.48
-729.48
-726.54
-725.1
-730.98
-723.66
-761.7
-776.34
-741.24
-741.24
-764.64
-763.2
-757.32
-758.76
-755.88
-757.32
-761.7
-764.64
-584.47
-117.19
-2.9297
32.227
158.2
303.22
284.18
74.706
105.47
231.44
380.86
405.76
364.75
382.33
408.69
480.47
398.44
418.94
458.5
530.27
479
477.54
489.26
517.09
503.9
477.54
487.79
483.4
484.87
498.05
436.52
521.48
585.94
632.82
738.3
777.84
774.9
783.72
814.44
836.4
791.04
855.48
906.72
911.16
902.34
871.56
914.04
919.92
905.28
853.98
846.66
877.44
915.54
903.78
908.22
924.3
899.4
899.4
914.04
865.74
745.62
145.02
-158.2
-269.53
-391.12
-429.2
-754.38
-955.08
-1000.5
-585.94
-380.86
-531.74
-829.08
-997.56
-1064.9
-1110.4
-1107.4
-899.4
-662.1
-792.48
-997.56
-1081.1
-1133.8
-1161.6
-1108.9
-1015.1
-1000.5
-1051.7
-1125
-1154.3
-1149.9
-818.82
-527.35
-303.22
-155.27
-118.65
-145.02
-106.93
-46.875
-19.043
-17.578
-10.254
-2.9297
0
0
-7.3242
-4.3945
-1.4648
8.7888
16.113
0
-2.9297
0
0
0
0
0
0
0
0
-4.3945
-46.875
-102.54
-114.26
-87.888
-161.13
-125.98
-150.88
-139.16
-158.2
-180.17
-175.78
-155.27
-153.81
-137.69
-193.36
-147.95
-142.09
-149.41
-134.77
-183.11
-143.56
-165.53
-145.02
-136.23
-180.17
-142.09
-161.13
-150.88
-149.41
-152.35
2.9297
17.578
27.832
51.269
105.47
120.12
143.56
155.27
197.75
143.56
128.9
136.23
145.02
161.13
146.48
171.38
156.74
145.02
153.81
140.63
178.71
171.38
150.88
190.43
137.69
158.2
162.6
149.41
183.11
134.77
-35.156
-106.93
-194.83
-256.35
-411.62
-520.02
-388.18
-417.48
-521.48
-574.22
-574.22
-615.24
-604.98
-606.42
-590.33
-619.62
-632.82
-631.32
-634.26
-644.52
-662.1
-646.02
-638.7
-640.14
-651.84
-634.26
-638.7
-629.88
-632.82
-612.3
-593.26
-742.68
-786.6
-807.12
-832.02
-849.6
-859.86
-878.88
-865.74
-884.76
-922.86
-902.34
-900.9
-914.04
-902.34
-905.28
-931.62
-936.06
-921.36
-922.86
-936.06
-928.74
-911.16
-900.9
-919.92
-944.82
-918.48
-912.6
-918.48
-892.08
-492.19
-309.08
-187.5
-180.17
-145.02
-159.67
-184.57
-117.19
-115.72
-98.142
-99.612
-46.875
-4.3945
-1.4648
-1.4648
0
0
0
0
0
0
0
0
0
0
0
0
0
0
0
-20.508
-64.452
-92.286
-99.612
-120.12
-118.65
-142.09
-137.69
-181.64
-137.69
-146.48
-149.41
-165.53
-193.36
-149.41
-142.09
-149.41
-130.37
-169.92
-142.09
-168.46
-146.48
-145.02
-180.17
-152.35
-152.35
-140.63
-146.48
-168.46
-106.93
-130.37
-266.6
-416.02
-484.87
-549.32
-612.3
-632.82
-670.92
-687
-761.7
-732.42
-742.68
-741.24
-736.8
-764.64
-785.16
-773.46
-733.86
-764.64
-788.1
-780.78
-785.16
-761.7
-764.64
-782.22
-771.96
-785.16
-774.9
-770.52
-777.84
-260.74
16.113
68.85
291.5
364.75
153.81
124.51
379.39
566.89
638.7
423.34
405.76
530.27
563.96
625.5
694.32
685.56
637.2
629.88
678.24
729.48
667.98
606.42
667.98
704.58
723.66
689.94
714.84
750
742.68
278.32
26.367
-43.945
-102.54
-62.988
-99.612
-243.16
-347.17
-279.79
-128.9
-202.15
-310.55
-379.39
-347.17
-341.31
-380.86
-402.83
-420.41
-410.15
-399.9
-433.6
-404.3
-389.65
-404.3
-404.3
-437.99
-423.34
-413.09
-440.92
-407.23
-202.15
-231.44
-155.27
-175.78
-175.78
-172.85
-150.88
-87.888
-64.452
-39.551
-73.242
-55.664
-30.762
-35.156
-52.735
-23.438
-39.551
-33.691
-16.113
-16.113
-19.043
-17.578
-14.648
-29.297
-41.015
-24.902
-42.481
-27.832
-19.043
36.621
104
136.23
130.37
178.71
210.94
205.08
215.33
219.73
228.52
237.31
260.74
276.86
279.79
263.67
263.67
234.38
231.44
221.19
238.77
266.6
263.67
254.88
250.49
254.88
225.59
228.52
244.63
240.23
244.63
52.735
-43.945
-112.79
-186.04
-298.83
-323.73
-279.79
-335.45
-430.66
-489.26
-540.53
-575.68
-572.75
-585.94
-578.62
-590.33
-588.87
-619.62
-634.26
-581.54
-613.74
-613.74
-581.54
-599.12
-612.3
-629.88
-632.82
-607.92
-581.54
-634.26
-377.93
-224.12
-196.29
-202.15
-188.96
-162.6
-175.78
-158.2
-136.23
-76.17
-48.34
-49.805
-49.805
-17.578
-19.043
-19.043
-14.648
-11.719
-20.508
-21.973
-14.648
-5.8594
-8.7888
-8.7888
-8.7888
-16.113
-21.973
-23.438
-8.7888
-10.254
84.96
203.62
199.22
391.12
651.84
805.68
637.2
572.75
770.52
849.6
899.4
834.96
877.44
950.7
934.56
922.86
936.06
974.1
1015.1
1018.1
1019.5
1000.5
1010.8
996.12
997.56
969.72
978.54
1016.6
1032.7
1044.4
1050.3
1041.5
1023.9
997.56
974.1
1000.5
1006.3
1021
1035.7
1000.5
1022.5
1025.4
1000.5
988.74
969.72
1001.9
1045.9
1054.7
1037.1
1032.7
1026.8
1023.9
981.42
982.92
1019.5
1019.5
1009.3
987.3
988.74
1023.9
684.06
250.49
61.524
-43.945
-58.594
0
-4.3945
-67.38
-131.84
-93.75
-26.367
-29.297
-96.678
-146.48
-143.56
-164.06
-127.44
-156.74
-146.48
-165.53
-193.36
-149.41
-145.02
-149.41
-140.63
-178.71
-146.48
-142.09
-139.16
-137.69
-98.142
-203.62
-234.38
-298.83
-345.7
-404.3
-424.81
-404.3
-442.38
-399.9
-424.81
-411.62
-445.31
-452.63
-435.06
-429.2
-451.17
-449.71
-445.31
-461.42
-435.06
-464.36
-449.71
-468.75
-432.13
-464.36
-432.13
-455.57
-430.66
-451.17
-464.36
-455.57
-449.71
-433.6
-429.2
-402.83
-429.2
-391.12
-408.69
-432.13
-411.62
-427.73
-427.73
-430.66
-424.81
-394.04
-435.06
-407.23
-410.15
-418.94
-402.83
-430.66
-417.48
-427.73
-418.94
-395.51
-414.55
-413.09
-435.06
-437.99
-172.85
49.805
140.63
370.61
588.87
442.38
320.8
464.36
678.24
701.64
517.09
644.52
738.3
820.32
815.94
725.1
763.2
829.08
886.26
827.64
826.2
821.76
855.48
836.4
865.74
909.66
911.16
908.22
900.9
895.02
955.08
956.52
829.08
785.16
830.58
818.82
843.78
826.2
840.84
824.7
782.22
786.6
789.54
757.32
773.46
791.04
770.52
804.18
811.5
810.06
782.22
780.78
796.86
798.36
763.2
719.22
739.74
770.52
792.48
808.62
568.36
140.63
-1.4648
-42.481
-62.988
-139.16
-209.47
-87.888
-57.129
-172.85
-276.86
-276.86
-250.49
-304.69
-331.06
-364.75
-344.24
-314.94
-303.22
-345.7
-326.66
-341.31
-319.34
-335.45
-355.96
-357.42
-355.96
-328.13
-306.15
-322.27
-191.89
67.38
105.47
298.83
479
350.1
281.25
394.04
457.03
518.56
647.46
684.06
703.14
763.2
780.78
785.16
810.06
801.24
818.82
814.44
834.96
783.72
780.78
840.84
845.22
856.92
845.22
874.5
848.16
849.6
830.58
862.8
883.32
918.48
958.02
987.3
974.1
977.04
1013.7
1026.8
1010.8
1000.5
988.74
1019.5
1051.7
1034.2
1043
1067.9
1043
1040
996.12
1003.4
1056.2
1045.9
1059.1
1051.7
1054.7
1051.7
1031.3
1004.9
1034.2
1050.3
1053.2
1041.5
1022.5
1023.9
1004.9
966.78
915.54
811.5
832.02
832.02
868.68
826.2
823.26
843.78
858.42
839.34
814.44
763.2
761.7
814.44
808.62
811.5
824.7
813
840.84
824.7
826.2
798.36
568.36
112.79
-32.227
-68.85
-128.9
-350.1
-391.12
-178.71
-112.79
-235.84
-473.14
-607.92
-665.04
-574.22
-437.99
-490.72
-599.12
-651.84
-637.2
-556.64
-569.83
-625.5
-669.42
-666.48
-643.08
-654.78
-653.34
-653.34
-675.3
-665.04
-495.12
-33.691
61.524
159.67
401.37
382.33
232.91
259.28
552.25
692.88
610.86
449.71
572.75
707.52
786.6
815.94
804.18
758.76
774.9
842.28
865.74
789.54
782.22
864.24
880.38
855.48
836.4
833.52
829.08
876
703.14
150.88
-73.242
-275.39
-520.02
-382.33
-344.24
-600.6
-767.58
-632.82
-345.7
-309.08
-541.99
-782.22
-853.98
-921.36
-770.52
-566.89
-665.04
-804.18
-883.32
-930.18
-855.48
-808.62
-846.66
-883.32
-902.34
-903.78
-892.08
-884.76
-826.2
-609.36
-503.9
-505.37
-483.4
-457.03
-476.08
-473.14
-479
-468.75
-437.99
-331.06
-282.71
-271
-273.92
-266.6
-263.67
-256.35
-253.42
-232.91
-232.91
-222.65
-227.05
-250.49
-240.23
-209.47
-228.52
-235.84
-228.52
-224.12
-171.38
-209.47
-136.23
-150.88
-112.79
-127.44
-61.524
-52.735
-30.762
-36.621
-42.481
-26.367
-26.367
-13.184
-10.254
-10.254
-10.254
-10.254
-5.8594
-2.9297
0
0
0
0
0
0
0
0
0
0
0
0
0
0
0
0
0
0
0
0
0
0
0
0
0
0
0
0
0
0
0
0
0
0
0
0
0
0
0
0
11.719
175.78
222.65
367.67
640.14
874.5
845.22
533.2
681.18
908.22
953.64
870.12
963.84
1022.5
1057.6
1034.2
1032.7
1104.5
1114.7
1116.2
1116.2
1142.6
1158.7
1129.4
1106
1145.5
1147
1161.6
1157.2
1149.9
1073.8
423.34
51.269
-87.888
-159.67
-341.31
-539.06
-391.12
-301.76
-451.17
-678.24
-760.26
-462.89
-243.16
-357.42
-565.43
-750
-792.48
-780.78
-656.28
-676.74
-726.54
-811.5
-852.54
-813
-754.38
-788.1
-824.7
-829.08
-815.94
-792.48
-613.74
-610.86
-530.27
-524.41
-534.67
-524.41
-534.67
-539.06
-515.63
-495.12
-416.02
-339.85
-323.73
-312.01
-307.62
-281.25
-281.25
-291.5
-288.58
-284.18
-294.43
-291.5
-303.22
-297.37
-287.11
-281.25
-295.9
-292.97
-297.37
-260.74
-67.38
-26.367
-7.3242
2.9297
0
8.7888
20.508
62.988
49.805
55.664
23.438
21.973
23.438
33.691
54.199
27.832
60.06
33.691
33.691
35.156
49.805
30.762
46.875
39.551
27.832
32.227
49.805
51.269
43.945
45.41
-4.3945
-39.551
-43.945
-21.973
-20.508
-16.113
-10.254
-1.4648
-2.9297
-11.719
-8.7888
-5.8594
-4.3945
-5.8594
-5.8594
-4.3945
-2.9297
0
0
-2.9297
-1.4648
-4.3945
-1.4648
-4.3945
-2.9297
-4.3945
-4.3945
-2.9297
-1.4648
1.4648
142.09
235.84
396.97
691.38
824.7
553.71
559.57
771.96
834.96
890.64
960.96
988.74
984.36
1003.4
1023.9
1051.7
1067.9
1057.6
1106
1116.2
1119.1
1111.8
1129.4
1132.3
1106
1123.6
1114.7
1138.2
1158.7
1113.3
802.74
692.88
638.7
607.92
574.22
524.41
563.96
515.63
521.48
543.46
536.13
503.9
429.2
389.65
360.35
344.24
357.42
326.66
313.48
319.34
314.94
310.55
292.97
269.53
271
276.86
287.11
300.29
297.37
288.58
23.438
-17.578
-120.12
-197.75
-237.31
-282.71
-322.27
-304.69
-388.18
-457.03
-490.72
-487.79
-496.58
-506.84
-537.6
-541.99
-520.02
-487.79
-528.81
-515.63
-555.17
-566.89
-517.09
-511.23
-514.16
-514.16
-531.74
-540.53
-524.41
-527.35
-496.58
-581.54
-556.64
-602.04
-588.87
-613.74
-578.62
-597.65
-615.24
-597.65
-590.33
-600.6
-625.5
-609.36
-606.42
-590.33
-618.18
-604.98
-610.86
-604.98
-622.56
-624
-622.56
-602.04
-602.04
-619.62
-621.12
-637.2
-606.42
-593.26
-691.38
-659.16
-628.44
-599.12
-537.6
-480.47
-480.47
-479
-439.45
-448.24
-437.99
-455.57
-446.78
-459.96
-452.63
-446.78
-458.5
-451.17
-446.78
-426.27
-448.24
-461.42
-445.31
-440.92
-411.62
-430.66
-408.69
-448.24
-436.52
-80.568
76.17
156.74
331.06
476.08
342.77
257.81
481.93
558.11
517.09
644.52
730.98
771.96
785.16
817.38
848.16
849.6
862.8
868.68
890.64
896.46
934.56
928.74
933.12
938.94
918.48
918.48
908.22
884.76
919.92
433.6
54.199
-67.38
-134.77
-180.17
-215.33
-401.37
-464.36
-200.68
-137.69
-225.59
-506.84
-621.12
-684.06
-604.98
-454.1
-496.58
-612.3
-666.48
-711.9
-624
-612.3
-634.26
-670.92
-691.38
-678.24
-682.62
-679.68
-704.58
-688.5
-566.89
-695.82
-823.26
-909.66
-940.44
-969.72
-1004.9
-1041.5
-1051.7
-1086.9
-1094.2
-1130.9
-1142.6
-1123.6
-1129.4
-1117.7
-1139.6
-1154.3
-1130.9
-1145.5
-1144
-1145.5
-1155.8
-1138.2
-1142.6
-1133.8
-1152.8
-1163.1
-1139.6
-1141.1
-1018.1
-651.84
-426.27
-282.71
-183.11
-109.87
-114.26
-123.05
-99.612
-55.664
-26.367
-14.648
-19.043
-14.648
-2.9297
4.3945
0
-2.9297
0
1.4648
0
0
0
0
0
0
0
0
0
0
48.34
95.214
168.46
268.07
291.5
375
474.61
524.41
575.68
599.12
646.02
631.32
628.44
650.4
684.06
681.18
695.82
692.88
679.68
700.2
646.02
704.58
691.38
692.88
700.2
711.9
738.3
722.16
687
697.26
663.6
420.41
269.53
188.96
156.74
102.54
71.778
49.805
20.508
0
0
0
0
0
0
0
0
0
0
0
0
0
0
0
0
0
0
0
0
0
-16.113
-33.691
-21.973
-23.438
-29.297
-57.129
-39.551
-61.524
-48.34
-38.086
-46.875
-49.805
-41.015
-46.875
-27.832
-29.297
-36.621
-60.06
-45.41
-71.778
-43.945
-35.156
-57.129
-39.551
-60.06
-36.621
-35.156
-33.691
-60.06
0
-36.621
-99.612
-186.04
-339.85
-521.48
-514.16
-569.83
-673.8
-732.42
-744.12
-748.56
-695.82
-758.76
-799.8
-840.84
-839.34
-786.6
-839.34
-843.78
-842.28
-817.38
-820.32
-792.48
-830.58
-824.7
-848.16
-810.06
-837.9
-826.2
-867.18
-757.32
-707.52
-675.3
-650.4
-662.1
-681.18
-666.48
-634.26
-602.04
-521.48
-476.08
-468.75
-461.42
-461.42
-451.17
-436.52
-429.2
-424.81
-426.27
-370.61
-404.3
-424.81
-418.94
-429.2
-396.97
-423.34
-439.45
-383.79
-399.9
-407.23
-316.4
-464.36
-534.67
-643.08
-730.98
-716.28
-754.38
-782.22
-823.26
-823.26
-792.48
-830.58
-840.84
-865.74
-851.1
-848.16
-833.52
-829.08
-852.54
-864.24
-883.32
-855.48
-859.86
-892.08
-881.82
-858.42
-840.84
-849.6
-874.5
-861.3
-452.63
1.4648
123.05
250.49
391.12
495.12
290.04
300.29
430.66
615.24
427.73
323.73
566.89
786.6
728.04
710.46
856.92
927.24
900.9
915.54
931.62
994.62
1026.8
1009.3
1016.6
1056.2
1013.7
994.62
999
979.98
646.02
95.214
-82.032
-175.78
-260.74
-458.5
-656.28
-593.26
-363.28
-396.97
-700.2
-826.2
-881.82
-496.58
-379.39
-603.54
-799.8
-887.7
-906.72
-745.62
-750
-837.9
-884.76
-933.12
-886.26
-861.3
-908.22
-928.74
-912.6
-927.24
-577.15
-109.87
17.578
55.664
224.12
369.14
177.25
71.778
68.85
256.35
470.21
487.79
503.9
439.45
417.48
477.54
524.41
568.36
553.71
484.87
506.84
575.68
543.46
521.48
541.99
604.98
621.12
558.11
588.87
588.87
505.37
604.98
685.56
783.72
867.18
852.54
908.22
956.52
956.52
1016.6
1051.7
1070.8
1064.9
1069.3
1084
1067.9
1032.7
1059.1
1095.7
1113.3
1119.1
1084
1100.1
1101.5
1073.8
1053.2
1069.3
1113.3
1123.6
1103
952.14
717.78
669.42
637.2
590.33
574.22
525.88
520.02
537.6
533.2
499.51
487.79
484.87
437.99
336.91
320.8
325.19
322.27
317.87
329.59
341.31
341.31
278.32
268.07
285.64
273.92
285.64
298.83
307.62
291.5
150.88
11.719
-52.735
-13.184
-45.41
-87.888
-131.84
-183.11
-218.26
-183.11
-205.08
-188.96
-219.73
-222.65
-197.75
-228.52
-208.01
-244.63
-228.52
-209.47
-222.65
-231.44
-190.43
-216.8
-210.94
-187.5
-187.5
-218.26
-218.26
-193.36
-98.142
29.297
0
32.227
101.08
125.98
184.57
284.18
345.7
345.7
350.1
363.28
404.3
399.9
385.25
401.37
407.23
386.72
418.94
407.23
401.37
407.23
414.55
423.34
396.97
385.25
416.02
407.23
366.21
429.2
312.01
389.65
498.05
641.58
795.42
807.12
859.86
897.96
931.62
912.6
949.2
977.04
987.3
988.74
977.04
1015.1
1051.7
1060.6
1070.8
1037.1
1029.8
1056.2
1035.7
1016.6
1023.9
1032.7
1048.8
1045.9
1038.6
1056.2
821.76
250.49
27.832
-68.85
-136.23
-208.01
-297.37
-168.46
-131.84
-238.77
-369.14
-373.54
-237.31
-208.01
-313.48
-391.12
-405.76
-328.13
-347.17
-392.58
-421.88
-414.55
-423.34
-417.48
-413.09
-417.48
-398.44
-433.6
-416.02
-411.62
-322.27
-375
-517.09
-590.33
-669.42
-777.84
-815.94
-873.06
-890.64
-915.54
-944.82
-969.72
-946.26
-914.04
-927.24
-949.2
-971.22
-971.22
-946.26
-968.28
-1000.5
-984.36
-955.08
-965.34
-982.92
-1022.5
-1003.4
-977.04
-984.36
-1001.9
-900.9
-732.42
-676.74
-638.7
-629.88
-613.74
-626.94
-615.24
-580.08
-518.56
-433.6
-429.2
-445.31
-399.9
-405.76
-416.02
-389.65
-386.72
-375
-351.56
-363.28
-375
-375
-351.56
-357.42
-377.93
-396.97
-350.1
-385.25
-383.79
-350.1
-341.31
-319.34
-333.98
-328.13
-303.22
-259.28
-224.12
-202.15
-169.92
-168.46
-150.88
-137.69
-153.81
-106.93
-153.81
-106.93
-156.74
-99.612
-153.81
-109.87
-147.95
-106.93
-147.95
-104
-146.48
-104
-147.95
-112.79
-165.53
-68.85
-147.95
-251.95
-399.9
-490.72
-547.85
-640.14
-688.5
-678.24
-703.14
-747.06
-728.04
-720.72
-745.62
-777.84
-767.58
-758.76
-761.7
-792.48
-795.42
-799.8
-764.64
-770.52
-774.9
-783.72
-763.2
-769.02
-744.12
-771.96
-814.44
-662.1
-169.92
-43.945
8.7888
83.496
23.438
0
4.3945
62.988
139.16
95.214
162.6
125.98
153.81
120.12
149.41
146.48
131.84
136.23
133.3
130.37
123.05
124.51
124.51
133.3
131.84
134.77
128.9
152.35
143.56
114.26
7.3242
-42.481
-48.34
-80.568
-92.286
-74.706
-118.65
-90.822
-105.47
-112.79
-87.888
-118.65
-89.358
-114.26
-123.05
-120.12
-140.63
-120.12
-131.84
-118.65
-134.77
-111.33
-143.56
-112.79
-136.23
-108.4
-152.35
-109.87
-145.02
-57.129
74.706
120.12
246.1
464.36
618.18
484.87
357.42
536.13
666.48
681.18
646.02
641.58
695.82
714.84
726.54
745.62
771.96
733.86
739.74
774.9
783.72
804.18
798.36
776.34
810.06
771.96
780.78
804.18
769.02
735.36
821.76
837.9
877.44
897.96
878.88
878.88
921.36
921.36
931.62
937.5
915.54
906.72
977.04
985.86
949.2
944.82
952.14
963.84
981.42
922.86
947.76
953.64
966.78
963.84
956.52
925.8
943.38
979.98
960.96
960.96
966.78
963.84
959.46
949.2
905.28
874.5
843.78
848.16
813
752.94
728.04
744.12
754.38
769.02
717.78
704.58
725.1
735.36
735.36
723.66
700.2
689.94
726.54
726.54
736.8
728.04
747.06
725.1
725.1
704.58
635.76
609.36
618.18
622.56
610.86
588.87
575.68
506.84
455.57
429.2
465.82
426.27
399.9
418.94
385.25
363.28
407.23
392.58
389.65
411.62
413.09
389.65
348.63
380.86
350.1
369.14
358.88
408.69
396.97
304.69
366.21
479
597.65
689.94
723.66
752.94
849.6
896.46
902.34
941.88
979.98
990.24
1007.8
1025.4
1003.4
1031.3
1022.5
1010.8
1032.7
1037.1
1053.2
1031.3
1025.4
1040
1040
1038.6
1018.1
1010.8
1050.3
968.28
487.79
134.77
19.043
-32.227
-30.762
1.4648
-1.4648
-1.4648
0
-17.578
-83.496
-109.87
-145.02
-136.23
-136.23
-125.98
-156.74
-134.77
-136.23
-145.02
-121.58
-143.56
-112.79
-149.41
-108.4
-165.53
-111.33
-159.67
-125.98
-168.46
-169.92
-134.77
-86.424
-68.85
-67.38
-104
-51.269
-67.38
-49.805
-79.104
-48.34
-61.524
-57.129
-74.706
-46.875
-49.805
-82.032
-86.424
-54.199
-41.015
-73.242
-82.032
-73.242
-61.524
-65.916
-79.104
-45.41
-57.129
-71.778
-92.286
-17.578
16.113
29.297
23.438
13.184
10.254
4.3945
1.4648
4.3945
5.8594
10.254
17.578
13.184
10.254
7.3242
5.8594
2.9297
2.9297
2.9297
2.9297
4.3945
2.9297
2.9297
5.8594
5.8594
5.8594
7.3242
7.3242
2.9297
1.4648
4.3945
2.9297
5.8594
7.3242
21.973
35.156
21.973
17.578
10.254
11.719
16.113
35.156
41.015
23.438
7.3242
13.184
29.297
26.367
21.973
14.648
5.8594
5.8594
8.7888
19.043
23.438
32.227
33.691
20.508
21.973
29.297
-51.269
-121.58
-200.68
-205.08
-262.21
-317.87
-329.59
-364.75
-342.77
-344.24
-345.7
-372.07
-389.65
-367.67
-388.18
-388.18
-364.75
-399.9
-398.44
-367.67
-411.62
-405.76
-386.72
-388.18
-394.04
-391.12
-411.62
-429.2
-388.18
-329.59
-325.19
-468.75
-603.54
-654.78
-692.88
-726.54
-739.74
-739.74
-770.52
-780.78
-773.46
-776.34
-755.88
-786.6
-792.48
-818.82
-810.06
-845.22
-805.68
-802.74
-815.94
-834.96
-804.18
-791.04
-791.04
-818.82
-815.94
-830.58
-824.7
-776.34
-336.91
-166.99
-114.26
-127.44
-74.706
-43.945
-71.778
-23.438
-1.4648
4.3945
1.4648
5.8594
11.719
7.3242
0
0
0
0
0
0
0
0
0
0
0
0
0
0
0
0
-36.621
-128.9
-134.77
-168.46
-218.26
-219.73
-208.01
-246.1
-275.39
-251.95
-246.1
-234.38
-251.95
-244.63
-257.81
-265.13
-256.35
-254.88
-272.46
-276.86
-284.18
-266.6
-250.49
-249.02
-235.84
-240.23
-268.07
-282.71
-288.58
-253.42
-19.043
67.38
67.38
187.5
202.15
145.02
257.81
388.18
479
462.89
530.27
536.13
556.64
574.22
583.01
610.86
580.08
596.19
624
626.94
594.73
578.62
587.4
624
596.19
612.3
622.56
618.18
606.42
604.98
227.05
152.35
84.96
64.452
42.481
35.156
24.902
-4.3945
-14.648
-11.719
-14.648
-10.254
0
0
0
0
0
0
0
0
0
0
0
0
0
0
0
0
0
0
-46.875
-105.47
-218.26
-225.59
-285.64
-376.46
-417.48
-392.58
-461.42
-457.03
-493.65
-461.42
-464.36
-483.4
-492.19
-509.77
-484.87
-495.12
-484.87
-495.12
-512.69
-458.5
-474.61
-487.79
-498.05
-553.71
-481.93
-492.19
-505.37
-464.36
-363.28
-533.2
-676.74
-767.58
-851.1
-864.24
-895.02
-921.36
-953.64
-968.28
-965.34
-963.84
-1004.9
-1038.6
-1021
-979.98
-990.24
-1035.7
-1034.2
-1019.5
-1021
-1034.2
-1056.2
-1057.6
-1001.9
-1023.9
-1057.6
-1043
-1019.5
-1032.7
-581.54
-300.29
-161.13
-114.26
-83.496
-96.678
-77.634
-58.594
-36.621
-8.7888
0
5.8594
7.3242
1.4648
0
0
0
0
0
0
0
0
0
0
0
0
0
0
0
0
-5.8594
-11.719
-13.184
-11.719
-10.254
-11.719
-11.719
0
0
0
0
0
0
0
0
0
0
0
0
0
0
0
0
0
0
0
0
0
0
0
4.3945
4.3945
5.8594
1.4648
0
-1.4648
0
0
0
0
0
0
0
0
0
0
0
0
0
0
0
0
0
0
0
0
0
0
0
-68.85
-197.75
-423.34
-653.34
-653.34
-684.06
-876
-792.48
-774.9
-818.82
-962.4
-1048.8
-1045.9
-994.62
-1018.1
-1051.7
-1110.4
-1100.1
-1075.2
-1106
-1122.1
-1104.5
-1135.3
-1135.3
-1122.1
-1129.4
-1117.7
-1152.8
-1149.9
-1141.1
-963.84
-889.14
-851.1
-820.32
-817.38
-802.74
-824.7
-815.94
-807.12
-796.86
-789.54
-769.02
-670.92
-583.01
-588.87
-585.94
-604.98
-563.96
-527.35
-539.06
-593.26
-546.38
-559.57
-575.68
-568.36
-565.43
-550.78
-558.11
-583.01
-547.85
-159.67
51.269
105.47
152.35
205.08
326.66
284.18
178.71
247.56
433.6
584.47
593.26
596.19
641.58
694.32
688.5
643.08
682.62
700.2
726.54
729.48
748.56
755.88
761.7
763.2
779.28
769.02
726.54
738.3
733.86
728.04
752.94
791.04
802.74
788.1
798.36
829.08
839.34
815.94
818.82
807.12
763.2
798.36
805.68
818.82
834.96
783.72
820.32
832.02
858.42
820.32
777.84
777.84
793.92
826.2
814.44
829.08
836.4
810.06
824.7
486.33
140.63
35.156
-5.8594
-4.3945
-43.945
-84.96
-4.3945
-7.3242
-43.945
-104
-143.56
-96.678
-140.63
-147.95
-200.68
-152.35
-162.6
-181.64
-158.2
-147.95
-152.35
-158.2
-171.38
-134.77
-150.88
-145.02
-161.13
-178.71
-149.41
-21.973
57.129
52.735
80.568
101.08
193.36
285.64
320.8
379.39
405.76
391.12
386.72
392.58
435.06
427.73
395.51
394.04
399.9
388.18
416.02
417.48
468.75
448.24
437.99
435.06
430.66
454.1
440.92
459.96
436.52
197.75
13.184
-82.032
-143.56
-86.424
-146.48
-290.04
-339.85
-243.16
-203.62
-292.97
-338.38
-333.98
-309.08
-325.19
-347.17
-383.79
-364.75
-354.49
-331.06
-339.85
-333.98
-370.61
-351.56
-369.14
-367.67
-386.72
-369.14
-380.86
-367.67
-190.43
-93.75
-83.496
-49.805
-39.551
-21.973
-1.4648
10.254
14.648
7.3242
1.4648
0
0
0
0
0
0
0
0
0
0
0
0
0
0
0
0
0
0
0
30.762
71.778
111.33
300.29
383.79
361.82
396.97
503.9
522.95
518.56
540.53
533.2
552.25
575.68
609.36
609.36
629.88
596.19
613.74
629.88
621.12
609.36
635.76
640.14
599.12
594.73
600.6
616.68
607.92
613.74
486.33
388.18
336.91
336.91
317.87
295.9
292.97
325.19
309.08
301.76
265.13
193.36
152.35
164.06
118.65
143.56
102.54
137.69
111.33
117.19
115.72
121.58
112.79
101.08
131.84
87.888
139.16
106.93
134.77
104
42.481
-41.015
-67.38
-70.314
-55.664
-106.93
-117.19
-123.05
-136.23
-127.44
-123.05
-123.05
-130.37
-130.37
-155.27
-145.02
-127.44
-161.13
-121.58
-183.11
-134.77
-158.2
-139.16
-164.06
-162.6
-142.09
-169.92
-123.05
-140.63
-123.05
-120.12
-172.85
-232.91
-271
-314.94
-328.13
-342.77
-392.58
-363.28
-399.9
-414.55
-385.25
-399.9
-385.25
-416.02
-410.15
-396.97
-429.2
-430.66
-454.1
-454.1
-433.6
-429.2
-395.51
-414.55
-423.34
-426.27
-427.73
-407.23
-426.27
-275.39
-145.02
-137.69
-101.08
-39.551
-67.38
-41.015
-21.973
0
0
0
0
0
0
0
0
0
0
0
0
0
0
0
0
0
0
0
0
0
0
16.113
64.452
77.634
128.9
145.02
161.13
205.08
188.96
209.47
209.47
228.52
263.67
263.67
250.49
200.68
227.05
227.05
235.84
238.77
213.87
224.12
218.26
213.87
240.23
235.84
241.7
241.7
260.74
235.84
237.31
120.12
-17.578
-137.69
-354.49
-410.15
-367.67
-416.02
-416.02
-427.73
-454.1
-461.42
-462.89
-500.98
-492.19
-500.98
-500.98
-517.09
-505.37
-503.9
-503.9
-495.12
-512.69
-539.06
-541.99
-541.99
-547.85
-521.48
-544.92
-502.44
-534.67
-508.3
-458.5
-423.34
-452.63
-413.09
-382.33
-307.62
-275.39
-275.39
-249.02
-224.12
-234.38
-254.88
-237.31
-221.19
-232.91
-231.44
-222.65
-221.19
-188.96
-234.38
-232.91
-218.26
-221.19
-237.31
-216.8
-241.7
-235.84
-212.4
-206.54
-125.98
93.75
183.11
221.19
354.49
251.95
273.92
373.54
521.48
657.72
704.58
764.64
793.92
802.74
837.9
856.92
892.08
902.34
886.26
921.36
931.62
943.38
916.98
890.64
870.12
906.72
934.56
938.94
893.58
908.22
952.14
966.78
941.88
914.04
876
909.66
955.08
946.26
937.5
930.18
946.26
946.26
953.64
896.46
897.96
911.16
933.12
965.34
930.18
915.54
938.94
969.72
941.88
877.44
914.04
908.22
956.52
949.2
941.88
902.34
952.14
979.98
925.8
846.66
846.66
856.92
876
873.06
880.38
851.1
871.56
887.7
893.58
851.1
821.76
827.64
817.38
845.22
870.12
830.58
846.66
840.84
853.98
849.6
823.26
780.78
826.2
832.02
855.48
834.96
884.76
886.26
859.86
858.42
824.7
711.9
717.78
736.8
697.26
735.36
720.72
714.84
706.08
706.08
719.22
717.78
733.86
694.32
682.62
679.68
682.62
723.66
735.36
697.26
707.52
703.14
710.46
704.58
726.54
703.14
591.8
418.94
401.37
348.63
338.38
322.27
326.66
339.85
335.45
314.94
279.79
215.33
172.85
164.06
174.32
150.88
168.46
146.48
171.38
124.51
158.2
134.77
134.77
161.13
128.9
146.48
131.84
136.23
149.41
175.78
64.452
-61.524
-145.02
-309.08
-262.21
-375
-477.54
-520.02
-467.29
-457.03
-506.84
-571.29
-539.06
-537.6
-549.32
-552.25
-563.96
-559.57
-550.78
-549.32
-583.01
-580.08
-587.4
-604.98
-563.96
-583.01
-621.12
-628.44
-600.6
-590.33
-521.48
-355.96
-333.98
-322.27
-290.04
-285.64
-295.9
-285.64
-221.19
-181.64
-137.69
-156.74
-123.05
-134.77
-117.19
-120.12
-105.47
-142.09
-96.678
-149.41
-96.678
-150.88
-118.65
-143.56
-101.08
-137.69
-131.84
-130.37
-118.65
-124.51
-136.23
-130.37
-130.37
-169.92
-145.02
-169.92
-169.92
-162.6
-165.53
-143.56
-142.09
-181.64
-147.95
-150.88
-158.2
-143.56
-199.22
-172.85
-188.96
-175.78
-171.38
-161.13
-202.15
-194.83
-188.96
-168.46
-184.57
-180.17
-165.53
-193.36
-104
46.875
48.34
104
200.68
197.75
234.38
312.01
351.56
345.7
405.76
407.23
376.46
416.02
421.88
465.82
452.63
427.73
439.45
476.08
468.75
492.19
459.96
489.26
465.82
474.61
446.78
476.08
449.71
468.75
351.56
26.367
-60.06
-121.58
-209.47
-259.28
-300.29
-360.35
-336.91
-424.81
-524.41
-569.83
-581.54
-599.12
-594.73
-613.74
-607.92
-602.04
-606.42
-621.12
-632.82
-629.88
-612.3
-618.18
-619.62
-625.5
-629.88
-643.08
-632.82
-631.32
-530.27
-115.72
-1.4648
38.086
62.988
106.93
24.902
48.34
114.26
152.35
177.25
174.32
171.38
199.22
178.71
191.89
191.89
216.8
181.64
219.73
191.89
205.08
171.38
174.32
194.83
186.04
171.38
178.71
197.75
175.78
143.56
-19.043
-83.496
-177.25
-197.75
-341.31
-461.42
-358.88
-348.63
-467.29
-565.43
-618.18
-621.12
-628.44
-659.16
-697.26
-710.46
-685.56
-687
-704.58
-720.72
-688.5
-673.8
-688.5
-694.32
-675.3
-669.42
-676.74
-692.88
-694.32
-610.86
-628.44
-798.36
-927.24
-953.64
-938.94
-956.52
-994.62
-1018.1
-1047.4
-1072.3
-1044.4
-1035.7
-1063.5
-1082.5
-1075.2
-1063.5
-1070.8
-1100.1
-1095.7
-1107.4
-1100.1
-1111.8
-1113.3
-1110.4
-1132.3
-1108.9
-1111.8
-1086.9
-1092.8
-1034.2
-508.3
-256.35
-108.4
-60.06
-29.297
-13.184
-10.254
-1.4648
-7.3242
1.4648
10.254
2.9297
2.9297
8.7888
14.648
21.973
19.043
19.043
4.3945
1.4648
2.9297
1.4648
2.9297
1.4648
1.4648
0
1.4648
0
0
-1.4648
-14.648
-16.113
-26.367
-21.973
-52.735
-45.41
-41.015
-52.735
-61.524
-79.104
-42.481
-39.551
-76.17
-71.778
-57.129
-42.481
-77.634
-67.38
-71.778
-52.735
-84.96
-99.612
-67.38
-73.242
-68.85
-93.75
-49.805
-79.104
-61.524
-48.34
-86.424
-273.92
-498.05
-413.09
-531.74
-730.98
-807.12
-704.58
-730.98
-793.92
-821.76
-815.94
-833.52
-864.24
-836.4
-836.4
-865.74
-876
-886.26
-883.32
-878.88
-903.78
-914.04
-900.9
-911.16
-902.34
-886.26
-892.08
-877.44
-858.42
-569.83
-477.54
-430.66
-436.52
-395.51
-373.54
-369.14
-391.12
-395.51
-360.35
-291.5
-208.01
-209.47
-191.89
-206.54
-161.13
-161.13
-194.83
-152.35
-178.71
-190.43
-158.2
-162.6
-215.33
-164.06
-164.06
-180.17
-150.88
-156.74
-159.67
-153.81
-310.55
-489.26
-568.36
-703.14
-820.32
-814.44
-848.16
-899.4
-940.44
-950.7
-946.26
-994.62
-1006.3
-996.12
-1012.2
-1009.3
-1044.4
-1051.7
-1059.1
-1079.6
-1069.3
-1069.3
-1066.4
-1050.3
-1045.9
-1045.9
-1050.3
-1060.6
-1003.4
-405.76
-83.496
26.367
149.41
314.94
224.12
95.214
93.75
284.18
437.99
493.65
338.38
314.94
416.02
512.69
559.57
537.6
490.72
490.72
549.32
584.47
484.87
473.14
533.2
580.08
588.87
556.64
575.68
591.8
566.89
155.27
29.297
-43.945
-38.086
-36.621
-136.23
-184.57
-98.142
-137.69
-228.52
-243.16
-228.52
-232.91
-238.77
-237.31
-222.65
-238.77
-241.7
-251.95
-275.39
-263.67
-254.88
-244.63
-256.35
-262.21
-251.95
-254.88
-235.84
-247.56
-256.35
-14.648
38.086
55.664
171.38
224.12
131.84
222.65
326.66
344.24
364.75
433.6
429.2
408.69
420.41
468.75
493.65
487.79
477.54
487.79
486.33
492.19
481.93
465.82
492.19
484.87
525.88
509.77
512.69
498.05
511.23
413.09
326.66
329.59
316.4
345.7
320.8
278.32
231.44
250.49
188.96
152.35
175.78
112.79
155.27
123.05
156.74
99.612
156.74
105.47
145.02
112.79
150.88
111.33
149.41
140.63
130.37
143.56
123.05
134.77
128.9
133.3
227.05
216.8
301.76
347.17
392.58
410.15
399.9
443.85
449.71
486.33
502.44
495.12
458.5
479
511.23
480.47
479
508.3
473.14
506.84
505.37
499.51
436.52
451.17
496.58
505.37
536.13
498.05
500.98
492.19
486.33
484.87
490.72
517.09
506.84
515.63
521.48
509.77
480.47
502.44
508.3
514.16
511.23
525.88
540.53
552.25
524.41
520.02
528.81
508.3
518.56
556.64
534.67
525.88
506.84
498.05
483.4
505.37
518.56
184.57
49.805
5.8594
-5.8594
-19.043
-2.9297
-21.973
-58.594
-123.05
-92.286
-112.79
-125.98
-109.87
-108.4
-79.104
-123.05
-90.822
-105.47
-109.87
-80.568
-118.65
-98.142
-111.33
-108.4
-99.612
-137.69
-93.75
-139.16
-149.41
-149.41
-105.47
-64.452
-79.104
-38.086
-23.438
-35.156
-48.34
-21.973
-29.297
-36.621
-20.508
-23.438
-16.113
-19.043
-17.578
-33.691
-30.762
-16.113
-21.973
-35.156
-23.438
-16.113
-19.043
-17.578
-16.113
-24.902
-43.945
-27.832
-36.621
16.113
130.37
84.96
181.64
177.25
219.73
216.8
243.16
257.81
250.49
253.42
254.88
275.39
301.76
314.94
320.8
287.11
285.64
287.11
295.9
310.55
294.43
316.4
312.01
309.08
303.22
325.19
306.15
281.25
297.37
102.54
46.875
0
1.4648
-21.973
-58.594
-45.41
-61.524
-74.706
-83.496
-52.735
-82.032
-98.142
-73.242
-90.822
-92.286
-61.524
-89.358
-89.358
-73.242
-79.104
-80.568
-77.634
-51.269
-77.634
-89.358
-55.664
-80.568
-73.242
-68.85
-2.9297
46.875
55.664
27.832
45.41
79.104
73.242
60.06
62.988
83.496
90.822
58.594
83.496
87.888
60.06
96.678
77.634
64.452
68.85
98.142
86.424
54.199
89.358
95.214
93.75
92.286
84.96
54.199
90.822
90.822
105.47
197.75
257.81
477.54
767.58
744.12
590.33
750
855.48
827.64
862.8
927.24
965.34
953.64
981.42
994.62
1034.2
1015.1
982.92
1006.3
1022.5
1032.7
1032.7
999
1037.1
1072.3
1059.1
1037.1
1037.1
1044.4
994.62
899.4
874.5
871.56
884.76
884.76
881.82
864.24
810.06
791.04
779.28
707.52
663.6
650.4
657.72
660.66
657.72
678.24
685.56
647.46
635.76
641.58
660.66
669.42
656.28
619.62
619.62
594.73
622.56
643.08
650.4
643.08
626.94
653.34
632.82
640.14
651.84
648.9
662.1
615.24
615.24
622.56
643.08
640.14
637.2
634.26
632.82
622.56
604.98
622.56
651.84
653.34
629.88
616.68
613.74
635.76
647.46
647.46
660.66
669.42
581.54
550.78
520.02
527.35
531.74
544.92
517.09
480.47
411.62
328.13
313.48
329.59
336.91
307.62
326.66
325.19
347.17
323.73
303.22
288.58
295.9
273.92
292.97
297.37
288.58
290.04
275.39
287.11
301.76
331.06
86.424
-96.678
-143.56
-279.79
-471.68
-640.14
-402.83
-307.62
-451.17
-663.6
-754.38
-716.28
-667.98
-728.04
-785.16
-827.64
-791.04
-782.22
-785.16
-821.76
-805.68
-832.02
-824.7
-832.02
-836.4
-840.84
-823.26
-836.4
-837.9
-834.96
-774.9
-490.72
-323.73
-194.83
-104
-102.54
-108.4
-68.85
-45.41
-26.367
-4.3945
10.254
11.719
0
0
0
0
0
0
0
0
0
0
0
0
0
0
0
0
0
13.184
48.34
84.96
102.54
114.26
139.16
140.63
146.48
161.13
130.37
175.78
149.41
147.95
164.06
137.69
164.06
149.41
146.48
153.81
162.6
171.38
181.64
147.95
174.32
137.69
152.35
147.95
143.56
186.04
164.06
146.48
249.02
333.98
540.53
730.98
694.32
766.14
876
899.4
952.14
996.12
1021
1070.8
1066.4
1097.2
1148.5
1141.1
1123.6
1111.8
1120.6
1136.7
1120.6
1161.6
1160.2
1171.9
1163.1
1126.4
1155.8
1132.3
1138.2
1001.9
802.74
773.46
761.7
739.74
735.36
706.08
666.48
662.1
676.74
624
533.2
500.98
486.33
541.99
505.37
479
461.42
464.36
437.99
446.78
427.73
445.31
436.52
467.29
446.78
436.52
402.83
373.54
388.18
392.58
498.05
555.17
552.25
603.54
628.44
635.76
651.84
634.26
676.74
681.18
673.8
695.82
710.46
698.76
711.9
747.06
738.3
741.24
698.76
710.46
726.54
720.72
714.84
711.9
676.74
691.38
738.3
751.44
735.36
544.92
266.6
180.17
165.53
150.88
142.09
104
104
77.634
38.086
33.691
35.156
14.648
1.4648
-8.7888
-2.9297
-1.4648
0
1.4648
0
0
0
0
0
0
0
0
0
0
0
-35.156
-73.242
-183.11
-193.36
-323.73
-328.13
-372.07
-418.94
-435.06
-476.08
-470.21
-486.33
-496.58
-487.79
-499.51
-493.65
-496.58
-515.63
-492.19
-515.63
-490.72
-493.65
-498.05
-465.82
-496.58
-481.93
-509.77
-524.41
-487.79
-511.23
-310.55
-24.902
1.4648
16.113
79.104
99.612
89.358
136.23
235.84
237.31
243.16
273.92
304.69
314.94
295.9
304.69
323.73
336.91
350.1
339.85
316.4
323.73
325.19
317.87
353.03
339.85
320.8
345.7
316.4
278.32
166.99
-33.691
-156.74
-224.12
-266.6
-479
-632.82
-689.94
-399.9
-380.86
-515.63
-701.64
-779.28
-811.5
-713.4
-707.52
-763.2
-810.06
-843.78
-795.42
-774.9
-795.42
-836.4
-858.42
-858.42
-830.58
-829.08
-810.06
-839.34
-842.28
-826.2
-725.1
-707.52
-703.14
-708.96
-703.14
-676.74
-591.8
-541.99
-518.56
-514.16
-509.77
-476.08
-490.72
-480.47
-474.61
-449.71
-457.03
-457.03
-474.61
-464.36
-436.52
-433.6
-433.6
-443.85
-464.36
-442.38
-451.17
-449.71
-471.68
-364.75
-168.46
-158.2
-149.41
-149.41
-118.65
-79.104
-73.242
-68.85
-23.438
-1.4648
0
0
0
0
0
0
0
0
0
0
0
0
0
0
0
0
0
0
0
-27.832
-95.214
-234.38
-394.04
-583.01
-815.94
-770.52
-597.65
-720.72
-868.68
-931.62
-946.26
-916.98
-937.5
-966.78
-975.6
-984.36
-991.68
-988.74
-1026.8
-1019.5
-1010.8
-1004.9
-1016.6
-1044.4
-1056.2
-1060.6
-1032.7
-1048.8
-1059.1
-1028.3
-943.38
-878.88
-874.5
-881.82
-877.44
-849.6
-798.36
-783.72
-791.04
-764.64
-689.94
-657.72
-662.1
-687
-666.48
-660.66
-613.74
-615.24
-600.6
-629.88
-610.86
-604.98
-616.68
-629.88
-590.33
-593.26
-615.24
-615.24
-607.92
-596.19
-597.65
-603.54
-624
-653.34
-685.56
-665.04
-654.78
-643.08
-660.66
-675.3
-663.6
-659.16
-672.36
-667.98
-654.78
-647.46
-656.28
-670.92
-684.06
-692.88
-679.68
-659.16
-672.36
-704.58
-703.14
-676.74
-665.04
-648.9
-663.6
-544.92
-90.822
0
54.199
206.54
260.74
124.51
112.79
265.13
335.45
295.9
347.17
377.93
385.25
389.65
432.13
420.41
451.17
445.31
467.29
455.57
490.72
445.31
473.14
467.29
471.68
417.48
433.6
454.1
490.72
376.46
17.578
-52.735
-106.93
-149.41
-375
-498.05
-287.11
-235.84
-363.28
-522.95
-613.74
-613.74
-514.16
-549.32
-615.24
-672.36
-659.16
-628.44
-628.44
-647.46
-660.66
-689.94
-678.24
-675.3
-643.08
-647.46
-659.16
-695.82
-657.72
-533.2
-43.945
54.199
112.79
190.43
168.46
183.11
231.44
297.37
222.65
386.72
479
477.54
590.33
654.78
701.64
678.24
732.42
742.68
777.84
745.62
733.86
766.14
785.16
769.02
769.02
757.32
738.3
754.38
788.1
722.16
730.98
873.06
950.7
988.74
1015.1
1025.4
1056.2
1092.8
1116.2
1164.5
1171.9
1155.8
1171.9
1177.7
1170.4
1144
1196.8
1182.1
1180.7
1188
1193.8
1196.8
1152.8
1198.3
1196.8
1183.6
1211.4
1201.2
1185.1
1110.4
883.32
834.96
776.34
767.58
744.12
732.42
685.56
689.94
703.14
707.52
685.56
650.4
603.54
518.56
503.9
511.23
476.08
524.41
483.4
486.33
473.14
487.79
486.33
477.54
508.3
479
503.9
473.14
433.6
373.54
65.916
-51.269
-134.77
-120.12
-224.12
-339.85
-370.61
-193.36
-254.88
-395.51
-525.88
-600.6
-442.38
-459.96
-528.81
-556.64
-531.74
-559.57
-580.08
-559.57
-533.2
-553.71
-597.65
-584.47
-577.15
-591.8
-607.92
-600.6
-583.01
-546.38
-549.32
-687
-698.76
-747.06
-754.38
-785.16
-785.16
-805.68
-842.28
-840.84
-827.64
-830.58
-868.68
-864.24
-842.28
-871.56
-867.18
-878.88
-887.7
-858.42
-874.5
-851.1
-865.74
-851.1
-851.1
-864.24
-858.42
-873.06
-883.32
-856.92
-404.3
-159.67
-99.612
-67.38
-62.988
-33.691
-29.297
-17.578
-5.8594
1.4648
14.648
21.973
20.508
16.113
14.648
7.3242
8.7888
7.3242
14.648
13.184
16.113
8.7888
4.3945
4.3945
4.3945
4.3945
1.4648
1.4648
0
0
-98.142
-215.33
-386.72
-500.98
-544.92
-600.6
-621.12
-698.76
-713.4
-776.34
-795.42
-791.04
-788.1
-820.32
-833.52
-843.78
-827.64
-849.6
-842.28
-851.1
-877.44
-865.74
-886.26
-853.98
-873.06
-887.7
-877.44
-855.48
-846.66
-881.82
-889.14
-943.38
-993.18
-997.56
-1012.2
-1019.5
-1021
-1031.3
-1060.6
-1076.6
-1113.3
-1084
-1098.7
-1086.9
-1085.5
-1079.6
-1069.3
-1098.7
-1113.3
-1091.3
-1091.3
-1085.5
-1094.2
-1084
-1094.2
-1108.9
-1100.1
-1117.7
-1116.2
-1111.8
-751.44
-591.8
-539.06
-481.93
-493.65
-477.54
-439.45
-432.13
-435.06
-461.42
-414.55
-363.28
-292.97
-272.46
-265.13
-221.19
-237.31
-259.28
-234.38
-247.56
-232.91
-228.52
-225.59
-234.38
-225.59
-202.15
-218.26
-193.36
-199.22
-184.57
-265.13
-177.25
-193.36
-199.22
-142.09
-155.27
-147.95
-146.48
-168.46
-124.51
-156.74
-125.98
-137.69
-124.51
-139.16
-128.9
-133.3
-127.44
-153.81
-136.23
-130.37
-142.09
-121.58
-152.35
-114.26
-152.35
-99.612
-150.88
-164.06
-2.9297
83.496
58.594
203.62
288.58
344.24
300.29
388.18
443.85
437.99
448.24
481.93
521.48
468.75
477.54
479
515.63
550.78
520.02
515.63
549.32
524.41
528.81
539.06
512.69
508.3
550.78
522.95
524.41
527.35
508.3
552.25
585.94
584.47
602.04
635.76
628.44
657.72
653.34
660.66
665.04
694.32
660.66
667.98
638.7
621.12
660.66
665.04
685.56
659.16
666.48
672.36
665.04
679.68
684.06
672.36
672.36
640.14
650.4
682.62
281.25
-16.113
-130.37
-234.38
-411.62
-506.84
-726.54
-599.12
-370.61
-269.53
-474.61
-735.36
-814.44
-864.24
-817.38
-657.72
-647.46
-742.68
-833.52
-896.46
-867.18
-777.84
-764.64
-836.4
-861.3
-895.02
-873.06
-851.1
-880.38
-880.38
-881.82
-810.06
-810.06
-782.22
-796.86
-788.1
-763.2
-711.9
-621.12
-566.89
-506.84
-539.06
-584.47
-563.96
-543.46
-568.36
-550.78
-561.04
-530.27
-521.48
-544.92
-541.99
-520.02
-521.48
-515.63
-503.9
-515.63
-525.88
-508.3
-524.41
-229.98
14.648
54.199
159.67
153.81
139.16
139.16
225.59
272.46
345.7
372.07
411.62
445.31
484.87
483.4
512.69
511.23
521.48
539.06
528.81
521.48
547.85
537.6
530.27
543.46
521.48
454.1
508.3
527.35
511.23
394.04
275.39
259.28
231.44
203.62
153.81
212.4
194.83
188.96
145.02
51.269
76.17
61.524
64.452
42.481
33.691
43.945
61.524
35.156
48.34
24.902
29.297
29.297
46.875
51.269
58.594
39.551
26.367
23.438
30.762
36.621
102.54
165.53
210.94
300.29
364.75
377.93
429.2
427.73
443.85
446.78
467.29
452.63
493.65
509.77
518.56
498.05
465.82
474.61
471.68
512.69
492.19
471.68
506.84
500.98
506.84
442.38
480.47
454.1
483.4
259.28
16.113
-64.452
-61.524
-174.32
-319.34
-193.36
-111.33
-243.16
-345.7
-451.17
-445.31
-410.15
-437.99
-481.93
-492.19
-515.63
-473.14
-493.65
-479
-457.03
-512.69
-496.58
-490.72
-495.12
-496.58
-503.9
-500.98
-503.9
-536.13
-468.75
-479
-511.23
-498.05
-462.89
-394.04
-329.59
-301.76
-294.43
-292.97
-272.46
-271
-251.95
-265.13
-256.35
-244.63
-251.95
-241.7
-221.19
-218.26
-246.1
-254.88
-250.49
-262.21
-262.21
-251.95
-266.6
-272.46
-281.25
-265.13
-140.63
-11.719
0
0
24.902
26.367
73.242
68.85
125.98
99.612
73.242
114.26
96.678
111.33
105.47
82.032
111.33
95.214
84.96
108.4
80.568
118.65
105.47
90.822
117.19
86.424
109.87
102.54
67.38
101.08
90.822
228.52
228.52
464.36
744.12
827.64
610.86
703.14
893.58
984.36
996.12
999
1023.9
1088.4
1078.1
1095.7
1108.9
1101.5
1107.4
1114.7
1142.6
1104.5
1122.1
1167.5
1149.9
1160.2
1151.3
1149.9
1164.5
1145.5
999
801.24
679.68
689.94
662.1
638.7
604.98
597.65
609.36
580.08
525.88
509.77
490.72
446.78
392.58
386.72
413.09
396.97
373.54
364.75
370.61
370.61
366.21
351.56
361.82
361.82
382.33
370.61
386.72
394.04
208.01
-62.988
-221.19
-309.08
-515.63
-698.76
-821.76
-698.76
-407.23
-399.9
-648.9
-798.36
-846.66
-865.74
-736.8
-707.52
-758.76
-837.9
-886.26
-839.34
-783.72
-849.6
-861.3
-868.68
-853.98
-870.12
-899.4
-916.98
-896.46
-900.9
-896.46
-798.36
-780.78
-788.1
-757.32
-733.86
-713.4
-656.28
-604.98
-584.47
-593.26
-569.83
-556.64
-566.89
-540.53
-561.04
-517.09
-546.38
-534.67
-544.92
-534.67
-537.6
-546.38
-547.85
-550.78
-522.95
-514.16
-522.95
-503.9
-511.23
-350.1
-36.621
0
61.524
80.568
57.129
65.916
114.26
225.59
247.56
224.12
212.4
272.46
287.11
268.07
268.07
284.18
292.97
275.39
257.81
260.74
276.86
259.28
259.28
260.74
263.67
271
275.39
269.53
265.13
178.71
-82.032
-209.47
-284.18
-508.3
-807.12
-921.36
-856.92
-543.46
-462.89
-700.2
-893.58
-987.3
-1032.7
-985.86
-817.38
-817.38
-931.62
-1016.6
-1043
-1006.3
-922.86
-931.62
-993.18
-1031.3
-1043
-1028.3
-1037.1
-1045.9
-1051.7
-1048.8
-1054.7
-1040
-1025.4
-1009.3
-981.42
-955.08
-878.88
-865.74
-856.92
-851.1
-827.64
-832.02
-814.44
-820.32
-815.94
-817.38
-776.34
-791.04
-808.62
-777.84
-789.54
-779.28
-758.76
-777.84
-760.26
-738.3
-752.94
-758.76
-744.12
-729.48
-553.71
-558.11
-490.72
-506.84
-489.26
-503.9
-487.79
-451.17
-402.83
-363.28
-333.98
-323.73
-309.08
-304.69
-282.71
-272.46
-257.81
-269.53
-279.79
-272.46
-272.46
-268.07
-288.58
-294.43
-281.25
-275.39
-266.6
-266.6
-278.32
-209.47
2.9297
51.269
123.05
87.888
48.34
186.04
291.5
323.73
375
372.07
369.14
404.3
421.88
421.88
459.96
417.48
404.3
435.06
465.82
445.31
417.48
426.27
414.55
467.29
436.52
476.08
436.52
459.96
426.27
389.65
128.9
68.85
19.043
-5.8594
0
-1.4648
-11.719
-19.043
-43.945
-36.621
-21.973
-30.762
-32.227
-20.508
-23.438
-24.902
-21.973
-36.621
-27.832
-16.113
-23.438
-39.551
-27.832
-24.902
-24.902
-27.832
-42.481
-33.691
-20.508
-20.508
125.98
188.96
278.32
517.09
646.02
536.13
527.35
672.36
763.2
769.02
818.82
856.92
874.5
880.38
896.46
936.06
919.92
925.8
896.46
918.48
950.7
960.96
960.96
968.28
968.28
940.44
950.7
949.2
963.84
952.14
974.1
990.24
1003.4
988.74
1004.9
1004.9
993.18
1009.3
997.56
1013.7
1037.1
1031.3
1025.4
1034.2
1007.8
1018.1
978.54
985.86
1023.9
1019.5
1040
1047.4
1040
1054.7
1031.3
993.18
1009.3
1026.8
1045.9
963.84
430.66
70.314
0
-48.34
-45.41
-213.87
-347.17
-117.19
-76.17
-60.06
-266.6
-375
-468.75
-443.85
-304.69
-285.64
-379.39
-430.66
-457.03
-376.46
-411.62
-424.81
-468.75
-479
-476.08
-440.92
-476.08
-459.96
-493.65
-443.85
-216.8
-175.78
-210.94
-136.23
-162.6
-124.51
-134.77
-111.33
-79.104
-48.34
-19.043
-8.7888
-5.8594
-7.3242
0
0
0
0
0
0
0
-1.4648
0
-1.4648
0
0
0
0
0
-1.4648
38.086
83.496
57.129
95.214
95.214
70.314
108.4
96.678
90.822
115.72
76.17
105.47
102.54
106.93
114.26
77.634
112.79
111.33
106.93
108.4
86.424
118.65
96.678
65.916
111.33
101.08
99.612
105.47
93.75
114.26
143.56
166.99
306.15
500.98
616.68
492.19
607.92
720.72
751.44
758.76
769.02
807.12
834.96
813
818.82
849.6
867.18
867.18
848.16
837.9
864.24
884.76
916.98
881.82
851.1
877.44
871.56
892.08
817.38
773.46
395.51
120.12
39.551
26.367
4.3945
-14.648
-43.945
-80.568
-108.4
-60.06
-33.691
-70.314
-80.568
-84.96
-58.594
-79.104
-86.424
-55.664
-86.424
-86.424
-49.805
-60.06
-76.17
-77.634
-45.41
-61.524
-64.452
-89.358
-55.664
-80.568
8.7888
30.762
57.129
87.888
82.032
147.95
117.19
169.92
133.3
153.81
191.89
150.88
169.92
150.88
147.95
175.78
133.3
159.67
161.13
172.85
183.11
152.35
145.02
147.95
139.16
175.78
172.85
149.41
178.71
134.77
187.5
221.19
205.08
225.59
257.81
257.81
273.92
291.5
273.92
265.13
271
276.86
282.71
301.76
287.11
278.32
272.46
298.83
300.29
322.27
320.8
312.01
268.07
271
282.71
300.29
307.62
303.22
320.8
306.15
39.551
-131.84
-249.02
-379.39
-421.88
-596.19
-722.16
-530.27
-414.55
-550.78
-745.62
-880.38
-890.64
-780.78
-783.72
-855.48
-908.22
-931.62
-912.6
-906.72
-922.86
-918.48
-931.62
-959.46
-956.52
-905.28
-924.3
-960.96
-960.96
-499.51
-171.38
-92.286
-26.367
4.3945
1.4648
0
0
4.3945
21.973
67.38
39.551
67.38
89.358
79.104
45.41
71.778
77.634
80.568
42.481
45.41
65.916
55.664
46.875
41.015
41.015
65.916
39.551
52.735
39.551
-5.8594
-61.524
-101.08
-171.38
-250.49
-285.64
-309.08
-325.19
-339.85
-385.25
-401.37
-367.67
-396.97
-410.15
-360.35
-413.09
-402.83
-366.21
-394.04
-405.76
-372.07
-379.39
-398.44
-373.54
-382.33
-382.33
-345.7
-367.67
-372.07
-383.79
-237.31
-433.6
-618.18
-706.08
-757.32
-796.86
-852.54
-876
-878.88
-914.04
-936.06
-959.46
-918.48
-924.3
-959.46
-977.04
-962.4
-941.88
-962.4
-991.68
-987.3
-977.04
-949.2
-978.54
-1006.3
-1006.3
-984.36
-981.42
-1006.3
-1001.9
-574.22
-128.9
-1.4648
77.634
45.41
36.621
98.142
168.46
152.35
83.496
130.37
244.63
260.74
200.68
271
303.22
328.13
323.73
291.5
351.56
345.7
335.45
353.03
360.35
379.39
358.88
385.25
354.49
373.54
372.07
134.77
-20.508
-60.06
-74.706
-169.92
-275.39
-247.56
-237.31
-268.07
-290.04
-317.87
-328.13
-325.19
-323.73
-342.77
-350.1
-345.7
-322.27
-300.29
-325.19
-338.38
-351.56
-335.45
-338.38
-319.34
-323.73
-331.06
-323.73
-313.48
-350.1
-398.44
-357.42
-301.76
-292.97
-284.18
-262.21
-265.13
-269.53
-254.88
-231.44
-218.26
-228.52
-200.68
-244.63
-266.6
-272.46
-259.28
-243.16
-215.33
-244.63
-273.92
-263.67
-237.31
-231.44
-244.63
-240.23
-246.1
-246.1
-237.31
-235.84
-178.71
-314.94
-547.85
-706.08
-643.08
-694.32
-843.78
-893.58
-892.08
-943.38
-971.22
-974.1
-1006.3
-1034.2
-1009.3
-1028.3
-1041.5
-1048.8
-1062
-1043
-1075.2
-1089.8
-1082.5
-1037.1
-1048.8
-1063.5
-1051.7
-1040
-1056.2
-1084
-673.8
-84.96
93.75
213.87
465.82
777.84
713.4
388.18
489.26
770.52
941.88
1007.8
771.96
577.15
638.7
801.24
941.88
1034.2
1079.6
1029.8
940.44
944.82
1001.9
1086.9
1111.8
1094.2
985.86
1012.2
1073.8
1130.9
1138.2
1041.5
990.24
1034.2
1048.8
1034.2
1059.1
1015.1
946.26
908.22
914.04
925.8
968.28
965.34
965.34
958.02
956.52
943.38
952.14
921.36
902.34
919.92
930.18
953.64
931.62
940.44
936.06
936.06
912.6
912.6
539.06
115.72
-64.452
-125.98
-191.89
-448.24
-653.34
-480.47
-238.77
-271
-528.81
-728.04
-827.64
-827.64
-689.94
-533.2
-587.4
-735.36
-821.76
-883.32
-751.44
-720.72
-767.58
-817.38
-868.68
-845.22
-843.78
-836.4
-853.98
-881.82
-628.44
-238.77
-95.214
-61.524
-71.778
-19.043
-20.508
-5.8594
1.4648
23.438
19.043
8.7888
1.4648
0
4.3945
5.8594
27.832
39.551
19.043
14.648
14.648
17.578
17.578
20.508
27.832
24.902
11.719
14.648
30.762
33.691
-5.8594
-80.568
-203.62
-249.02
-307.62
-364.75
-382.33
-449.71
-498.05
-521.48
-505.37
-505.37
-556.64
-522.95
-518.56
-536.13
-553.71
-575.68
-549.32
-539.06
-518.56
-518.56
-569.83
-568.36
-591.8
-574.22
-556.64
-577.15
-543.46
-556.64
-372.07
-46.875
-20.508
38.086
54.199
4.3945
19.043
57.129
112.79
131.84
158.2
145.02
187.5
158.2
162.6
194.83
175.78
175.78
181.64
168.46
174.32
184.57
222.65
200.68
180.17
205.08
168.46
172.85
190.43
177.25
115.72
-27.832
-146.48
-266.6
-284.18
-218.26
-257.81
-294.43
-344.24
-309.08
-313.48
-341.31
-361.82
-357.42
-319.34
-329.59
-358.88
-375
-364.75
-351.56
-369.14
-336.91
-347.17
-341.31
-336.91
-350.1
-342.77
-350.1
-354.49
-377.93
-254.88
-33.691
5.8594
0
14.648
27.832
52.735
121.58
136.23
168.46
143.56
171.38
191.89
193.36
174.32
190.43
166.99
164.06
194.83
171.38
166.99
197.75
153.81
155.27
190.43
164.06
158.2
196.29
164.06
165.53
139.16
-21.973
-42.481
-115.72
-205.08
-272.46
-190.43
-294.43
-361.82
-369.14
-372.07
-405.76
-401.37
-421.88
-439.45
-433.6
-445.31
-432.13
-433.6
-402.83
-452.63
-429.2
-455.57
-439.45
-468.75
-449.71
-452.63
-414.55
-442.38
-461.42
-309.08
0
76.17
215.33
408.69
341.31
259.28
357.42
410.15
481.93
477.54
616.68
622.56
632.82
670.92
711.9
698.76
713.4
713.4
732.42
733.86
747.06
713.4
745.62
744.12
732.42
745.62
745.62
760.26
786.6
669.42
249.02
133.3
77.634
32.227
16.113
0
-21.973
-20.508
-14.648
-10.254
-14.648
-41.015
-33.691
-11.719
-13.184
-23.438
-23.438
-11.719
-5.8594
-13.184
-20.508
-8.7888
-2.9297
-4.3945
-1.4648
-1.4648
-1.4648
0
0
8.7888
166.99
253.42
433.6
575.68
502.44
626.94
689.94
662.1
807.12
905.28
890.64
855.48
922.86
972.66
971.22
969.72
950.7
975.6
1013.7
1045.9
1048.8
1053.2
1035.7
1025.4
1038.6
1019.5
1048.8
1037.1
1060.6
928.74
301.76
-10.254
-127.44
-241.7
-399.9
-483.4
-622.56
-679.68
-508.3
-348.63
-490.72
-761.7
-883.32
-909.66
-637.2
-432.13
-561.04
-795.42
-902.34
-955.08
-952.14
-878.88
-833.52
-896.46
-953.64
-962.4
-905.28
-924.3
-966.78
-897.96
-328.13
-80.568
36.621
68.85
29.297
32.227
38.086
86.424
109.87
70.314
206.54
263.67
260.74
275.39
291.5
350.1
373.54
377.93
326.66
347.17
369.14
358.88
385.25
336.91
372.07
358.88
364.75
373.54
367.67
358.88
348.63
418.94
468.75
467.29
525.88
520.02
503.9
550.78
580.08
578.62
550.78
559.57
574.22
615.24
583.01
555.17
555.17
565.43
588.87
584.47
569.83
618.18
591.8
583.01
604.98
577.15
581.54
590.33
583.01
530.27
80.568
-130.37
-269.53
-366.21
-395.51
-379.39
-698.76
-837.9
-763.2
-446.78
-449.71
-631.32
-827.64
-924.3
-977.04
-871.56
-771.96
-827.64
-881.82
-938.94
-1003.4
-905.28
-855.48
-874.5
-940.44
-963.84
-931.62
-927.24
-928.74
-985.86
-947.76
-937.5
-918.48
-893.58
-893.58
-889.14
-856.92
-811.5
-773.46
-732.42
-729.48
-728.04
-692.88
-684.06
-678.24
-703.14
-698.76
-701.64
-703.14
-676.74
-670.92
-673.8
-663.6
-670.92
-678.24
-670.92
-653.34
-647.46
-684.06
-654.78
-479
-477.54
-429.2
-398.44
-408.69
-414.55
-413.09
-389.65
-303.22
-253.42
-219.73
-231.44
-212.4
-191.89
-224.12
-187.5
-203.62
-166.99
-180.17
-206.54
-202.15
-180.17
-188.96
-216.8
-199.22
-181.64
-191.89
-228.52
-215.33
-184.57
-181.64
-298.83
-506.84
-580.08
-659.16
-757.32
-811.5
-820.32
-858.42
-870.12
-908.22
-928.74
-921.36
-895.02
-896.46
-919.92
-924.3
-940.44
-916.98
-916.98
-955.08
-971.22
-987.3
-922.86
-937.5
-956.52
-947.76
-947.76
-916.98
-911.16
-335.45
-23.438
43.945
109.87
269.53
495.12
320.8
115.72
147.95
370.61
547.85
612.3
692.88
656.28
495.12
480.47
575.68
657.72
701.64
719.22
629.88
594.73
616.68
662.1
678.24
654.78
632.82
706.08
701.64
697.26
706.08
710.46
711.9
679.68
663.6
659.16
681.18
660.66
687
685.56
667.98
659.16
643.08
675.3
656.28
694.32
663.6
646.02
643.08
660.66
689.94
703.14
691.38
698.76
663.6
650.4
667.98
653.34
688.5
646.02
175.78
-5.8594
-139.16
-202.15
-300.29
-364.75
-254.88
-188.96
-304.69
-506.84
-575.68
-411.62
-427.73
-561.04
-640.14
-676.74
-640.14
-621.12
-659.16
-675.3
-679.68
-703.14
-707.52
-663.6
-684.06
-679.68
-684.06
-697.26
-684.06
-692.88
-697.26
-722.16
-723.66
-752.94
-776.34
-770.52
-741.24
-748.56
-766.14
-770.52
-796.86
-773.46
-777.84
-813
-788.1
-821.76
-770.52
-776.34
-780.78
-776.34
-783.72
-779.28
-779.28
-760.26
-793.92
-796.86
-807.12
-774.9
-770.52
-398.44
-249.02
-184.57
-166.99
-172.85
-133.3
-156.74
-128.9
-123.05
-102.54
-29.297
-35.156
-32.227
-5.8594
0
0
0
0
0
-1.4648
0
0
0
0
0
0
0
0
0
0
1.4648
0
0
0
0
0
0
0
0
0
0
0
0
0
0
0
0
0
0
0
0
0
0
0
0
0
0
0
0
0
-27.832
-76.17
-106.93
-98.142
-156.74
-115.72
-171.38
-152.35
-155.27
-181.64
-153.81
-166.99
-209.47
-174.32
-175.78
-206.54
-159.67
-178.71
-190.43
-171.38
-155.27
-178.71
-149.41
-165.53
-203.62
-161.13
-180.17
-193.36
-153.81
-149.41
-130.37
-276.86
-479
-561.04
-561.04
-660.66
-827.64
-880.38
-905.28
-947.76
-1021
-1047.4
-1044.4
-1053.2
-1076.6
-1064.9
-1097.2
-1097.2
-1095.7
-1057.6
-1084
-1088.4
-1108.9
-1110.4
-1127.9
-1139.6
-1139.6
-1114.7
-1130.9
-1127.9
-952.14
-900.9
-834.96
-813
-785.16
-785.16
-788.1
-798.36
-791.04
-770.52
-711.9
-629.88
-587.4
-563.96
-568.36
-574.22
-575.68
-563.96
-525.88
-544.92
-537.6
-514.16
-515.63
-524.41
-555.17
-511.23
-498.05
-534.67
-498.05
-500.98
-399.9
-563.96
-722.16
-752.94
-843.78
-937.5
-1016.6
-1016.6
-1025.4
-1051.7
-1100.1
-1123.6
-1101.5
-1091.3
-1116.2
-1120.6
-1132.3
-1103
-1116.2
-1139.6
-1157.2
-1144
-1098.7
-1144
-1160.2
-1126.4
-1166
-1173.4
-1152.8
-1119.1
-959.46
-821.76
-788.1
-763.2
-710.46
-708.96
-688.5
-697.26
-708.96
-688.5
-659.16
-618.18
-550.78
-536.13
-498.05
-492.19
-459.96
-454.1
-449.71
-470.21
-471.68
-467.29
-454.1
-464.36
-464.36
-452.63
-452.63
-445.31
-448.24
-455.57
-213.87
8.7888
27.832
172.85
385.25
339.85
77.634
183.11
386.72
483.4
503.9
418.94
473.14
500.98
483.4
509.77
533.2
571.29
556.64
584.47
599.12
594.73
590.33
594.73
591.8
587.4
590.33
612.3
602.04
559.57
319.34
14.648
-41.015
-127.44
-145.02
-155.27
-344.24
-367.67
-271
-304.69
-502.44
-587.4
-547.85
-536.13
-558.11
-638.7
-625.5
-626.94
-615.24
-613.74
-641.58
-647.46
-657.72
-650.4
-643.08
-628.44
-657.72
-641.58
-632.82
-616.68
-539.06
-638.7
-744.12
-820.32
-864.24
-909.66
-947.76
-963.84
-962.4
-974.1
-1003.4
-1001.9
-972.66
-975.6
-1012.2
-1041.5
-993.18
-982.92
-1013.7
-1028.3
-1053.2
-1029.8
-1045.9
-1062
-1085.5
-1063.5
-1038.6
-1054.7
-1051.7
-1050.3
-1063.5
-1088.4
-1056.2
-1050.3
-1012.2
-962.4
-928.74
-902.34
-858.42
-837.9
-817.38
-845.22
-849.6
-830.58
-788.1
-796.86
-792.48
-837.9
-807.12
-798.36
-771.96
-785.16
-830.58
-834.96
-810.06
-789.54
-817.38
-821.76
-830.58
-814.44
-656.28
-357.42
-300.29
-251.95
-269.53
-225.59
-215.33
-210.94
-222.65
-193.36
-139.16
-139.16
-133.3
-68.85
-77.634
-82.032
-46.875
-60.06
-67.38
-79.104
-42.481
-39.551
-70.314
-64.452
-51.269
-35.156
-39.551
-58.594
-45.41
-60.06
-54.199
-115.72
-212.4
-295.9
-423.34
-571.29
-643.08
-583.01
-593.26
-647.46
-706.08
-758.76
-751.44
-739.74
-719.22
-760.26
-785.16
-785.16
-752.94
-757.32
-769.02
-786.6
-782.22
-763.2
-776.34
-773.46
-754.38
-771.96
-769.02
-795.42
-695.82
-788.1
-871.56
-947.76
-978.54
-985.86
-1000.5
-1003.4
-1041.5
-1059.1
-1050.3
-1043
-1085.5
-1094.2
-1070.8
-1043
-1075.2
-1094.2
-1086.9
-1078.1
-1076.6
-1120.6
-1111.8
-1095.7
-1092.8
-1101.5
-1075.2
-1082.5
-1091.3
-1120.6
-931.62
-418.94
-193.36
-98.142
-58.594
-29.297
-46.875
-7.3242
1.4648
0
0
0
2.9297
0
7.3242
39.551
42.481
38.086
39.551
19.043
17.578
19.043
17.578
14.648
21.973
29.297
29.297
21.973
33.691
30.762
14.648
-61.524
-61.524
-76.17
-68.85
-67.38
-55.664
-89.358
-105.47
-89.358
-105.47
-67.38
-87.888
-115.72
-73.242
-93.75
-99.612
-77.634
-115.72
-93.75
-96.678
-108.4
-67.38
-93.75
-102.54
-74.706
-109.87
-96.678
-86.424
-117.19
-76.17
-128.9
-152.35
-196.29
-212.4
-250.49
-265.13
-273.92
-292.97
-320.8
-313.48
-292.97
-314.94
-326.66
-294.43
-294.43
-288.58
-281.25
-288.58
-301.76
-306.15
-317.87
-301.76
-312.01
-306.15
-295.9
-291.5
-285.64
-279.79
-284.18
-228.52
65.916
150.88
271
544.92
843.78
865.74
435.06
432.13
726.54
918.48
981.42
1028.3
881.82
878.88
975.6
1031.3
1057.6
996.12
972.66
1032.7
1084
1038.6
1029.8
1045.9
1084
1119.1
1095.7
1082.5
1097.2
982.92
446.78
105.47
-17.578
-61.524
-8.7888
-23.438
-46.875
-45.41
-11.719
-65.916
-184.57
-232.91
-241.7
-197.75
-218.26
-256.35
-282.71
-278.32
-268.07
-278.32
-279.79
-257.81
-257.81
-263.67
-276.86
-265.13
-268.07
-276.86
-292.97
-307.62
-282.71
-295.9
-257.81
-180.17
-181.64
-133.3
-158.2
-131.84
-142.09
-112.79
-115.72
-102.54
-123.05
-79.104
-125.98
-101.08
-115.72
-121.58
-115.72
-115.72
-101.08
-134.77
-87.888
-145.02
-104
-136.23
-90.822
-108.4
-118.65
-93.75
-130.37
-174.32
-153.81
-183.11
-221.19
-209.47
-206.54
-222.65
-227.05
-228.52
-232.91
-251.95
-246.1
-229.98
-218.26
-253.42
-241.7
-240.23
-246.1
-249.02
-238.77
-231.44
-191.89
-221.19
-222.65
-249.02
-266.6
-257.81
-240.23
-191.89
13.184
71.778
39.551
193.36
222.65
180.17
265.13
379.39
439.45
476.08
486.33
489.26
505.37
540.53
522.95
549.32
547.85
549.32
558.11
533.2
566.89
540.53
563.96
522.95
552.25
556.64
556.64
546.38
568.36
524.41
139.16
17.578
-10.254
-48.34
-58.594
-45.41
-65.916
-104
-181.64
-155.27
-165.53
-215.33
-206.54
-180.17
-172.85
-200.68
-181.64
-197.75
-194.83
-210.94
-178.71
-191.89
-172.85
-194.83
-168.46
-191.89
-206.54
-199.22
-196.29
-205.08
-158.2
-282.71
-369.14
-448.24
-470.21
-508.3
-534.67
-571.29
-578.62
-566.89
-585.94
-591.8
-585.94
-563.96
-585.94
-613.74
-600.6
-609.36
-583.01
-578.62
-555.17
-571.29
-583.01
-637.2
-625.5
-606.42
-602.04
-590.33
-594.73
-628.44
-512.69
-292.97
-202.15
-118.65
-83.496
-82.032
-48.34
-14.648
-1.4648
0
1.4648
4.3945
0
-1.4648
0
0
0
0
0
0
0
0
0
0
0
0
0
0
0
0
80.568
177.25
271
465.82
584.47
509.77
552.25
701.64
773.46
834.96
799.8
824.7
839.34
890.64
887.7
889.14
892.08
878.88
925.8
955.08
937.5
943.38
943.38
930.18
918.48
921.36
903.78
936.06
