0
0
-0.80566
-3.9551
-5.2246
-5.127
-4.7852
-6.7383
-8.0811
-8.0078
-8.6182
-8.8379
-9.2529
-9.2773
-9.6191
-9.2285
-9.79
-9.8877
-9.5947
-10.034
-9.6436
-9.8633
-9.4482
-9.3262
-10.034
-9.3994
-9.1797
-9.8145
-10.352
-9.9854
-9.7656
-8.7402
-5.9326
-5.835
-5.4932
-4.8584
-4.8828
-4.7363
-5.2002
-4.7363
-4.2236
-3.0273
-2.1729
-2.0508
-2.0752
-2.3193
-1.9531
-1.8799
-1.5869
-2.2461
-1.416
-2.0752
-1.709
-1.9287
-2.1729
-1.9775
-2.2705
-2.0752
-2.3926
-2.0264
-2.4658
-1.5625
-1.6602
-1.2451
-0.68359
-0.26855
-0.46387
-0.48828
-0.073242
0
0
0
0
0
0
0
0
0
0
0
0
0
0
0
0
0
0
0
0
0
0
0
-1.0254
-1.0498
-2.2217
-3.7109
-4.834
-5.1025
-5.0293
-5.7373
-5.7617
-5.7861
-6.0547
-6.1035
-6.0791
-5.5664
-6.1768
-5.7129
-5.9326
-5.8594
-6.2256
-5.835
-6.1523
-6.1035
-6.4697
-6.3232
-5.835
-5.6152
-6.1523
-6.25
-5.957
-4.834
-0.19531
0
0.12207
1.3184
2.8564
2.8564
2.9053
3.4424
4.3701
4.541
4.6875
5.249
5.5664
5.4932
5.6152
5.6885
5.7373
5.5664
5.4199
5.2734
5.2246
5.2734
5.127
5.1514
5.4443
5.2002
5.3223
6.0059
5.5908
4.0283
0.5127
-1.123
-2.4414
-3.4668
-4.2236
-3.833
-3.3203
-4.6143
-6.3721
-6.7139
-6.6162
-7.3975
-7.3486
-7.8857
-7.373
-7.9346
-7.7637
-8.3008
-7.7393
-7.7881
-7.8857
-8.1543
-8.5449
-7.6416
-7.7393
-7.6904
-7.7148
-7.5195
-7.5195
-7.5684
-7.8613
-8.2764
-8.3008
-8.4473
-8.4229
-8.4717
-9.1797
-9.1553
-9.0088
-8.8379
-8.6182
-8.3008
-8.5693
-8.7646
-8.1787
-8.4961
-8.7158
-8.6182
-8.6426
-9.5215
-8.667
-8.8379
-8.8623
-8.96
-8.8135
-9.1309
-8.5938
-9.0576
-8.3984
-8.4473
-9.1553
-9.8633
-10.571
-11.133
-11.401
-11.743
-11.865
-12.134
-12.695
-12.598
-12.695
-12.061
-12.109
-12.305
-12.378
-12.598
-12.183
-12.378
-12.256
-12.695
-12.524
-12.402
-12.5
-12.354
-12.598
-12.988
-12.646
-12.5
-12.427
-11.328
-11.963
-14.941
-15.552
-15.088
-16.382
-17.212
-18.359
-18.286
-18.188
-18.335
-18.604
-18.872
-18.433
-18.555
-19.092
-19.434
-19.409
-18.848
-19.116
-19.067
-19.165
-18.945
-19.092
-19.556
-19.092
-18.945
-19.653
-19.409
-18.945
-17.334
-11.157
-7.6904
-5.9326
-5.7861
-4.834
-4.7363
-4.5654
-4.3701
-4.248
-4.7119
-4.4678
-4.2236
-4.1016
-3.9307
-3.2959
-2.124
-2.2217
-1.9287
-2.2217
-1.4648
-1.9287
-1.6113
-1.6113
-1.6357
-1.2695
-1.9775
-1.4404
-1.3184
-2.0264
-1.8799
-1.709
-1.2451
-1.0986
-0.83008
-0.21973
-0.097656
-0.073242
-0.073242
0
0
0
0
0
0
0
0
0
0
0
0
0
0
0
0
0
0
0
0
0
-0.12207
-1.709
-2.9297
-5.3955
-7.3975
-8.1055
-10.205
-10.474
-10.547
-11.743
-13.306
-13.55
-13.013
-12.573
-13.647
-14.111
-14.331
-13.989
-14.063
-14.063
-14.233
-14.429
-14.502
-14.258
-14.185
-14.355
-14.746
-14.99
-14.453
-14.233
-14.014
-14.087
-13.403
-13.696
-13.574
-13.086
-12.915
-12.573
-11.182
-10.254
-10.156
-10.107
-9.79
-9.4727
-9.3018
-9.2529
-9.6191
-9.8145
-9.2285
-9.6191
-8.8867
-8.8867
-9.2285
-9.4971
-9.4238
-8.8379
-8.9844
-8.6914
-9.0576
-9.5215
-8.7158
-6.8848
-5.6152
-5.6152
-5.3711
-5.3955
-5.7861
-5.6152
-5.3223
-4.248
-3.3203
-2.6611
-2.7344
-2.3682
-2.5635
-2.5879
-1.8555
-2.5635
-1.8799
-2.8564
-1.8555
-2.6367
-2.0264
-2.1973
-2.0752
-2.0752
-2.0264
-2.124
-1.8311
-2.0996
-1.416
0.80566
0.61035
1.4893
3.7109
6.2988
5.2979
6.4453
8.3252
9.0576
8.9111
8.96
9.8145
10.278
9.668
9.668
10.4
10.596
10.254
10.01
10.547
10.522
10.913
11.157
11.035
10.522
10.571
10.376
10.84
10.815
10.425
8.5938
11.23
12.866
15.161
16.431
15.674
16.333
17.261
17.114
17.554
17.456
17.773
18.677
18.75
18.726
18.945
18.701
18.97
18.555
18.97
19.116
19.067
18.921
18.75
18.97
18.799
18.823
18.701
18.677
19.36
19.067
18.848
18.579
18.018
18.628
17.993
17.92
18.896
18.774
18.335
18.018
18.555
18.872
18.481
18.555
18.945
18.774
18.75
18.677
18.896
18.579
18.774
18.091
18.237
18.506
18.628
18.384
18.433
18.726
18.408
8.7646
1.5625
-0.65918
-2.2949
-3.6133
-7.3486
-7.0313
-3.5156
-2.4658
-6.7871
-9.3262
-10.352
-6.3477
-3.3936
-5.7861
-8.7158
-10.474
-11.182
-9.5703
-8.667
-10.083
-10.962
-11.206
-11.597
-10.376
-10.449
-10.889
-10.84
-10.742
-10.962
-2.2705
1.3184
4.0771
6.0791
7.8613
8.2275
6.0791
6.7871
7.9346
12.183
14.673
12.842
11.328
14.063
16.187
17.041
17.114
15.015
15.747
17.065
18.091
17.212
16.602
16.943
17.407
17.944
17.749
18.115
18.896
18.311
11.035
6.25
4.4189
4.0039
3.0518
3.0518
2.124
2.0508
1.9287
2.1484
1.6602
1.7578
1.1475
1.5869
1.3428
1.1719
0.87891
0.46387
0.024414
0
0
0
0
0
0
0
0
0
0
0
1.416
2.9297
4.2725
7.3242
8.9111
9.6924
9.2041
11.157
12.5
13.989
14.404
14.185
15.015
15.698
15.845
16.26
16.04
15.552
16.211
16.846
16.797
16.235
16.357
16.528
16.724
16.089
15.771
16.382
16.504
9.5947
3.7842
0.58594
-0.097656
-0.90332
-2.1729
-0.3418
-0.024414
-0.65918
-1.9775
-2.5879
-2.124
-1.8311
-2.1973
-2.5879
-2.8076
-2.4414
-2.71
-2.3926
-2.6611
-2.6611
-2.3193
-2.9541
-2.4658
-2.7588
-2.7588
-2.3682
-2.6611
-2.3193
-2.417
-2.1484
-2.417
-2.3438
-2.0508
-1.8799
-1.5625
-0.97656
-0.36621
-0.43945
-0.48828
-0.31738
-0.12207
-0.12207
-0.14648
-0.14648
-0.073242
-0.097656
-0.048828
-0.048828
-0.073242
-0.048828
-0.024414
0
-0.024414
0
0
0
0
0
-0.024414
-0.58594
-1.0742
-1.9043
-3.1738
-2.9297
-3.2959
-3.3447
-3.833
-4.1748
-4.126
-3.6865
-3.4912
-4.0771
-4.1016
-3.9551
-3.9551
-3.7598
-4.0039
-4.1504
-3.9551
-3.8574
-4.2236
-3.9307
-4.2969
-4.1748
-3.9795
-3.9063
-3.833
-3.5889
-4.0039
-4.3701
-4.5654
-4.6631
-4.6143
-4.1504
-4.6143
-4.6631
-4.4678
-4.1992
-4.4189
-4.6143
-4.2969
-4.1992
-4.3945
-4.3213
-4.248
-4.1748
-4.2969
-4.541
-4.5166
-4.4434
-4.1748
-4.0283
-4.1992
-4.0283
-4.1504
-4.5166
-4.7607
-4.6143
-4.4189
-4.8828
-5.0537
-4.9561
-4.2725
-3.6133
-2.9785
-2.2705
-2.7832
-2.0752
-2.5146
-1.9531
-2.0264
-1.9775
-1.9775
-1.6113
-2.2217
-1.5869
-2.1484
-1.4893
-1.8799
-1.8799
-1.8799
-1.9775
-1.5869
-2.0508
-1.4648
-2.1729
-1.709
-1.9043
-2.1484
-0.1709
1.1475
1.4404
3.4424
5.7373
4.7119
5.6641
6.665
7.9102
7.3975
8.0322
8.2275
8.7158
8.8867
8.9844
8.1055
8.5205
8.8867
9.7656
9.3262
9.4482
9.375
9.1309
8.667
8.8867
8.9355
9.375
9.4238
9.79
9.1797
3.9307
-1.1963
-4.0039
-4.9561
-6.0791
-6.2012
-10.791
-11.865
-7.4951
-5.1514
-8.4717
-12.231
-14.258
-15.454
-15.063
-13.281
-13.013
-14.038
-15.039
-15.942
-14.819
-13.794
-14.624
-15.088
-15.454
-15.918
-15.991
-15.869
-15.039
-15.039
-14.502
-9.1064
-5.7617
-3.9307
-2.2217
-1.4648
-1.5869
-1.0986
-0.39063
-0.19531
-0.14648
0.048828
0.29297
0.12207
0.024414
0
0
-0.024414
0
0
0
0
0
0
0
0
0
0
0
0
0.53711
1.6602
1.8799
4.3945
7.7881
6.9824
6.6162
8.4961
9.4482
9.375
9.8877
10.254
10.864
10.962
10.571
11.06
10.669
11.084
11.548
11.523
11.011
10.425
10.913
11.353
11.304
11.23
11.304
11.206
10.645
10.791
12.451
12.549
11.938
10.986
10.474
10.205
9.3018
9.375
9.1553
9.5215
9.2285
8.5938
8.6914
8.8623
9.2041
8.9111
9.1064
8.96
8.667
8.3252
8.3496
8.5449
8.8135
8.667
9.2041
9.0332
8.374
8.7646
8.2764
8.5938
8.8623
8.8623
8.6914
8.9355
8.1787
8.3496
8.4961
7.8613
7.9346
8.2031
8.9844
8.5449
8.3496
8.4717
8.0811
8.252
7.9346
8.5693
8.9355
8.4961
8.252
7.9346
8.4229
7.9834
8.1055
7.7393
8.2031
8.2764
8.4229
8.4717
5.4443
3.2715
2.3682
1.5625
1.5869
1.3428
0.85449
0.68359
0.56152
0.048828
0
0
0
0
0
0
0
0
0
0
0
0
0
0
0
0
0
0
0
0
0.1709
1.8066
1.8555
2.71
5.0049
5.7373
6.5674
7.2266
8.2031
7.7637
8.0566
8.2764
7.8369
8.7158
9.1553
9.5947
8.7646
8.8867
8.9844
9.375
9.4238
9.3262
9.082
9.8389
9.4238
9.2041
9.1064
8.7646
9.1064
9.5703
6.1279
2.0752
1.001
0.19531
-0.048828
-0.31738
-0.24414
-0.56152
-0.83008
-1.3916
-1.2939
-1.123
-1.0498
-1.4893
-0.95215
-1.3428
-1.0254
-1.2451
-0.78125
-1.2451
-1.0254
-1.1475
-0.78125
-1.1963
-0.97656
-1.0986
-0.75684
-1.0742
-0.95215
-1.2207
-0.75684
-1.0498
-1.4648
-1.416
-1.2939
-1.8066
-1.4648
-1.6846
-1.5137
-1.0742
-1.7822
-1.8555
-1.0986
-1.6846
-1.7822
-1.5381
-1.2939
-1.2939
-1.7822
-1.7578
-1.0254
-1.6602
-2.124
-1.3428
-1.6113
-1.5137
-1.6602
-1.6846
-1.0986
-1.6846
-1.0254
0.78125
1.1475
1.0254
1.2695
2.1973
2.3193
3.2227
2.7344
2.8076
3.3447
3.2227
2.9053
3.0273
3.5645
3.1006
3.2227
3.0273
3.54
3.2471
3.3203
3.3203
3.6865
3.6865
3.6377
3.1494
3.3691
3.6133
3.1982
3.0273
2.4902
0.53711
-0.21973
-0.75684
-0.70801
-0.43945
-0.48828
-0.78125
-1.0254
-1.123
-1.0498
-0.58594
-0.90332
-0.80566
-1.0254
-0.80566
-0.58594
-0.75684
-0.90332
-0.83008
-0.87891
-0.58594
-0.58594
-1.123
-0.80566
-1.3672
-0.80566
-0.63477
-1.0742
-0.73242
-0.56152
-2.3926
-4.1748
-7.6172
-8.1543
-8.1299
-9.1553
-10.669
-11.768
-12.573
-13.184
-13.501
-13.525
-13.794
-13.574
-13.818
-13.843
-13.721
-13.721
-13.77
-14.233
-14.307
-14.868
-14.868
-14.746
-14.722
-14.16
-14.429
-14.404
-14.795
-10.571
-2.0264
0.80566
1.8066
2.6855
2.7588
4.6143
5.8594
2.8564
2.1484
4.3945
7.7393
8.6182
5.835
7.4463
9.1797
9.6924
8.9111
9.2529
9.668
10.815
11.377
10.84
11.157
11.328
11.255
11.157
11.328
11.548
11.743
9.6191
10.938
13.94
15.723
15.601
15.674
16.211
17.09
18.091
17.993
18.286
18.433
18.677
19.189
18.579
19.067
19.287
19.141
19.043
18.604
19.531
19.653
19.58
19.385
19.336
19.604
18.97
18.848
19.36
19.678
15.894
5.6152
0.14648
-1.5381
-2.3438
-4.3457
-9.79
-13.013
-11.816
-5.4443
-3.6133
-6.5918
-11.694
-14.136
-14.941
-15.771
-16.187
-13.647
-8.252
-8.5693
-12.549
-14.209
-15.405
-15.967
-15.527
-13.574
-12.061
-13.086
-15.063
-15.747
-12.427
-3.1738
0.097656
2.2461
4.5654
4.8584
1.0254
1.2695
3.2715
6.1279
7.2266
6.2988
4.6875
5.2246
6.6895
7.2266
7.7393
6.8359
6.5674
7.2266
8.7646
7.9834
7.0068
6.7871
8.3008
8.7646
8.252
8.374
8.3252
8.8135
8.96
7.6172
8.1299
7.8857
7.4951
7.3486
7.0801
5.8594
5.1758
4.6387
4.541
4.4922
4.4189
4.248
4.2969
4.1748
4.0039
4.0039
3.5889
3.7598
4.0039
4.6387
4.541
4.126
3.9551
3.54
3.9063
3.6377
4.0527
4.2236
3.6865
4.5654
5.7617
7.9834
10.791
11.035
11.45
12.573
13.721
14.551
14.258
13.745
14.429
15.137
15.039
15.503
15.381
14.502
15.259
15.82
15.625
15.234
14.941
14.99
15.674
15.356
15.063
14.771
14.966
15.552
13.574
3.0029
-1.4893
-5.249
-8.6914
-9.0088
-8.4961
-9.3262
-11.694
-10.278
-10.254
-11.23
-10.303
-11.108
-13.257
-15.088
-14.966
-15.015
-16.211
-16.553
-16.675
-16.431
-16.846
-16.357
-16.846
-17.188
-17.334
-17.31
-17.358
-17.993
-18.237
-17.48
-17.578
-17.432
-17.041
-16.553
-15.796
-14.673
-13.94
-14.331
-14.209
-13.989
-13.574
-13.892
-13.77
-14.014
-13.477
-13.135
-13.232
-13.208
-13.892
-13.33
-13.062
-13.232
-13.257
-13.452
-13.452
-13.086
-12.769
-12.671
-11.304
-5.127
-3.6133
-2.5879
-2.832
-2.7344
-1.6602
-1.9043
-1.7822
-0.95215
-1.2939
-1.2939
-1.0254
-0.048828
0
0
0
0
0
0
0
0
0
0
0
0
0
0
0
0
0.048828
1.0742
1.5869
0.80566
1.2207
1.2451
1.1719
1.4893
1.709
1.2207
1.8555
1.7822
1.2695
1.8311
1.6602
2.1973
1.7578
1.3428
1.8555
1.6846
2.2217
1.8066
1.2451
1.9043
1.5625
1.5869
1.7822
1.123
1.7334
1.6602
1.2207
1.8799
2.832
3.0762
3.6377
4.2725
4.4678
4.7852
5.1025
5.3955
5.6152
5.7617
5.1025
4.9805
5.0537
5.4688
6.0059
5.3711
4.834
5.6396
5.6152
5.3467
5.3711
5.1758
5.5908
5.1514
4.9316
5.2246
5.8105
5.3467
5.2002
4.7119
6.4941
8.8135
12.158
12.061
12.231
14.746
16.211
16.87
17.358
17.749
18.042
18.237
17.798
18.677
19.214
19.043
18.555
18.848
19.556
19.531
19.238
19.385
19.482
19.312
18.53
18.945
19.482
19.556
19.775
15.161
9.6924
5.9326
4.2969
3.0762
1.8311
1.5137
1.709
1.5137
1.001
0.43945
0.31738
0.39063
0.073242
-0.048828
0
0
0
0
0
0.024414
0.073242
0.048828
0.048828
0.073242
0.048828
0
0.024414
0.024414
0
0
0
0
0
0
0
0
0
0
0
0
0
0
0
0
0
0
0
0
0
0
0
0
0
0
0
0
0
0
0
-1.9531
-4.0771
-7.5684
-10.376
-11.108
-13.867
-12.72
-13.135
-13.55
-16.382
-18.262
-18.066
-17.48
-17.676
-18.506
-19.043
-18.677
-18.896
-19.067
-18.921
-19.385
-19.385
-19.092
-19.458
-19.971
-19.385
-19.531
-19.702
-19.604
-18.799
-8.252
-1.5381
0.61035
1.4648
2.5146
3.5889
2.7344
2.5391
3.833
3.9063
6.0303
8.2031
7.4707
4.9805
6.4209
8.1787
8.7158
9.3262
7.9346
7.8369
8.6182
9.7656
9.79
8.5449
8.8623
9.7656
10.303
9.9365
10.156
9.6924
2.9053
0.29297
-1.4404
-1.2451
-0.85449
-1.001
-2.7832
-3.8818
-2.3193
-2.71
-3.7842
-4.4189
-4.9561
-4.3213
-4.6631
-4.5898
-4.5166
-4.7852
-4.8096
-5.0293
-4.9561
-4.8096
-4.6631
-4.8828
-5.127
-5.1758
-4.7119
-4.6631
-4.7607
-4.2236
-0.29297
0.75684
1.2695
1.6846
0.56152
1.7578
2.4902
3.8086
4.1748
4.4434
4.6387
4.5898
4.4678
4.7363
4.9561
5.1758
5.4199
5.1025
4.9316
5.3955
5.3955
4.834
4.9316
5.5176
5.3955
5.3223
5.1025
5.1758
4.8828
4.5898
0.61035
-1.1963
-2.3193
-2.6123
-2.002
-5.1025
-6.6162
-5.6152
-5.0781
-6.3965
-7.4707
-7.3486
-7.1289
-7.6416
-8.1299
-7.8125
-8.3252
-8.2031
-8.3008
-8.2764
-8.3008
-7.9346
-8.0811
-8.3008
-8.6914
-8.1543
-8.6426
-8.7402
-8.6426
-8.1543
-1.6602
0
0.65918
2.6367
1.1719
1.001
1.9287
3.6621
3.3691
3.4668
4.3457
4.8096
4.5654
4.5654
5.4932
5.3711
5.1514
4.834
4.9561
4.8584
5.2734
5.3955
5.3223
5.5664
5.249
5.3467
5.6152
6.0303
5.5664
5.2734
6.5918
5.4443
5.0293
4.9072
4.7607
4.3701
4.4922
4.5654
4.5654
4.5654
4.1992
4.1016
4.2725
4.0527
4.1504
3.7842
3.7109
3.6133
4.2236
4.2725
4.2236
4.4189
4.0771
4.3945
4.4678
4.5898
4.5898
4.0283
3.5889
4.1748
3.9307
4.2725
4.1016
4.1504
4.4434
4.5166
4.3701
4.3457
4.6875
4.6875
4.6387
4.7607
4.1748
4.126
3.8086
4.0283
4.4678
4.9072
4.6143
4.2969
4.1992
4.1504
4.7119
4.8584
4.6875
4.248
4.5898
4.4189
4.1992
4.7852
5.7373
3.9063
3.9063
3.8818
3.7109
3.2471
3.4912
3.54
3.2959
2.8076
3.0518
2.5391
2.7832
2.9297
2.6123
3.0029
2.7832
2.5391
3.0762
2.8076
2.4658
2.9785
2.6367
2.6855
3.1738
2.7344
3.1006
3.2959
2.6367
2.7832
2.7832
2.6611
3.1738
2.0752
2.4902
1.9043
2.2461
2.2461
2.0996
2.0996
2.3438
2.3926
2.2461
2.5146
2.0996
2.7832
1.7578
2.832
2.2949
2.5146
2.5146
2.3438
2.5879
2.3438
2.5879
2.0996
2.7344
1.6846
2.6611
-0.12207
-3.4668
-6.8604
-9.375
-9.0088
-8.4229
-12.061
-12.646
-10.596
-12.109
-14.795
-16.187
-15.869
-15.991
-16.553
-17.285
-17.041
-16.846
-17.456
-17.92
-17.871
-18.018
-17.896
-18.286
-17.798
-17.944
-18.457
-18.408
-18.066
-17.944
-12.354
-8.9111
-6.7383
-6.6162
-5.6885
-6.2256
-6.25
-5.9326
-5.3223
-5.3223
-5.4443
-5.2734
-4.834
-3.1006
-2.8076
-2.2217
-2.6367
-2.5146
-2.2705
-2.832
-1.9043
-2.7832
-2.1484
-2.1484
-2.0508
-2.2461
-2.0996
-2.3438
-2.0996
-2.0996
0.097656
2.002
2.417
4.8828
9.3018
10.107
5.6396
8.4717
10.84
11.865
10.962
11.548
12.793
13.281
13.281
13.281
13.013
13.403
13.599
14.282
14.258
14.233
13.696
14.233
13.867
14.282
13.599
12.671
13.501
13.94
13.062
8.2764
5.2734
3.6133
2.1973
1.123
0.61035
0.83008
0.56152
0.31738
0.12207
0.024414
-0.048828
0
0
0
0
0
0
0
0
0
0
0
0
0
0
0
0
0
1.0986
2.4658
3.54
6.5186
8.0322
7.1289
7.8857
10.156
11.377
11.133
12.28
12.427
12.988
13.721
13.232
13.403
13.721
14.233
14.038
13.647
12.915
13.184
13.965
14.624
14.282
13.916
14.233
14.453
14.453
14.697
7.9102
1.8066
0
-1.5625
-1.0986
0
-0.048828
-1.1963
-1.4648
-1.4893
-2.5879
-3.5156
-3.5889
-3.9795
-4.1016
-4.2725
-4.5898
-4.5166
-4.2969
-4.2725
-4.3701
-4.3213
-4.3457
-4.2969
-4.3213
-4.3945
-4.0771
-4.3945
-4.7119
-4.6631
-3.54
-4.3701
-8.1543
-10.034
-11.816
-12.402
-13.184
-13.965
-14.111
-14.844
-14.722
-14.99
-15.234
-15.21
-15.576
-15.82
-15.552
-15.405
-15.747
-15.869
-16.187
-16.309
-15.796
-15.771
-15.82
-15.991
-16.187
-15.942
-16.284
-16.113
-10.889
-3.0273
-0.68359
0.12207
-0.048828
0.14648
0.097656
0
0.21973
0.58594
0.95215
2.002
2.1973
3.0029
2.71
2.417
2.4902
2.4658
3.0762
2.8076
2.3926
2.3926
2.5146
2.9541
2.8809
2.4902
2.5635
2.6123
2.8564
2.4414
1.7334
3.5889
3.8818
5.3711
6.3965
7.6904
7.8125
8.0566
7.9346
8.6426
9.6924
9.5947
9.5459
9.4971
9.8389
9.8877
9.3506
9.7656
9.4727
9.375
9.5215
8.7158
8.5449
9.0576
9.8145
9.5703
9.7656
9.7168
9.9609
9.9121
9.668
9.3506
9.1553
9.2773
8.9844
9.0088
8.8135
8.6426
8.2275
8.2275
8.5205
8.6426
9.4971
9.082
8.3984
8.5938
8.6426
8.5938
8.7402
8.7402
8.5449
8.96
8.5449
8.2764
7.8857
7.9346
8.7158
8.9844
8.7646
9.1797
8.5693
7.8857
8.5205
8.5693
7.9346
7.0557
5.9814
5.4688
5.3223
5.2979
4.9805
4.4678
4.2725
4.1992
4.3945
4.1748
4.4189
4.6387
4.5898
4.2236
4.1748
4.3213
4.834
4.8584
4.7852
4.541
4.3213
4.541
4.2236
4.4434
2.2217
-0.58594
-1.2695
-1.8555
-2.6367
-6.3965
-7.0557
-4.2969
-5.6641
-7.6416
-8.7158
-8.0566
-8.1543
-8.1055
-8.7402
-9.8145
-8.7646
-8.9355
-8.9355
-8.8867
-9.0332
-9.3506
-9.6191
-9.4971
-9.1797
-9.668
-9.4971
-9.2041
-8.5205
-8.8867
-6.1279
-1.8799
-0.41504
-0.41504
0.48828
0.3418
0.048828
0.68359
1.3184
0.90332
1.1475
1.5625
1.3916
1.5137
1.5381
1.1719
1.1719
1.6602
1.2939
0.80566
1.4404
1.416
0.87891
0.90332
1.123
1.3428
0.73242
0.83008
1.3184
1.416
0.21973
-1.1963
-1.8311
-3.6133
-7.251
-10.034
-9.6191
-7.4707
-8.7891
-11.084
-12.402
-12.354
-11.499
-12.134
-12.817
-12.622
-12.183
-12.695
-12.891
-12.744
-13.086
-13.232
-13.062
-13.11
-13.379
-12.988
-12.964
-12.646
-12.988
-13.062
-8.5449
-0.78125
0.73242
1.4404
5.3467
5.7617
2.4414
2.0264
4.7607
7.7881
6.0303
5.4688
7.8369
8.4473
8.252
8.3984
8.7158
9.8877
9.79
9.5703
9.6191
9.9365
9.7168
9.9609
10.059
9.8145
9.4727
9.8145
10.107
10.205
9.7168
8.0322
7.1777
6.5186
6.7871
6.8848
7.1777
6.9824
6.6162
5.7861
4.6387
4.1992
3.7842
3.8086
3.9307
2.9053
2.7588
3.1982
2.7344
2.8076
3.4424
3.8086
3.2227
3.1494
3.418
3.5889
2.9053
3.0762
3.5156
3.418
2.3438
0.87891
0.29297
0.024414
-0.097656
-0.26855
-0.21973
-0.46387
-0.21973
-0.14648
-0.024414
-0.048828
-0.12207
-0.073242
-0.073242
-0.097656
-0.12207
-0.073242
-0.024414
-0.024414
-0.024414
0
0
0
-0.024414
-0.024414
-0.048828
-0.048828
-0.048828
-0.048828
0.43945
2.5635
2.124
4.4678
7.251
9.4971
7.0557
8.2764
10.498
11.426
11.743
12.305
12.622
12.939
13.574
13.843
14.209
13.794
13.696
13.721
13.281
13.477
13.354
13.623
14.014
14.453
13.965
14.185
14.307
14.355
11.45
4.0283
1.001
0.1709
-0.024414
0.097656
-0.58594
-0.95215
-1.7822
-2.3193
-0.87891
-1.0742
-1.2207
-1.3184
-1.7822
-1.8799
-1.2207
-1.8311
-1.7578
-1.7822
-1.7334
-1.1719
-1.7578
-1.8799
-1.3672
-1.6846
-1.4648
-1.6846
-1.6357
-1.1475
-1.416
-1.8799
-3.3936
-6.2744
-9.0088
-11.499
-11.89
-11.353
-11.475
-12.256
-12.72
-13.232
-12.842
-12.866
-13.306
-13.696
-13.77
-14.014
-14.111
-13.721
-14.014
-14.209
-14.429
-13.745
-13.33
-13.062
-13.721
-14.233
-14.233
-13.721
-11.353
-4.4189
-2.1973
-1.6602
-0.95215
-1.3184
-0.78125
-0.3418
-0.024414
0.29297
0.63477
0.53711
0.39063
0.29297
0.14648
0.1709
0.12207
0.073242
0
0
0
0
0
0
0
0
0
0
0
0
0.3418
1.416
1.8555
2.71
4.6387
5.5664
6.8115
9.082
9.9854
10.62
11.279
11.572
11.743
11.182
12.085
12.427
12.183
12.305
12.231
12.427
12.231
13.062
13.135
12.695
12.573
12.427
12.378
12.183
12.646
12.012
10.547
5.6152
4.126
3.3203
3.0273
3.0762
2.6855
1.9775
1.7334
2.0996
1.6846
1.2695
0.39063
0
0
0
0
0
0
0
0
0
0
0
0
0
0
0
0
0
0.31738
1.4404
2.6855
5.1514
7.1533
6.5918
7.7148
8.7402
11.084
12.109
12.109
12.793
13.428
14.014
13.794
14.185
14.087
14.575
14.478
14.453
14.014
13.818
14.38
14.307
14.893
14.868
14.697
14.624
14.746
14.697
12.72
4.1992
0.29297
-0.80566
-0.80566
-0.61035
-1.0254
-2.5391
-4.4189
-4.541
-1.6602
-1.8066
-3.3203
-5.2979
-5.8594
-6.0547
-4.126
-4.7607
-5.4688
-6.0059
-6.25
-5.3955
-5.3955
-5.3467
-5.5664
-5.7129
-5.8838
-5.7373
-5.835
-5.3711
-4.1504
0.97656
2.0264
4.0039
9.2041
11.304
5.6641
4.7607
9.9121
12.915
13.721
13.086
11.89
13.11
13.696
13.647
13.477
13.379
14.307
15.21
14.868
14.063
14.233
14.844
15.527
15.161
15.088
15.259
15.649
15.601
14.331
5.4932
1.6602
0.56152
-0.65918
-0.12207
-0.12207
-0.53711
-0.46387
-0.36621
-1.2451
-1.709
-1.6113
-2.6611
-2.0752
-2.4414
-2.0752
-2.2461
-2.1729
-2.3926
-2.1484
-2.124
-2.0996
-2.3193
-2.0996
-2.1484
-2.1484
-2.3682
-2.4658
-2.2949
-2.71
-1.9775
-1.9287
-2.1729
-1.7822
-1.9531
-1.3428
-1.5869
-2.0996
-1.0254
-1.5137
-1.5625
-0.97656
-1.5137
-1.4893
-0.92773
-1.5137
-1.4648
-1.0498
-1.001
-1.1475
-1.3916
-0.90332
-1.4893
-1.4893
-0.95215
-1.2207
-1.6357
-1.7334
-1.2451
-1.3428
-1.3428
-4.2236
-5.4443
-6.2256
-7.251
-8.3984
-8.6914
-9.0576
-9.3994
-10.4
-10.229
-9.8389
-10.01
-10.278
-10.425
-10.498
-10.229
-10.327
-10.547
-10.205
-9.8877
-9.7168
-10.156
-10.107
-10.083
-10.156
-10.278
-10.278
-10.254
-8.8135
-1.8311
0.56152
1.5625
3.7109
5.249
2.6367
1.4648
2.9541
5.6641
5.835
8.1787
9.1553
9.79
9.8633
10.107
10.742
10.913
11.108
11.597
11.743
11.67
10.962
11.475
11.23
11.816
11.963
11.67
10.962
11.206
10.498
2.7588
0.12207
-0.97656
-1.7334
-4.2236
-3.3203
-1.8799
-2.4658
-5.2246
-7.0313
-8.0322
-5.9814
-7.0557
-7.7148
-8.252
-7.8613
-8.252
-8.1055
-8.8867
-9.082
-8.96
-9.082
-8.8135
-9.1309
-8.4717
-8.5205
-9.1309
-8.6182
-8.9844
-7.8125
-1.8555
0
0.26855
1.2695
0.48828
0
0.19531
1.709
2.0996
2.3438
2.5146
3.1982
2.2949
2.5879
2.4658
2.3682
2.9297
2.3193
2.6123
2.3926
2.3926
2.8076
2.4414
2.7832
2.5635
2.6123
2.8809
2.4902
2.3926
2.1973
2.2705
3.7354
4.6875
7.1045
8.2275
8.3496
9.4971
10.352
10.767
10.254
10.815
10.913
10.645
11.084
11.768
11.89
11.89
11.865
10.962
11.23
11.499
11.597
11.426
11.865
11.743
11.597
11.694
11.792
12.134
12.061
8.667
8.374
7.4463
7.3975
7.2998
7.4219
7.4463
6.9824
6.4941
5.7861
4.4678
4.248
4.1992
4.3457
4.2969
3.5156
3.9551
4.2725
3.7354
3.8086
3.9063
4.248
3.6377
4.2725
3.7598
3.6377
3.833
3.5645
3.1982
2.832
-0.80566
-2.7588
-4.6387
-7.5684
-9.9365
-13.892
-10.376
-8.1055
-11.255
-14.868
-17.114
-15.625
-13.94
-15.454
-16.553
-17.676
-18.018
-16.797
-17.114
-17.993
-18.066
-17.993
-17.92
-18.457
-18.213
-17.969
-18.457
-18.188
-18.53
-18.286
-15.479
-9.9365
-6.9336
-4.8096
-2.9297
-1.5381
-0.97656
-1.3916
-1.416
-0.65918
-0.26855
-0.31738
-0.1709
-0.024414
0.097656
0.024414
-0.024414
0
0
0
0
0
0
0
0
0
0
0
0
0
0.58594
1.7822
2.1484
3.5889
4.1504
4.8096
5.2979
5.6152
5.6396
5.4932
5.6641
5.6885
6.1279
5.835
6.3721
6.4697
6.4941
6.665
6.4941
6.2012
6.1768
6.5186
6.4941
6.3721
6.3232
6.9092
6.3965
6.3477
6.7383
6.25
1.5625
0.36621
-0.1709
-0.097656
-0.1709
-0.95215
-1.3184
-1.5137
-1.9531
-2.2461
-2.0264
-2.5146
-2.0752
-2.0752
-1.9775
-2.3926
-1.8799
-2.2705
-1.7334
-2.2949
-1.8066
-2.5635
-1.6602
-2.3193
-1.7578
-2.002
-1.9531
-1.9775
-1.8799
-1.6846
-2.3193
-1.3916
-0.73242
-1.0742
-0.61035
-0.63477
-0.31738
-0.24414
-0.3418
-0.3418
-0.26855
-0.39063
-0.46387
-0.46387
-0.26855
-0.24414
-0.19531
-0.14648
-0.14648
-0.24414
-0.21973
-0.097656
-0.12207
-0.19531
-0.097656
-0.073242
-0.097656
-0.12207
-0.12207
-0.097656
-1.6357
-3.2715
-6.6406
-9.3506
-12.378
-11.157
-11.084
-12.939
-16.382
-16.724
-17.017
-17.529
-18.481
-18.604
-18.359
-18.921
-19.263
-19.287
-19.092
-19.165
-18.994
-19.238
-19.287
-19.263
-19.702
-19.019
-19.336
-19.58
-19.409
-17.554
-11.133
-7.2266
-4.8096
-3.1738
-2.4658
-2.3193
-2.2461
-1.5625
-1.0742
-0.87891
-0.5127
0.048828
0.12207
-0.024414
-0.097656
-0.048828
0
0
0
0
0
0
0
0
0
0
0
0
0
1.1719
2.4658
5.127
8.7646
8.3984
6.9336
9.5459
12.061
13.916
14.575
15.503
16.064
16.528
17.139
16.87
17.212
17.383
18.018
17.969
18.286
18.14
18.262
17.993
17.7
18.188
18.506
18.945
18.359
18.408
18.677
13.013
8.7891
6.7627
5.4932
5.6152
5.2246
4.6875
4.3213
4.1504
3.9795
4.3945
4.1992
3.6865
2.7344
2.124
1.5869
1.6602
1.8066
1.3672
1.1963
1.5137
1.4404
0.97656
1.4648
1.3916
1.0986
1.7822
1.5137
0.90332
1.416
1.1719
2.124
3.1494
5.8838
6.7383
7.8125
8.3496
8.6182
9.8877
9.9609
10.156
10.107
10.547
10.474
10.742
10.815
11.133
11.206
11.353
11.279
10.84
10.791
11.182
11.06
11.377
11.255
11.353
11.304
10.645
11.279
5.7373
0.85449
-0.31738
-1.6602
-1.3916
-2.9541
-3.1738
-1.3672
-1.5869
-3.3691
-4.9805
-4.4922
-4.0771
-4.8584
-5.542
-5.8594
-5.2734
-5.3467
-5.3467
-5.6152
-5.3955
-6.0059
-5.542
-5.1025
-5.1514
-5.8838
-5.5908
-6.1035
-5.6641
-5.6396
-6.0059
-6.6406
-6.9092
-7.5195
-7.1289
-7.959
-7.666
-8.1787
-8.3496
-7.8125
-8.5938
-7.959
-8.1787
-8.3252
-8.4473
-8.7646
-8.5938
-8.8379
-8.9844
-8.2031
-8.1787
-8.6426
-8.4717
-8.374
-8.374
-8.3008
-8.3984
-8.0078
-8.0566
-8.5449
-7.6416
-6.543
-6.5918
-6.9824
-7.1777
-6.6406
-5.4199
-4.1992
-4.0527
-3.7354
-3.3203
-3.9795
-3.6133
-3.8574
-3.125
-3.0762
-2.9053
-3.7842
-3.125
-3.3936
-2.9053
-3.4912
-2.7344
-3.0029
-3.1006
-3.2471
-3.1006
-3.125
-3.3447
-2.9541
-2.6611
-4.126
-8.4717
-10.742
-11.206
-12.72
-13.721
-13.745
-15.503
-16.309
-17.065
-16.87
-17.065
-17.773
-18.018
-17.773
-17.676
-17.7
-18.188
-18.262
-18.579
-18.604
-18.433
-18.579
-18.359
-18.774
-18.848
-18.848
-18.457
-18.701
-14.941
-6.1279
-2.3193
-1.2451
-0.39063
0.14648
-0.024414
0
0.097656
0.61035
0.87891
1.0254
0.73242
1.3428
0.80566
1.0254
1.2695
1.4893
0.95215
1.4648
1.5137
1.001
1.3916
1.2695
1.0986
1.2207
1.1719
1.3428
1.2939
1.8066
0.73242
-1.4648
-2.3438
-3.4912
-4.2969
-4.6387
-4.5166
-4.9805
-5.6396
-6.543
-5.9326
-6.2744
-5.9814
-6.1768
-5.7617
-6.1035
-5.7373
-6.1523
-6.2256
-6.8604
-6.8848
-5.9814
-6.6406
-6.9336
-6.25
-6.25
-6.2256
-6.25
-6.8604
-6.7627
-4.8584
-5.4688
-8.4229
-10.718
-11.719
-12.842
-13.916
-14.429
-14.722
-14.99
-15.088
-15.137
-15.674
-15.649
-15.454
-15.552
-16.138
-16.187
-16.187
-15.942
-15.967
-16.602
-16.602
-15.991
-15.576
-15.942
-16.504
-16.235
-16.089
-16.016
-16.04
-10.791
-6.8115
-4.2236
-2.124
-1.123
-1.4893
-1.2451
-0.46387
-0.048828
-0.048828
0
0.024414
0.048828
0
0
0
0
0
0
0
0
0
0
0
0
0
0
0
0
0.048828
1.0254
1.6846
2.2949
3.8574
4.8096
4.7852
5.0049
5.7129
5.8838
5.6396
6.3232
6.1768
6.1035
6.3232
6.4453
6.4941
6.3232
6.8359
6.5674
6.2744
6.0059
6.0303
5.9326
6.1523
6.3477
6.5918
6.2256
6.0547
6.543
5.8105
6.665
8.0322
8.5693
9.79
9.9365
10.156
10.718
10.522
11.06
10.962
11.157
11.499
11.646
11.719
11.279
11.328
11.548
11.914
11.792
11.377
12.061
11.401
11.523
11.426
11.914
12.183
11.816
11.621
12.109
9.6191
3.6377
1.6602
1.0742
0.65918
-0.41504
-1.123
-0.1709
-0.024414
-0.24414
-0.48828
-0.65918
-0.75684
-0.43945
-1.0254
-1.1719
-0.68359
-0.90332
-0.70801
-0.83008
-0.68359
-0.46387
-0.48828
-0.83008
-0.75684
-0.83008
-0.78125
-0.48828
-0.46387
-0.46387
-0.1709
3.54
4.4678
6.3477
10.547
14.209
10.767
10.4
12.305
15.234
16.089
14.526
15.576
17.529
18.164
17.773
18.188
18.579
19.238
19.116
19.263
19.629
19.629
19.116
18.774
19.409
19.946
20.068
20.093
19.775
17.944
8.9355
3.2959
1.2939
0.80566
0.19531
-0.41504
0
0.048828
0
-0.024414
-0.29297
-0.3418
-0.3418
-1.1963
-0.70801
-0.75684
-1.2939
-1.2695
-0.97656
-0.80566
-1.3428
-1.2695
-0.65918
-0.63477
-1.0254
-0.80566
-1.3672
-0.73242
-1.0986
-0.80566
-1.6357
-2.7588
-3.3203
-4.3457
-5.2979
-5.2979
-5.5908
-6.5918
-6.25
-6.665
-6.2744
-5.9326
-6.6162
-6.8359
-6.6406
-6.6406
-6.7871
-6.4209
-6.4453
-6.3965
-6.0547
-6.4941
-6.6895
-6.543
-6.7139
-6.6895
-6.6162
-6.8359
-7.0557
-6.7139
-6.7871
-7.1533
-7.0068
-6.5186
-5.8594
-4.1748
-4.0283
-3.7109
-3.9307
-3.5645
-2.9297
-2.8564
-3.4912
-3.418
-3.2227
-3.125
-3.3691
-3.0273
-3.0518
-3.125
-3.3203
-2.9053
-3.4424
-3.6133
-3.4912
-3.0273
-3.6377
-3.4912
-3.5156
-3.3203
-3.9307
-3.7109
-3.0762
-2.9541
-1.8799
-2.002
-1.3916
-1.5137
-1.5137
-0.95215
-1.2207
-1.5137
-1.3184
-1.123
-1.2939
-1.5625
-1.123
-1.5381
-1.4404
-0.92773
-1.5381
-1.9531
-1.001
-1.416
-1.6602
-1.123
-1.5869
-1.5381
-0.95215
-1.3428
-0.90332
-0.53711
-0.21973
-0.024414
-0.12207
0
0
0
0
0
0
0
0
0
0
0
0
0
0
0
0
0
0
0
0
0
0
0
0
-0.097656
-1.8799
-3.8574
-6.25
-7.3975
-10.107
-14.038
-13.062
-11.23
-11.987
-14.99
-16.846
-16.675
-16.187
-16.626
-17.676
-18.311
-18.164
-17.725
-17.676
-18.042
-18.188
-18.311
-18.286
-18.677
-18.97
-18.823
-18.115
-18.823
-18.872
-18.213
-14.063
-12.549
-11.816
-11.597
-11.035
-10.449
-10.474
-10.84
-10.864
-10.571
-9.9121
-8.3496
-7.2998
-7.1533
-7.0801
-7.2998
-7.0313
-7.1533
-6.8848
-6.8604
-7.1289
-6.5918
-6.4209
-6.4453
-6.25
-6.4941
-6.4941
-6.2988
-6.4453
-5.9082
-2.7832
-3.6865
-2.2705
-2.8076
-2.2949
-2.2461
-1.6357
-0.85449
-0.80566
-0.73242
-0.26855
-0.26855
-0.097656
-0.073242
-0.21973
-0.36621
-0.024414
0
0
0
0
0
0
0
0
0
0
0
0
0
0.19531
0.68359
0.48828
0.31738
0.3418
0.41504
0.48828
0.3418
0.31738
0.26855
0.24414
0.41504
0.75684
0.46387
0.39063
0.65918
0.36621
0.36621
0.29297
0.26855
0.26855
0.3418
0.56152
0.41504
0.26855
0.53711
0.73242
0.31738
0.3418
0.36621
1.3672
1.8799
2.9053
3.9307
4.6387
4.6875
4.9805
5.542
5.9814
5.957
5.8105
5.3955
5.8838
6.1768
6.2988
6.4941
6.8115
6.3477
5.9326
6.2012
5.9814
5.8838
5.5908
6.25
6.6162
6.7139
6.2744
6.9092
6.5186
5.7129
5.1758
7.666
9.1309
11.475
12.866
13.94
14.063
14.16
15.063
15.21
15.601
15.967
15.771
15.991
16.333
16.162
15.649
16.187
16.577
16.577
16.699
16.602
16.357
16.577
16.553
16.455
16.235
16.455
16.675
16.333
11.694
9.7412
8.7646
8.4229
7.8857
7.3975
7.1289
6.7627
6.7383
6.2744
5.957
5.7373
5.2002
4.3945
4.1992
4.126
3.6621
3.9063
3.6377
3.9551
4.126
3.2959
3.2471
3.125
3.6133
3.4912
3.5645
3.3203
3.6621
3.3203
1.9531
0.65918
0.19531
0.073242
-0.097656
-0.19531
-0.21973
-0.3418
-0.29297
-0.024414
-0.073242
-0.14648
-0.097656
-0.024414
-0.048828
-0.073242
-0.048828
-0.024414
0
-0.024414
0
0
0
0
0
0
-0.024414
0
0
0
1.001
3.125
4.8584
9.2773
10.791
8.7646
8.2031
10.62
11.865
12.549
13.232
13.818
13.721
13.794
14.307
15.186
15.381
14.575
15.234
15.381
15.356
15.527
15.771
15.649
15.332
15.796
15.039
15.283
15.649
9.2041
5.5908
4.1504
3.7354
3.4424
3.4912
2.4414
2.8076
2.1729
2.2949
1.7334
1.709
1.5625
0.75684
0.31738
0.048828
0.024414
0
0
0.024414
0.024414
0
0
0
0
0
0
0
0
0
-0.36621
-2.2217
-2.5635
-4.0039
-4.541
-4.9805
-5.3955
-6.1768
-5.9082
-6.6895
-7.0801
-6.8359
-7.3242
-7.1045
-7.2754
-7.2021
-6.5674
-6.4941
-7.1045
-7.4219
-7.7637
-7.2998
-7.5684
-7.1289
-7.1777
-6.7139
-6.8359
-7.3975
-7.0557
-7.5928
-1.8066
0.29297
0.73242
2.4902
3.5889
1.2695
2.0264
4.5898
5.7129
5.2734
6.4697
7.4219
7.2021
7.373
7.2021
8.2764
8.1787
7.4951
7.6904
7.7881
8.7158
7.9346
8.4229
8.0566
8.1787
8.4229
8.3008
8.4717
8.0811
8.1787
8.2764
8.3496
8.374
7.6416
7.8613
7.1533
7.8369
7.4219
8.0322
7.6416
8.2031
8.1299
8.2275
7.5439
7.9346
7.5195
8.374
7.959
8.1055
8.0078
7.5928
7.373
7.2998
6.665
7.373
7.4951
8.1055
7.6172
7.959
8.0811
5.5176
4.3213
3.9307
3.4912
3.0762
3.3691
3.0273
3.4424
3.0273
2.1484
1.2207
0.70801
0.68359
1.1719
0.90332
0.70801
0.78125
0.48828
0.46387
0.48828
0.90332
0.5127
0.83008
0.56152
0.39063
0.41504
0.43945
0.80566
0.68359
1.001
0.92773
1.6357
1.8066
1.6846
2.6855
2.3926
2.4414
2.8076
2.124
2.8564
2.3926
2.5635
3.125
2.6367
2.8076
3.3447
2.7832
2.71
3.1982
2.6367
2.6855
3.2471
2.8564
3.0762
3.2227
3.0518
2.6611
3.1982
3.0273
2.832
3.0518
2.9541
2.4658
2.8076
2.3193
2.5879
1.8555
2.5635
1.7822
2.1973
1.9531
2.0996
2.002
2.3438
1.9531
1.9775
1.9775
2.0752
1.9043
1.2939
2.002
1.5625
1.8799
1.9043
1.6357
2.002
1.3672
2.0264
1.7822
1.9287
0.61035
-0.68359
-1.9531
-3.1494
-4.4189
-5.2979
-5.7617
-6.6895
-7.4951
-8.3008
-8.2764
-8.3496
-8.0566
-8.3252
-9.082
-8.6426
-9.0576
-8.5693
-8.9355
-8.4717
-8.7402
-8.8623
-8.6426
-8.8867
-8.9111
-8.4961
-8.4717
-8.7646
-8.7402
-8.8135
-9.0088
-9.7168
-10.083
-10.059
-10.156
-10.4
-11.06
-11.06
-11.084
-11.157
-11.255
-10.864
-11.206
-11.182
-11.646
-11.23
-11.279
-10.962
-11.206
-11.401
-11.401
-10.84
-10.962
-10.815
-10.938
-10.84
-11.206
-11.45
-11.475
-11.23
-6.2012
-0.36621
1.416
3.1494
6.3477
6.8359
3.2471
3.6865
6.8115
10.01
11.255
10.181
8.4473
9.1309
10.449
10.815
10.498
10.01
10.693
11.67
12.427
12.451
11.646
12.183
12.305
12.744
12.72
12.769
12.671
12.354
11.89
12.28
12.695
12.5
12.402
11.597
12.061
11.963
12.012
12.085
12.329
11.06
11.108
11.475
11.792
11.89
11.694
11.792
11.523
11.621
12.109
12.183
12.109
11.67
11.157
11.792
11.816
11.401
11.89
11.792
12.134
11.963
11.792
12.085
11.865
11.841
11.328
11.084
10.889
11.523
12.061
11.768
11.499
11.426
11.548
11.401
11.987
12.5
11.987
11.035
10.986
11.694
11.182
10.571
11.328
11.377
11.865
11.401
11.328
11.89
9.1064
2.3926
-0.048828
-0.29297
-1.0498
-1.8066
-0.87891
-0.63477
-2.124
-3.3203
-2.8076
-2.6367
-3.4424
-3.7598
-3.5889
-3.3691
-3.2471
-4.0283
-3.9551
-3.3691
-3.5156
-3.4912
-3.9063
-4.1016
-3.7842
-3.4668
-4.0039
-3.8574
-4.0283
-4.0771
-2.5146
-4.248
-6.9336
-8.96
-11.621
-14.355
-16.382
-15.405
-16.016
-17.31
-17.554
-17.969
-17.944
-18.433
-19.141
-18.506
-18.433
-18.774
-19.189
-19.092
-19.287
-19.409
-19.946
-20.239
-18.994
-19.702
-19.678
-19.727
-19.727
-20.044
-17.383
-9.2285
-5.1758
-3.4668
-2.6611
-2.8564
-3.1982
-2.4658
-2.5391
-1.6846
-1.6357
-1.4648
-1.1475
-1.1963
-1.5869
-1.2451
-0.83008
-0.048828
0
0
0
0
0
0
0
0
0
0
0
0
-0.26855
-1.0986
-3.418
-4.6143
-6.4697
-6.0059
-8.252
-9.7168
-10.132
-10.815
-11.597
-12.256
-12.158
-12.158
-12.109
-12.085
-12.183
-12.061
-12.695
-12.939
-12.354
-12.354
-12.744
-12.72
-12.622
-12.646
-12.598
-12.622
-12.695
-12.744
-9.7412
-1.9531
-0.048828
0.53711
2.6367
5.0537
4.7363
1.2451
1.7578
3.8574
6.3477
6.7627
6.0791
6.3721
6.8115
8.0078
6.6406
6.9824
7.6416
8.8379
7.9834
7.959
8.1543
8.6182
8.3984
7.959
8.1299
8.0566
8.0811
8.3008
7.2754
8.6914
9.7656
10.547
12.305
12.964
12.915
13.062
13.574
13.94
13.184
14.258
15.112
15.186
15.039
14.526
15.234
15.332
15.088
14.233
14.111
14.624
15.259
15.063
15.137
15.405
14.99
14.99
15.234
14.429
12.427
2.417
-2.6367
-4.4922
-6.5186
-7.1533
-12.573
-15.918
-16.675
-9.7656
-6.3477
-8.8623
-13.818
-16.626
-17.749
-18.506
-18.457
-14.99
-11.035
-13.208
-16.626
-18.018
-18.896
-19.36
-18.481
-16.919
-16.675
-17.529
-18.75
-19.238
-19.165
-13.647
-8.7891
-5.0537
-2.5879
-1.9775
-2.417
-1.7822
-0.78125
-0.31738
-0.29297
-0.1709
-0.048828
0
0
-0.12207
-0.073242
-0.024414
0.14648
0.26855
0
-0.048828
0
0
0
0
0
0
0
0
-0.073242
-0.78125
-1.709
-1.9043
-1.4648
-2.6855
-2.0996
-2.5146
-2.3193
-2.6367
-3.0029
-2.9297
-2.5879
-2.5635
-2.2949
-3.2227
-2.4658
-2.3682
-2.4902
-2.2461
-3.0518
-2.3926
-2.7588
-2.417
-2.2705
-3.0029
-2.3682
-2.6855
-2.5146
-2.4902
-2.5391
0.048828
0.29297
0.46387
0.85449
1.7578
2.002
2.3926
2.5879
3.2959
2.3926
2.1484
2.2705
2.417
2.6855
2.4414
2.8564
2.6123
2.417
2.5635
2.3438
2.9785
2.8564
2.5146
3.1738
2.2949
2.6367
2.71
2.4902
3.0518
2.2461
-0.58594
-1.7822
-3.2471
-4.2725
-6.8604
-8.667
-6.4697
-6.958
-8.6914
-9.5703
-9.5703
-10.254
-10.083
-10.107
-9.8389
-10.327
-10.547
-10.522
-10.571
-10.742
-11.035
-10.767
-10.645
-10.669
-10.864
-10.571
-10.645
-10.498
-10.547
-10.205
-9.8877
-12.378
-13.11
-13.452
-13.867
-14.16
-14.331
-14.648
-14.429
-14.746
-15.381
-15.039
-15.015
-15.234
-15.039
-15.088
-15.527
-15.601
-15.356
-15.381
-15.601
-15.479
-15.186
-15.015
-15.332
-15.747
-15.308
-15.21
-15.308
-14.868
-8.2031
-5.1514
-3.125
-3.0029
-2.417
-2.6611
-3.0762
-1.9531
-1.9287
-1.6357
-1.6602
-0.78125
-0.073242
-0.024414
-0.024414
0
0
0
0
0
0
0
0
0
0
0
0
0
0
0
-0.3418
-1.0742
-1.5381
-1.6602
-2.002
-1.9775
-2.3682
-2.2949
-3.0273
-2.2949
-2.4414
-2.4902
-2.7588
-3.2227
-2.4902
-2.3682
-2.4902
-2.1729
-2.832
-2.3682
-2.8076
-2.4414
-2.417
-3.0029
-2.5391
-2.5391
-2.3438
-2.4414
-2.8076
-1.7822
-2.1729
-4.4434
-6.9336
-8.0811
-9.1553
-10.205
-10.547
-11.182
-11.45
-12.695
-12.207
-12.378
-12.354
-12.28
-12.744
-13.086
-12.891
-12.231
-12.744
-13.135
-13.013
-13.086
-12.695
-12.744
-13.037
-12.866
-13.086
-12.915
-12.842
-12.964
-4.3457
0.26855
1.1475
4.8584
6.0791
2.5635
2.0752
6.3232
9.4482
10.645
7.0557
6.7627
8.8379
9.3994
10.425
11.572
11.426
10.62
10.498
11.304
12.158
11.133
10.107
11.133
11.743
12.061
11.499
11.914
12.5
12.378
4.6387
0.43945
-0.73242
-1.709
-1.0498
-1.6602
-4.0527
-5.7861
-4.6631
-2.1484
-3.3691
-5.1758
-6.3232
-5.7861
-5.6885
-6.3477
-6.7139
-7.0068
-6.8359
-6.665
-7.2266
-6.7383
-6.4941
-6.7383
-6.7383
-7.2998
-7.0557
-6.8848
-7.3486
-6.7871
-3.3691
-3.8574
-2.5879
-2.9297
-2.9297
-2.8809
-2.5146
-1.4648
-1.0742
-0.65918
-1.2207
-0.92773
-0.5127
-0.58594
-0.87891
-0.39063
-0.65918
-0.56152
-0.26855
-0.26855
-0.31738
-0.29297
-0.24414
-0.48828
-0.68359
-0.41504
-0.70801
-0.46387
-0.31738
0.61035
1.7334
2.2705
2.1729
2.9785
3.5156
3.418
3.5889
3.6621
3.8086
3.9551
4.3457
4.6143
4.6631
4.3945
4.3945
3.9063
3.8574
3.6865
3.9795
4.4434
4.3945
4.248
4.1748
4.248
3.7598
3.8086
4.0771
4.0039
4.0771
0.87891
-0.73242
-1.8799
-3.1006
-4.9805
-5.3955
-4.6631
-5.5908
-7.1777
-8.1543
-9.0088
-9.5947
-9.5459
-9.7656
-9.6436
-9.8389
-9.8145
-10.327
-10.571
-9.6924
-10.229
-10.229
-9.6924
-9.9854
-10.205
-10.498
-10.547
-10.132
-9.6924
-10.571
-6.2988
-3.7354
-3.2715
-3.3691
-3.1494
-2.71
-2.9297
-2.6367
-2.2705
-1.2695
-0.80566
-0.83008
-0.83008
-0.29297
-0.31738
-0.31738
-0.24414
-0.19531
-0.3418
-0.36621
-0.24414
-0.097656
-0.14648
-0.14648
-0.14648
-0.26855
-0.36621
-0.39063
-0.14648
-0.1709
1.416
3.3936
3.3203
6.5186
10.864
13.428
10.62
9.5459
12.842
14.16
14.99
13.916
14.624
15.845
15.576
15.381
15.601
16.235
16.919
16.968
16.992
16.675
16.846
16.602
16.626
16.162
16.309
16.943
17.212
17.407
17.505
17.358
17.065
16.626
16.235
16.675
16.772
17.017
17.261
16.675
17.041
17.09
16.675
16.479
16.162
16.699
17.432
17.578
17.285
17.212
17.114
17.065
16.357
16.382
16.992
16.992
16.821
16.455
16.479
17.065
11.401
4.1748
1.0254
-0.73242
-0.97656
0
-0.073242
-1.123
-2.1973
-1.5625
-0.43945
-0.48828
-1.6113
-2.4414
-2.3926
-2.7344
-2.124
-2.6123
-2.4414
-2.7588
-3.2227
-2.4902
-2.417
-2.4902
-2.3438
-2.9785
-2.4414
-2.3682
-2.3193
-2.2949
-1.6357
-3.3936
-3.9063
-4.9805
-5.7617
-6.7383
-7.0801
-6.7383
-7.373
-6.665
-7.0801
-6.8604
-7.4219
-7.5439
-7.251
-7.1533
-7.5195
-7.4951
-7.4219
-7.6904
-7.251
-7.7393
-7.4951
-7.8125
-7.2021
-7.7393
-7.2021
-7.5928
-7.1777
-7.5195
-7.7393
-7.5928
-7.4951
-7.2266
-7.1533
-6.7139
-7.1533
-6.5186
-6.8115
-7.2021
-6.8604
-7.1289
-7.1289
-7.1777
-7.0801
-6.5674
-7.251
-6.7871
-6.8359
-6.9824
-6.7139
-7.1777
-6.958
-7.1289
-6.9824
-6.5918
-6.9092
-6.8848
-7.251
-7.2998
-2.8809
0.83008
2.3438
6.1768
9.8145
7.373
5.3467
7.7393
11.304
11.694
8.6182
10.742
12.305
13.672
13.599
12.085
12.72
13.818
14.771
13.794
13.77
13.696
14.258
13.94
14.429
15.161
15.186
15.137
15.015
14.917
15.918
15.942
13.818
13.086
13.843
13.647
14.063
13.77
14.014
13.745
13.037
13.11
13.159
12.622
12.891
13.184
12.842
13.403
13.525
13.501
13.037
13.013
13.281
13.306
12.72
11.987
12.329
12.842
13.208
13.477
9.4727
2.3438
-0.024414
-0.70801
-1.0498
-2.3193
-3.4912
-1.4648
-0.95215
-2.8809
-4.6143
-4.6143
-4.1748
-5.0781
-5.5176
-6.0791
-5.7373
-5.249
-5.0537
-5.7617
-5.4443
-5.6885
-5.3223
-5.5908
-5.9326
-5.957
-5.9326
-5.4688
-5.1025
-5.3711
-3.1982
1.123
1.7578
4.9805
7.9834
5.835
4.6875
6.5674
7.6172
8.6426
10.791
11.401
11.719
12.72
13.013
13.086
13.501
13.354
13.647
13.574
13.916
13.062
13.013
14.014
14.087
14.282
14.087
14.575
14.136
14.16
13.843
14.38
14.722
15.308
15.967
16.455
16.235
16.284
16.895
17.114
16.846
16.675
16.479
16.992
17.529
17.236
17.383
17.798
17.383
17.334
16.602
16.724
17.603
17.432
17.651
17.529
17.578
17.529
17.188
16.748
17.236
17.505
17.554
17.358
17.041
17.065
16.748
16.113
15.259
13.525
13.867
13.867
14.478
13.77
13.721
14.063
14.307
13.989
13.574
12.72
12.695
13.574
13.477
13.525
13.745
13.55
14.014
13.745
13.77
13.306
9.4727
1.8799
-0.53711
-1.1475
-2.1484
-5.835
-6.5186
-2.9785
-1.8799
-3.9307
-7.8857
-10.132
-11.084
-9.5703
-7.2998
-8.1787
-9.9854
-10.864
-10.62
-9.2773
-9.4971
-10.425
-11.157
-11.108
-10.718
-10.913
-10.889
-10.889
-11.255
-11.084
-8.252
-0.56152
1.0254
2.6611
6.6895
6.3721
3.8818
4.3213
9.2041
11.548
10.181
7.4951
9.5459
11.792
13.11
13.599
13.403
12.646
12.915
14.038
14.429
13.159
13.037
14.404
14.673
14.258
13.94
13.892
13.818
14.6
11.719
2.5146
-1.2207
-4.5898
-8.667
-6.3721
-5.7373
-10.01
-12.793
-10.547
-5.7617
-5.1514
-9.0332
-13.037
-14.233
-15.356
-12.842
-9.4482
-11.084
-13.403
-14.722
-15.503
-14.258
-13.477
-14.111
-14.722
-15.039
-15.063
-14.868
-14.746
-13.77
-10.156
-8.3984
-8.4229
-8.0566
-7.6172
-7.9346
-7.8857
-7.9834
-7.8125
-7.2998
-5.5176
-4.7119
-4.5166
-4.5654
-4.4434
-4.3945
-4.2725
-4.2236
-3.8818
-3.8818
-3.7109
-3.7842
-4.1748
-4.0039
-3.4912
-3.8086
-3.9307
-3.8086
-3.7354
-2.8564
-3.4912
-2.2705
-2.5146
-1.8799
-2.124
-1.0254
-0.87891
-0.5127
-0.61035
-0.70801
-0.43945
-0.43945
-0.21973
-0.1709
-0.1709
-0.1709
-0.1709
-0.097656
-0.048828
0
0
0
0
0
0
0
0
0
0
0
0
0
0
0
0
0
0
0
0
0
0
0
0
0
0
0
0
0
0
0
0
0
0
0
0
0
0
0
0
0.19531
2.9297
3.7109
6.1279
10.669
14.575
14.087
8.8867
11.353
15.137
15.894
14.502
16.064
17.041
17.627
17.236
17.212
18.408
18.579
18.604
18.604
19.043
19.312
18.823
18.433
19.092
19.116
19.36
19.287
19.165
17.896
7.0557
0.85449
-1.4648
-2.6611
-5.6885
-8.9844
-6.5186
-5.0293
-7.5195
-11.304
-12.671
-7.7148
-4.0527
-5.957
-9.4238
-12.5
-13.208
-13.013
-10.938
-11.279
-12.109
-13.525
-14.209
-13.55
-12.573
-13.135
-13.745
-13.818
-13.599
-13.208
-10.229
-10.181
-8.8379
-8.7402
-8.9111
-8.7402
-8.9111
-8.9844
-8.5938
-8.252
-6.9336
-5.6641
-5.3955
-5.2002
-5.127
-4.6875
-4.6875
-4.8584
-4.8096
-4.7363
-4.9072
-4.8584
-5.0537
-4.9561
-4.7852
-4.6875
-4.9316
-4.8828
-4.9561
-4.3457
-1.123
-0.43945
-0.12207
0.048828
0
0.14648
0.3418
1.0498
0.83008
0.92773
0.39063
0.36621
0.39063
0.56152
0.90332
0.46387
1.001
0.56152
0.56152
0.58594
0.83008
0.5127
0.78125
0.65918
0.46387
0.53711
0.83008
0.85449
0.73242
0.75684
-0.073242
-0.65918
-0.73242
-0.36621
-0.3418
-0.26855
-0.1709
-0.024414
-0.048828
-0.19531
-0.14648
-0.097656
-0.073242
-0.097656
-0.097656
-0.073242
-0.048828
0
0
-0.048828
-0.024414
-0.073242
-0.024414
-0.073242
-0.048828
-0.073242
-0.073242
-0.048828
-0.024414
0.024414
2.3682
3.9307
6.6162
11.523
13.745
9.2285
9.3262
12.866
13.916
14.844
16.016
16.479
16.406
16.724
17.065
17.529
17.798
17.627
18.433
18.604
18.652
18.53
18.823
18.872
18.433
18.726
18.579
18.97
19.312
18.555
13.379
11.548
10.645
10.132
9.5703
8.7402
9.3994
8.5938
8.6914
9.0576
8.9355
8.3984
7.1533
6.4941
6.0059
5.7373
5.957
5.4443
5.2246
5.3223
5.249
5.1758
4.8828
4.4922
4.5166
4.6143
4.7852
5.0049
4.9561
4.8096
0.39063
-0.29297
-2.002
-3.2959
-3.9551
-4.7119
-5.3711
-5.0781
-6.4697
-7.6172
-8.1787
-8.1299
-8.2764
-8.4473
-8.96
-9.0332
-8.667
-8.1299
-8.8135
-8.5938
-9.2529
-9.4482
-8.6182
-8.5205
-8.5693
-8.5693
-8.8623
-9.0088
-8.7402
-8.7891
-8.2764
-9.6924
-9.2773
-10.034
-9.8145
-10.229
-9.6436
-9.9609
-10.254
-9.9609
-9.8389
-10.01
-10.425
-10.156
-10.107
-9.8389
-10.303
-10.083
-10.181
-10.083
-10.376
-10.4
-10.376
-10.034
-10.034
-10.327
-10.352
-10.62
-10.107
-9.8877
-11.523
-10.986
-10.474
-9.9854
-8.96
-8.0078
-8.0078
-7.9834
-7.3242
-7.4707
-7.2998
-7.5928
-7.4463
-7.666
-7.5439
-7.4463
-7.6416
-7.5195
-7.4463
-7.1045
-7.4707
-7.6904
-7.4219
-7.3486
-6.8604
-7.1777
-6.8115
-7.4707
-7.2754
-1.3428
1.2695
2.6123
5.5176
7.9346
5.7129
4.2969
8.0322
9.3018
8.6182
10.742
12.183
12.866
13.086
13.623
14.136
14.16
14.38
14.478
14.844
14.941
15.576
15.479
15.552
15.649
15.308
15.308
15.137
14.746
15.332
7.2266
0.90332
-1.123
-2.2461
-3.0029
-3.5889
-6.6895
-7.7393
-3.3447
-2.2949
-3.7598
-8.4473
-10.352
-11.401
-10.083
-7.5684
-8.2764
-10.205
-11.108
-11.865
-10.4
-10.205
-10.571
-11.182
-11.523
-11.304
-11.377
-11.328
-11.743
-11.475
-9.4482
-11.597
-13.721
-15.161
-15.674
-16.162
-16.748
-17.358
-17.529
-18.115
-18.237
-18.848
-19.043
-18.726
-18.823
-18.628
-18.994
-19.238
-18.848
-19.092
-19.067
-19.092
-19.263
-18.97
-19.043
-18.896
-19.214
-19.385
-18.994
-19.019
-16.968
-10.864
-7.1045
-4.7119
-3.0518
-1.8311
-1.9043
-2.0508
-1.6602
-0.92773
-0.43945
-0.24414
-0.31738
-0.24414
-0.048828
0.073242
0
-0.048828
0
0.024414
0
0
0
0
0
0
0
0
0
0
0.80566
1.5869
2.8076
4.4678
4.8584
6.25
7.9102
8.7402
9.5947
9.9854
10.767
10.522
10.474
10.84
11.401
11.353
11.597
11.548
11.328
11.67
10.767
11.743
11.523
11.548
11.67
11.865
12.305
12.036
11.45
11.621
11.06
7.0068
4.4922
3.1494
2.6123
1.709
1.1963
0.83008
0.3418
0
0
0
0
0
0
0
0
0
0
0
0
0
0
0
0
0
0
0
0
0
-0.26855
-0.56152
-0.36621
-0.39063
-0.48828
-0.95215
-0.65918
-1.0254
-0.80566
-0.63477
-0.78125
-0.83008
-0.68359
-0.78125
-0.46387
-0.48828
-0.61035
-1.001
-0.75684
-1.1963
-0.73242
-0.58594
-0.95215
-0.65918
-1.001
-0.61035
-0.58594
-0.56152
-1.001
