0
-0.46387
-3.4912
-8.8379
-14.038
-17.261
-18.408
-19.336
-19.995
-20.459
-20.557
-20.801
-21.338
-21.606
-21.509
-21.484
-22.07
-21.899
-22.314
-21.924
-22.144
-21.851
-22.021
-21.753
-22.388
-22.241
-22.217
-22.51
-22.168
-22.729
-21.948
-19.604
-13.232
-10.278
-9.5703
-9.082
-8.2031
-8.1543
-8.1787
-8.5938
-8.4961
-8.2031
-7.9346
-7.8125
-7.5439
-7.2021
-7.0313
-6.9092
-6.7139
-6.543
-6.4697
-6.1768
-5.9082
-5.9326
-6.25
-5.9326
-6.1768
-6.0791
-5.9326
-5.9814
-6.0791
-6.1768
-4.2725
-3.8086
-3.125
-3.5889
-3.9307
-3.6865
-3.4912
-3.2471
-3.125
-2.9785
-2.4658
-2.6123
-2.002
-1.8555
-2.1729
-1.3916
-1.8799
-1.9531
-1.6846
-1.9043
-1.4893
-1.7334
-2.1973
-1.5137
-1.8799
-1.7334
-1.6846
-2.1729
-1.2939
-1.2451
0.39063
1.9531
2.3193
3.2227
3.3203
3.1006
3.8086
3.5645
3.7598
3.3936
3.8086
3.7354
3.6865
3.2715
3.7109
3.8818
3.6377
3.54
3.6377
4.0039
3.6621
3.7354
3.3203
3.9551
3.4912
3.8086
3.2959
3.8574
3.833
2.5391
-0.46387
-2.1973
-4.6875
-5.6641
-6.6406
-7.2266
-7.0801
-7.5684
-7.4463
-8.0322
-7.7148
-8.1299
-8.1299
-7.8125
-8.0811
-7.8125
-8.3252
-7.7881
-7.9102
-7.8369
-7.9346
-8.1299
-8.0322
-8.252
-7.9346
-8.3252
-8.0566
-8.4961
-8.1543
-6.7383
-7.251
-13.037
-16.772
-18.237
-19.141
-19.751
-20.215
-20.459
-20.996
-21.289
-21.265
-21.826
-21.753
-21.997
-21.826
-22.07
-21.729
-22.046
-22.046
-22.266
-22.07
-21.997
-21.973
-22.314
-21.948
-22.07
-22.559
-22.314
-22.021
-21.973
-20.459
-20.557
-20.264
-20.605
-20.239
-20.19
-19.849
-19.629
-19.458
-19.165
-19.214
-19.189
-19.019
-19.067
-18.921
-18.823
-18.921
-18.677
-18.652
-18.823
-18.604
-18.701
-18.555
-18.579
-18.75
-18.579
-18.555
-18.506
-18.506
-16.748
-8.1299
-3.4668
-1.9531
-1.1719
-0.63477
-0.12207
0.097656
0.1709
0.14648
0.1709
0.19531
0.21973
0.073242
0.048828
0.024414
0.024414
0.024414
0.024414
0.024414
0.024414
0.024414
0.024414
0.048828
0.024414
0.024414
0
0
0
0
0.024414
0.5127
0.92773
0.83008
1.709
1.3184
1.1963
1.5137
1.416
1.4893
1.3428
1.6357
1.5137
1.1719
1.8555
1.4893
1.001
1.9531
1.4404
1.0986
1.8311
1.4648
1.2451
1.709
1.416
1.416
1.4648
1.5381
1.4893
1.2939
1.709
1.4893
1.0742
1.9287
1.5137
0.97656
1.9531
1.4648
1.123
1.7578
1.4404
1.2695
1.6602
1.416
1.4404
1.416
1.6113
1.4893
1.1963
1.7822
1.4893
0.97656
1.9043
1.416
1.123
1.6846
1.4404
1.3672
1.4893
1.5137
1.416
-1.1475
-4.0283
-8.7891
-9.9365
-10.718
-11.377
-11.67
-11.841
-12.109
-12.622
-12.817
-12.769
-12.769
-12.939
-13.159
-12.891
-12.891
-12.939
-12.988
-13.086
-12.842
-13.037
-13.33
-12.939
-13.257
-13.33
-13.037
-12.964
-13.208
-12.915
-12.842
-14.014
-14.624
-15.063
-15.552
-15.771
-16.138
-16.504
-16.333
-16.626
-16.626
-16.772
-16.626
-17.041
-16.846
-16.943
-17.163
-16.968
-17.041
-17.114
-16.992
-16.943
-17.065
-17.017
-17.139
-17.236
-16.968
-17.114
-17.114
-16.919
-12.671
-7.3242
-3.8574
-1.9043
-0.87891
-0.3418
-0.097656
0
0
0
0.024414
0
0
0
0
0
0
0
0
0
0
0
0
0
0
0
0
0
0
0
-0.70801
-1.3428
-1.001
-1.5625
-2.2217
-1.416
-1.8555
-1.8066
-1.709
-2.1973
-1.3672
-1.9043
-2.002
-1.7334
-2.0752
-1.4893
-1.9287
-2.2217
-1.6846
-2.0996
-1.6357
-1.8799
-2.2461
-1.5869
-1.9287
-1.709
-1.709
-2.2217
-1.3916
-1.709
-2.2949
-7.2021
-12.695
-15.161
-16.455
-17.09
-17.92
-18.213
-18.359
-18.701
-18.823
-19.604
-19.58
-19.312
-19.482
-19.678
-19.775
-19.727
-19.702
-20.02
-19.8
-19.727
-19.775
-19.775
-19.995
-19.873
-20.093
-20.02
-19.824
-20.19
-20.166
-20.068
-19.922
-19.653
-19.604
-19.214
-19.238
-19.165
-19.067
-19.189
-18.896
-18.872
-18.994
-18.579
-18.823
-18.677
-18.677
-18.921
-18.555
-18.701
-18.652
-18.433
-18.53
-18.604
-18.555
-18.677
-18.384
-18.677
-18.677
-17.92
-6.5918
0.024414
3.6133
8.2031
12.817
14.819
15.771
16.699
17.212
17.383
17.725
17.944
17.847
17.871
18.286
18.384
18.677
18.359
18.726
18.726
18.555
18.726
18.481
18.97
19.043
18.799
18.994
18.701
18.677
18.604
9.3506
2.2949
-0.36621
-2.9541
-4.5898
-5.6152
-6.4453
-6.3721
-6.8848
-7.2021
-6.665
-7.1777
-7.2998
-7.0557
-7.3486
-7.1289
-7.3486
-7.373
-7.373
-7.8125
-7.8369
-7.5439
-7.8125
-7.6416
-7.7393
-7.9102
-7.5928
-7.7393
-7.6172
-7.0068
-0.90332
0.36621
1.9287
3.6865
4.2725
4.7363
5.0049
5.0781
5.0781
5.249
5.2246
5.249
5.3711
5.542
5.542
5.542
5.4688
5.1758
5.1514
5.2979
5.4688
5.3711
5.2979
5.3467
5.2246
5.542
5.4443
5.5664
5.7617
5.7617
5.4688
5.7861
6.4941
6.1279
6.7383
6.9336
6.5918
6.8115
6.8848
6.9336
6.4697
7.1289
6.9824
6.6406
6.8115
7.0068
7.0068
6.7871
7.3242
7.373
7.0557
7.1777
7.2754
6.958
7.1533
7.2998
7.373
6.958
7.3242
7.1533
2.1484
-0.53711
-2.6367
-4.1016
-4.9316
-5.3955
-5.7129
-6.1279
-6.1279
-6.3477
-6.2012
-6.0791
-6.4697
-6.5918
-6.1279
-6.0547
-6.3721
-6.3965
-6.5918
-5.8105
-6.3721
-6.1768
-6.5918
-6.3477
-6.3965
-6.8115
-6.9336
-6.8848
-6.543
-5.1758
-9.2529
-10.62
-11.353
-12.5
-12.451
-12.939
-13.159
-13.257
-13.599
-13.745
-13.818
-14.038
-13.989
-13.794
-14.185
-14.038
-13.843
-13.989
-14.233
-13.916
-14.185
-14.185
-14.111
-14.16
-14.111
-14.087
-14.063
-13.989
-14.16
-8.1543
-4.0039
-2.2217
-3.0518
-1.8311
-1.8311
-1.7822
-1.9043
-1.7578
-1.6113
-1.4893
-1.2939
-1.1963
-1.0254
-0.87891
-0.83008
-0.56152
-0.5127
-0.70801
-0.65918
-0.56152
-0.29297
-0.29297
-0.31738
-0.56152
-0.58594
-0.29297
-0.43945
-0.58594
-0.58594
0.56152
3.2715
5.2979
6.2744
7.1533
7.1533
7.9102
7.5684
8.2275
8.0078
8.3496
8.2764
8.7646
8.5938
8.8867
8.3984
8.7891
8.4717
8.7891
8.5449
8.5938
8.5938
8.4961
8.5449
8.5449
8.6426
8.4229
8.7402
8.4473
8.7646
9.1064
9.0576
8.8135
8.6426
8.4473
8.2275
7.8857
7.7637
7.5195
7.4707
7.3242
7.2266
6.7871
6.6406
7.0068
6.4697
6.6162
6.4209
6.6895
6.8359
6.7627
6.5918
6.665
6.8848
6.7383
6.5674
6.4209
6.7383
6.6162
6.8848
5.5664
8.7891
9.5459
10.498
11.23
11.768
11.157
11.914
11.963
12.158
12.402
12.378
12.5
12.695
12.378
12.427
12.72
12.378
12.476
12.524
12.695
12.573
12.549
12.598
12.598
12.524
12.598
13.013
12.5
12.5
5.6152
0.29297
-1.6357
-5.4199
-7.7637
-8.7402
-9.4482
-10.156
-9.9609
-10.083
-10.474
-11.011
-10.742
-10.791
-11.06
-11.108
-11.011
-10.889
-10.986
-11.035
-11.035
-11.035
-11.157
-11.182
-11.206
-11.279
-11.133
-11.377
-11.108
-11.06
-6.2256
-2.5635
-2.2461
-1.9287
-0.83008
-1.0498
-0.68359
-0.78125
-0.5127
-0.3418
-0.19531
0
0.073242
0.073242
0
-0.024414
-0.024414
0
0.024414
0
0
0
0
0
0
0
0
0
0
0
1.1963
4.7363
10.059
13.11
14.966
15.845
16.406
16.895
17.163
17.48
17.529
17.334
17.896
17.749
17.944
18.066
17.847
18.042
18.066
17.993
18.066
17.944
18.262
18.359
18.14
18.262
18.286
18.311
18.53
18.286
13.525
10.278
8.3008
7.9102
6.9092
6.6895
7.0068
7.2021
6.9336
6.665
6.4209
6.25
6.1035
5.7617
5.6885
5.3467
5.0293
4.7852
4.834
4.7363
4.7852
4.8096
4.9072
4.7607
4.5654
4.4922
4.5898
4.6631
4.5898
4.4434
4.4922
5.542
5.9082
6.3477
6.0791
6.8115
6.5674
6.7871
6.3965
7.0557
6.9092
6.4697
7.1777
7.0557
6.8604
6.9092
7.2998
7.2998
6.958
7.4463
7.3486
7.0313
7.2266
7.2266
7.2021
7.0801
7.251
7.0313
6.7627
7.2021
5.1758
2.5146
2.0508
1.5381
1.0498
0.78125
0.80566
0.65918
0.43945
0.14648
0
-0.097656
-0.1709
-0.12207
-0.048828
0
0
0
0
0
0
0
0
0
0
0
0
0
0
0
-0.073242
-2.5635
-5.2002
-6.5918
-7.5684
-7.5928
-8.3984
-8.2031
-8.3984
-8.7646
-8.7646
-9.3994
-8.7402
-9.0088
-8.9111
-8.8867
-9.3262
-8.7891
-8.9111
-8.6182
-8.7646
-9.1797
-8.8379
-9.1797
-9.1064
-8.9844
-9.3506
-9.3262
-9.3506
-9.1309
-4.4678
1.2451
4.6387
9.4238
12.769
14.16
14.966
15.552
16.04
16.26
16.455
16.553
17.041
17.212
16.992
17.188
17.383
17.09
17.358
17.383
17.261
17.505
17.188
17.212
17.383
17.212
17.48
17.603
17.188
17.505
12.695
3.1982
0.1709
-2.4902
-5.9814
-7.3242
-8.7402
-8.96
-9.0332
-9.7656
-9.9121
-10.156
-10.352
-10.376
-10.718
-10.522
-10.522
-10.425
-10.522
-10.376
-10.718
-10.498
-10.205
-10.425
-10.693
-10.376
-10.693
-10.645
-10.571
-10.596
-9.1553
-7.7393
-7.7148
-7.0557
-7.4707
-7.5684
-7.2998
-7.1777
-6.958
-6.5918
-6.3721
-6.1523
-6.0059
-5.7129
-5.4932
-5.4932
-5.249
-5.2979
-5.3223
-5.4199
-5.3711
-5.3955
-5.4199
-5.3467
-5.3711
-5.2246
-5.2979
-5.0781
-5.1025
-4.9805
-3.2471
-6.8115
-8.7646
-10.132
-10.596
-11.133
-11.108
-11.548
-11.743
-12.354
-12.354
-12.573
-12.402
-12.476
-12.622
-12.451
-12.573
-12.891
-12.5
-12.671
-12.671
-12.866
-12.598
-12.72
-12.622
-12.598
-12.646
-12.72
-12.427
-12.427
-9.9854
-4.6143
-3.5889
-3.7598
-3.5645
-2.832
-3.3447
-3.3936
-3.125
-3.0029
-2.832
-2.6611
-2.5635
-2.4658
-2.3193
-1.9531
-2.0508
-1.6357
-1.5381
-1.5381
-1.5869
-1.4404
-1.5137
-1.6602
-1.2939
-1.5137
-1.8311
-1.0742
-1.4648
-1.8799
-1.5137
-3.6621
-8.4229
-12.549
-13.965
-14.722
-15.576
-15.942
-15.967
-16.675
-16.968
-17.114
-17.09
-17.114
-17.31
-17.407
-17.261
-17.554
-17.383
-17.407
-17.651
-17.554
-17.358
-17.627
-17.383
-17.456
-17.505
-17.505
-17.505
-17.578
-13.647
-4.7607
-0.65918
0.80566
1.8799
2.4414
2.7832
3.6133
3.418
3.6133
3.1738
3.9795
3.5889
3.7598
3.2715
3.833
3.7598
3.7598
3.3691
3.7598
4.0283
3.5156
3.6377
3.418
4.0283
3.418
3.5889
3.2715
3.9795
3.4912
2.9785
4.8096
9.3262
11.035
12.061
12.744
13.306
13.306
13.721
13.989
14.233
14.16
14.014
14.209
14.136
14.331
14.429
14.331
14.453
14.429
14.502
14.429
14.526
14.624
14.404
14.624
14.404
14.648
14.453
14.844
12.866
8.667
7.8857
6.8604
6.5918
6.0547
6.4941
6.5674
6.3721
6.1768
5.9082
5.7373
5.542
5.249
5.1514
5.1514
4.7607
4.4922
4.541
4.3213
4.126
4.2969
4.3945
4.248
4.0771
4.0771
4.0039
4.1016
4.3457
4.1748
2.3438
-2.0508
-6.543
-12.207
-16.016
-17.798
-18.53
-19.507
-19.629
-20.264
-20.532
-20.532
-20.947
-21.143
-21.362
-21.167
-21.387
-21.484
-21.533
-21.436
-21.606
-21.484
-21.558
-21.851
-21.509
-21.802
-21.802
-21.582
-21.533
-21.655
-21.289
-19.629
-19.629
-19.312
-19.653
-19.482
-19.067
-19.019
-18.677
-18.506
-18.579
-18.237
-18.286
-18.091
-17.993
-17.969
-17.725
-17.944
-17.871
-17.651
-17.847
-17.651
-17.627
-17.554
-17.627
-17.578
-17.603
-17.48
-17.603
-17.676
-15.259
-10.596
-8.3008
-7.6416
-7.1533
-6.7383
-6.6162
-7.251
-7.0313
-6.6895
-6.4941
-6.25
-5.957
-5.9082
-5.5908
-5.2734
-5.0781
-5.0049
-4.8828
-4.7363
-4.7119
-4.834
-4.8096
-4.834
-4.9561
-4.9316
-4.9316
-4.6387
-4.6387
-4.4434
-2.832
0.1709
3.1494
6.1768
7.5928
8.4229
9.0332
9.2041
9.7412
9.9121
10.229
9.79
10.132
10.596
10.425
10.669
10.498
10.596
10.693
10.815
10.596
10.693
10.571
10.571
10.84
10.693
10.278
10.498
10.522
10.62
8.7646
1.7822
-0.41504
-2.8809
-4.3213
-5.2246
-5.7129
-6.3232
-6.6162
-6.2988
-6.2988
-6.6406
-7.0557
-6.5918
-7.0801
-7.2266
-6.9336
-7.0801
-7.1777
-7.5195
-7.0801
-7.2266
-7.373
-6.7139
-7.1045
-7.1289
-7.2266
-7.0068
-7.0068
-7.0313
-6.2256
-6.7383
-7.4707
-6.8115
-7.6172
-7.2266
-8.0566
-8.1299
-8.1787
-8.3252
-7.9834
-8.2764
-7.959
-8.3008
-7.9346
-8.2764
-7.959
-8.1299
-8.0811
-7.8613
-8.2764
-7.7393
-8.0322
-7.8613
-8.252
-8.1543
-8.3252
-8.4473
-8.2031
-8.252
-6.8359
0.3418
4.6631
9.5215
14.038
16.479
17.505
18.262
18.921
19.238
19.434
19.604
19.946
19.946
20.435
20.532
20.117
20.483
19.995
20.313
20.508
20.264
20.85
20.19
20.972
20.508
20.874
20.679
20.63
20.728
19.434
15.186
13.989
13.403
12.817
12.476
11.987
12.329
12.354
12.036
11.694
11.523
11.499
11.377
10.986
10.791
10.815
10.767
10.571
10.596
10.4
10.449
10.376
10.474
10.254
10.327
10.107
10.132
10.254
9.8633
9.0332
9.5947
12.988
14.209
15.479
16.113
16.528
16.943
16.699
17.114
17.31
17.407
17.725
17.627
17.505
17.847
17.871
18.018
17.847
17.725
17.944
17.822
18.018
17.969
17.92
17.993
18.14
17.92
17.969
17.92
17.749
18.408
18.115
17.993
18.188
17.749
18.042
17.944
17.627
17.773
17.456
17.578
17.7
17.432
17.603
17.603
17.236
17.627
17.358
17.48
17.407
17.456
17.529
17.456
17.432
17.432
17.603
17.285
17.358
17.407
16.406
7.7637
2.8564
1.1719
0.024414
-0.48828
-1.0498
-1.1475
-1.8066
-0.97656
-1.4648
-1.7578
-1.2695
-1.4893
-1.5869
-1.4893
-1.3916
-1.5137
-1.6357
-1.2939
-1.4404
-1.7578
-1.123
-1.416
-1.9287
-0.97656
-1.4893
-1.8066
-1.1475
-1.4648
-1.4648
-2.0264
-3.3447
-4.1748
-4.7363
-4.7607
-4.9561
-4.9805
-5.0049
-5.249
-5.1025
-5.2246
-5.2979
-5.3711
-5.2979
-5.5176
-5.2979
-5.542
-5.5908
-5.7373
-5.835
-5.7617
-5.7861
-5.6152
-5.9814
-5.7617
-5.7373
-5.5908
-5.6396
-5.542
-5.1514
-5.7861
-7.1533
-8.2764
-8.3252
-8.6182
-9.375
-9.1553
-9.79
-9.8877
-10.107
-10.01
-10.352
-10.229
-10.4
-9.9609
-10.229
-10.205
-10.376
-9.8877
-10.083
-9.9609
-10.376
-10.156
-9.8389
-10.254
-10.278
-10.229
-10.352
-10.327
-10.474
-10.132
-10.376
-10.181
-9.9365
-9.6436
-9.4238
-9.2529
-9.2041
-8.8867
-9.0088
-8.667
-8.8379
-8.5205
-8.7891
-8.4473
-8.4229
-8.374
-8.3984
-8.3252
-8.1787
-8.4961
-8.0078
-8.1543
-7.6416
-8.2275
-7.8369
-8.0566
-8.0811
-7.959
-8.3496
-8.8135
-8.7402
-8.3984
-8.3008
-8.1543
-8.1299
-8.1055
-7.5928
-7.9346
-7.7393
-7.4707
-7.4951
-7.4219
-7.6416
-7.7881
-7.373
-7.5684
-7.666
-7.666
-7.9834
-7.6904
-7.8369
-7.959
-7.5928
-7.8613
-7.7148
-7.5439
-7.7148
-7.3242
-7.5195
-7.251
-7.5439
-8.1787
-8.0566
-8.4961
-8.8379
-8.7646
-9.2773
-8.7646
-9.1797
-9.082
-9.2529
-9.3262
-8.9111
-9.1553
-9.0576
-8.8867
-9.1064
-8.7646
-9.2041
-9.0332
-8.9844
-9.2529
-8.9355
-9.1309
-9.2285
-9.375
-9.4482
-9.082
-9.0576
-8.4717
-8.5449
-9.2773
-8.6182
-8.6182
-9.5215
-9.1309
-9.3018
-9.4482
-9.5459
-9.9854
-9.8633
-9.8633
-9.8145
-9.668
-9.6191
-9.4482
-9.4727
-9.6436
-9.4482
-9.4238
-9.7412
-9.2529
-9.79
-9.6436
-9.3506
-9.6436
-9.7412
-9.4482
-9.79
-5.4688
-4.248
-3.9063
-3.8818
-3.3203
-3.8574
-3.7109
-3.4668
-3.2959
-3.1006
-2.7832
-2.7344
-1.9043
-1.8066
-2.2461
-1.4648
-1.8311
-1.7822
-1.6602
-2.002
-1.3672
-1.7578
-2.1484
-1.5625
-1.8066
-1.709
-1.6846
-2.1729
-1.3184
-1.9043
-1.9043
-3.5645
-4.3213
-4.541
-4.8828
-5.0293
-5.1758
-5.249
-5.542
-5.5664
-5.5908
-5.6641
-5.5908
-5.3955
-5.6152
-5.3711
-5.542
-5.4932
-5.4932
-5.3955
-5.1758
-5.3711
-5.2002
-5.2734
-5.3711
-5.2979
-5.4688
-5.5664
-5.6152
-3.8086
-8.9844
-13.818
-16.211
-17.236
-17.871
-18.237
-18.506
-18.921
-19.287
-19.678
-19.897
-19.946
-19.775
-20.068
-20.19
-20.264
-20.093
-20.264
-20.166
-20.386
-20.142
-20.117
-20.093
-20.288
-20.337
-20.142
-20.361
-20.361
-20.288
-11.963
-4.4189
-0.95215
0.12207
1.5137
1.9287
2.5391
2.3193
2.8809
2.5879
3.2959
2.7344
2.5879
2.9541
2.7344
3.1982
2.9053
2.4658
3.1738
2.7832
2.9297
2.9785
2.4414
3.3447
2.8076
2.7344
2.9541
2.6611
3.2959
2.8809
2.9297
1.416
0.70801
0.26855
0.024414
-0.1709
-0.19531
-0.073242
-0.024414
0.024414
0.048828
0.024414
0
0
-0.024414
0
0
0
0
0
0
0
0
0
0
0
0
0
0
0
-0.48828
-3.4424
-7.6904
-9.4238
-10.4
-10.864
-11.353
-11.792
-11.67
-11.572
-12.28
-12.378
-12.329
-12.158
-12.476
-12.573
-12.622
-12.402
-12.646
-12.573
-12.573
-12.329
-12.378
-12.476
-12.476
-12.451
-12.549
-12.622
-12.402
-12.427
-6.3232
-1.8311
-0.80566
0.14648
0.92773
0.85449
1.2451
1.5381
1.4404
0.95215
1.9043
1.3672
1.123
1.6357
1.3184
1.4648
1.3184
1.6357
1.4648
1.0498
1.9043
1.416
1.001
1.7578
1.4404
1.2451
1.5625
1.416
1.4893
1.3672
0.073242
-1.9775
-3.833
-4.4922
-5.3223
-5.5176
-5.7129
-5.957
-5.957
-6.2744
-6.2012
-5.9082
-6.2988
-6.25
-6.543
-6.4209
-6.1035
-6.6162
-6.4941
-6.8115
-6.3965
-6.5918
-6.8115
-6.9092
-6.6406
-6.4453
-6.7627
-6.7139
-6.8359
-6.2744
-2.0264
0.5127
3.3447
5.2734
6.3477
7.2754
7.4707
7.8125
7.5928
8.2275
8.0811
8.5938
8.0811
8.4961
8.2031
8.8135
8.5205
8.5938
8.2275
8.5938
8.5693
8.6426
8.4473
8.7646
8.6182
8.4717
8.7402
8.6182
8.5693
8.3252
3.418
-1.0986
-4.7607
-10.034
-12.402
-12.988
-13.916
-14.233
-14.575
-14.697
-15.112
-15.503
-15.283
-15.723
-15.967
-15.576
-15.723
-15.845
-15.771
-16.04
-15.845
-15.625
-16.113
-16.016
-15.845
-16.138
-15.942
-15.942
-16.113
-15.894
-8.374
-0.61035
3.418
8.3008
12.036
13.77
14.648
15.454
16.187
16.016
16.382
16.479
16.479
17.114
16.87
17.041
17.285
16.968
17.212
17.236
17.188
17.432
17.334
17.285
17.432
17.334
17.432
17.48
17.139
17.603
10.767
1.5625
-2.002
-5.9814
-11.304
-13.843
-14.795
-15.649
-15.894
-16.553
-16.699
-16.699
-17.139
-17.188
-17.383
-17.603
-17.578
-17.749
-17.578
-17.7
-17.92
-17.798
-17.798
-17.847
-17.822
-18.042
-17.92
-17.676
-18.115
-17.896
-16.553
-15.771
-15.186
-14.771
-15.283
-15.234
-14.819
-14.697
-14.478
-14.16
-14.038
-14.038
-13.745
-13.696
-13.721
-13.721
-13.33
-13.306
-13.477
-13.257
-13.306
-13.184
-13.232
-13.037
-13.062
-13.159
-13.11
-13.013
-13.257
-13.306
-11.621
-13.989
-15.723
-16.919
-17.603
-18.018
-18.237
-18.677
-18.872
-18.896
-19.287
-19.043
-19.531
-19.653
-19.702
-19.653
-19.702
-19.556
-19.702
-19.824
-19.751
-19.531
-19.971
-19.751
-19.873
-19.751
-19.702
-19.922
-19.873
-19.824
-13.184
-2.71
1.5137
5.6152
11.328
14.844
16.04
17.212
17.676
18.481
18.604
18.701
19.019
19.019
19.336
19.287
19.36
19.604
19.238
19.458
19.531
19.604
19.702
19.507
19.995
19.385
19.629
19.946
19.678
20.117
18.457
12.109
6.8604
3.5645
1.709
0.75684
0.31738
0.048828
0
-0.024414
-0.024414
-0.024414
-0.024414
0
0
0
0
0
0
0
0
0
0
0
0
0
0
0
0
0
-0.48828
-1.9287
-5.4688
-6.0791
-7.1289
-7.7881
-7.8613
-8.3252
-8.4229
-8.3496
-9.0576
-8.9111
-9.1064
-8.9111
-8.9111
-9.3262
-9.0088
-9.0332
-8.8135
-9.0576
-9.1553
-8.8623
-8.9355
-8.9844
-8.8867
-9.2041
-9.0576
-9.0332
-9.1309
-8.8867
-8.6914
-9.9121
-10.767
-11.377
-11.816
-11.914
-11.89
-12.329
-12.72
-12.817
-12.891
-12.915
-13.013
-13.11
-12.769
-12.915
-13.11
-13.037
-13.013
-12.744
-13.306
-12.769
-12.891
-13.232
-13.037
-13.037
-12.866
-13.184
-13.184
-13.11
-8.6182
0.024414
3.5645
8.9355
13.721
16.406
17.212
18.408
18.872
19.312
19.458
19.58
19.678
19.873
20.288
20.166
20.264
20.508
20.41
20.728
20.264
20.63
20.557
20.557
20.923
20.605
20.801
20.459
20.947
20.679
16.895
5.7617
0.75684
-1.8799
-5.3711
-7.2266
-7.9346
-8.6914
-9.4971
-9.3506
-9.375
-9.7412
-9.7168
-10.718
-10.254
-10.449
-10.425
-10.62
-10.669
-10.376
-10.327
-10.474
-10.522
-10.474
-10.669
-10.645
-10.4
-10.498
-10.4
-10.522
-6.8115
0.68359
4.3213
9.1064
13.696
15.869
16.992
18.091
18.604
18.921
19.336
19.214
19.702
19.507
19.775
19.922
19.922
20.117
19.824
20.117
20.288
20.093
20.483
20.068
20.532
19.971
20.093
20.068
20.068
20.557
19.434
13.354
7.7881
4.1504
2.002
0.92773
0.39063
0.12207
-0.024414
-0.12207
-0.073242
0
0
0
0.024414
0
0
0
0
0
0
0
0
0
0
0
0
0
0
0
0.048828
0.73242
0.90332
1.2939
0.90332
1.8555
1.3428
1.1475
1.6602
1.416
1.3916
1.4893
1.5381
1.4893
1.3916
1.6357
1.5381
1.2695
1.7822
1.4893
1.123
1.9043
1.4648
0.97656
1.8311
1.3916
1.2207
1.4893
1.4404
1.4648
1.0498
2.9541
7.4219
10.645
11.89
12.427
13.062
13.428
13.818
13.55
13.916
14.307
14.209
14.307
14.429
14.648
14.331
14.6
14.502
14.38
14.6
14.526
14.551
14.673
14.844
14.526
14.551
14.868
14.697
14.673
14.209
14.868
15.649
16.479
17.188
17.31
17.847
17.896
18.164
18.262
18.14
18.506
18.384
18.555
18.823
18.579
18.823
18.75
18.701
18.945
18.604
18.848
18.872
18.774
18.823
18.75
18.921
18.921
18.726
19.019
16.821
8.3984
2.8564
1.2695
0.31738
-0.46387
-0.73242
-0.58594
-0.92773
-0.95215
-1.3184
-1.123
-0.73242
-1.1963
-1.0986
-1.3916
-0.70801
-1.1719
-0.95215
-1.416
-0.87891
-1.0254
-0.92773
-1.416
-1.0742
-0.80566
-1.1719
-1.2451
-1.2207
-0.75684
-0.90332
-2.7832
-8.1055
-12.646
-14.697
-16.113
-16.504
-17.017
-17.383
-17.505
-17.871
-18.066
-18.359
-18.457
-18.555
-18.652
-18.628
-18.579
-18.848
-18.628
-18.945
-18.823
-18.774
-18.994
-18.872
-18.97
-18.921
-18.945
-19.116
-18.701
-18.555
-18.164
-18.579
-18.799
-18.823
-18.896
-19.019
-19.092
-19.36
-19.141
-19.189
-19.336
-19.092
-19.409
-19.507
-19.409
-19.409
-19.263
-19.36
-19.434
-19.263
-19.409
-19.189
-19.36
-19.287
-19.36
-19.434
-19.263
-19.458
-19.336
-19.507
-19.873
-19.434
-19.238
-19.141
-18.872
-19.043
-18.53
-18.555
-18.481
-18.408
-18.555
-18.286
-18.14
-18.359
-18.018
-18.14
-18.115
-18.042
-18.164
-18.066
-17.993
-18.213
-17.944
-18.018
-17.944
-17.798
-18.091
-18.018
-17.944
-16.577
-7.7637
-2.6855
-1.3672
-0.46387
0.097656
0.3418
0.36621
0.73242
0.92773
0.73242
0.63477
0.80566
0.48828
0.53711
1.001
0.92773
0.5127
0.95215
0.56152
0.46387
0.80566
0.97656
0.73242
0.70801
0.78125
0.48828
0.68359
0.97656
0.87891
0.56152
0.87891
0.73242
0.3418
0.1709
0.12207
0.097656
0.097656
0.12207
0.048828
0.048828
0.024414
0.024414
0
0.024414
0
0.024414
0.024414
0.024414
0.073242
0.097656
0.14648
0.12207
0.14648
0.097656
0.048828
0
0
0
0
0.024414
1.3672
2.5391
3.5889
4.2969
4.6875
4.6387
4.7852
4.7852
4.8584
4.8096
4.9072
4.9316
5.0049
4.9561
4.9561
4.9805
4.9561
5.127
4.9561
4.9561
5.0293
4.9561
5.0537
4.834
5.0781
5.2002
5.2246
5.0781
5.1514
4.4922
4.8828
8.7891
10.376
11.792
12.231
12.695
13.135
12.671
13.306
13.77
13.33
13.818
13.843
13.794
13.892
13.965
14.038
13.989
13.794
13.965
13.965
13.745
13.965
14.16
13.867
14.258
14.014
13.965
14.111
12.988
5.2246
1.2451
-0.26855
-1.709
-2.5879
-3.0029
-3.4668
-3.4424
-3.3447
-3.418
-3.9551
-3.4668
-3.4424
-3.54
-4.0771
-3.6377
-3.54
-3.6621
-4.0283
-3.9307
-3.5645
-3.8086
-3.7354
-4.1748
-3.5889
-3.6621
-3.5645
-4.0283
-3.6621
-3.0518
-3.4424
-9.1064
-14.502
-16.968
-18.262
-19.116
-19.312
-20.044
-20.117
-20.508
-20.605
-20.996
-21.362
-21.484
-21.362
-21.289
-21.558
-21.436
-21.631
-21.509
-21.484
-21.924
-21.484
-21.826
-21.826
-21.851
-21.411
-21.729
-21.68
-21.021
-9.9609
-1.3916
2.5146
6.543
11.23
13.281
14.648
15.234
15.674
16.284
16.455
16.309
16.65
16.821
16.919
17.383
17.163
17.163
17.383
17.017
17.31
17.236
17.261
17.456
17.358
17.261
17.603
17.212
17.358
16.968
7.4463
1.5137
-0.29297
-3.0762
-4.7607
-5.4688
-6.4209
-6.2988
-6.9336
-7.1045
-6.5674
-7.0557
-7.4707
-7.1289
-7.4463
-7.4707
-7.4951
-7.666
-7.3486
-7.7637
-7.9102
-7.4951
-7.8125
-7.666
-7.6904
-7.7637
-7.4219
-7.5195
-7.7148
-7.3242
-6.2988
-6.3721
-6.2988
-6.665
-6.4209
-6.25
-6.0547
-5.8594
-5.6396
-5.3955
-5.1758
-5.0537
-4.7607
-4.6143
-4.6387
-4.7607
-4.4678
-4.0283
-4.126
-4.2725
-4.0527
-4.3701
-4.248
-3.7354
-3.9307
-4.1016
-3.9795
-4.3457
-4.2725
-3.6865
0.5127
4.3457
9.1064
13.843
15.527
16.968
17.456
18.164
18.53
18.433
18.75
18.799
19.263
19.434
19.312
19.385
19.458
19.702
19.36
19.604
19.873
19.678
20.02
19.531
20.02
19.8
19.604
19.727
19.653
19.727
12.305
7.7881
5.2246
4.1992
3.6865
3.4424
2.9053
3.4912
3.2471
3.0273
2.8564
2.6611
2.5146
2.2217
2.2705
1.9287
1.4404
1.6846
1.5625
1.3184
1.7334
1.5137
1.1719
1.8555
1.4893
0.97656
1.9531
1.416
1.1475
1.7334
2.1729
2.4414
3.0029
3.9063
3.8818
3.8818
4.0283
3.7598
4.0283
4.2725
4.1748
4.1016
4.2969
4.0283
4.2725
4.5898
4.4922
3.9795
4.248
3.9063
3.8086
4.1992
3.833
4.1992
3.8818
3.9307
4.1992
4.4678
4.0527
0.024414
-2.5146
-7.5439
-11.841
-13.379
-14.307
-15.259
-15.112
-15.552
-15.845
-16.162
-16.284
-16.479
-16.455
-16.748
-16.675
-16.772
-16.895
-16.748
-16.968
-17.017
-16.797
-16.895
-16.87
-16.846
-17.041
-16.992
-16.992
-16.968
-16.87
-13.037
-12.549
-11.865
-11.06
-11.084
-11.206
-11.45
-11.06
-10.913
-10.791
-10.522
-10.229
-10.156
-9.9121
-9.6924
-9.7412
-9.6924
-9.3018
-9.3262
-9.4482
-9.2773
-9.3994
-9.2773
-9.2041
-9.4727
-8.9844
-9.1553
-8.8623
-9.0576
-9.2529
-6.2988
-4.7607
-4.3945
-3.6865
-4.0283
-4.3945
-4.1748
-3.9307
-3.7842
-3.6133
-3.3447
-3.1982
-2.8809
-2.832
-2.3193
-2.5635
-2.0508
-2.5635
-1.9531
-2.417
-1.8799
-2.4902
-1.8799
-2.5635
-2.0264
-2.3682
-2.2705
-2.0264
-2.4902
-2.0508
-1.6846
-6.1279
-11.304
-14.819
-15.747
-16.626
-17.188
-17.798
-18.311
-18.14
-18.555
-18.799
-18.872
-19.067
-18.994
-19.238
-19.141
-19.287
-19.434
-19.141
-19.409
-19.238
-19.336
-19.409
-19.263
-19.36
-19.482
-19.409
-19.409
-19.312
-12.036
-3.4668
-0.31738
1.8066
3.2959
4.6631
5.3955
5.7861
5.7861
5.835
6.3965
6.2012
6.4453
6.2744
6.4209
6.665
6.6162
6.4453
6.25
6.6162
6.5918
6.4697
6.3477
6.3232
6.6162
6.3477
6.5186
6.1523
6.4941
6.6895
2.2461
-1.5625
-5.6641
-10.034
-12.427
-13.696
-14.16
-14.917
-14.99
-15.259
-15.845
-15.942
-15.918
-16.26
-16.357
-16.089
-16.235
-16.577
-16.357
-16.504
-16.479
-16.382
-16.431
-16.602
-16.406
-16.626
-16.577
-16.504
-16.626
-16.626
-15.454
-17.261
-18.066
-18.921
-19.653
-19.8
-20.386
-20.239
-20.752
-21.045
-21.265
-21.436
-21.582
-21.655
-21.436
-21.606
-21.24
-21.753
-21.436
-21.851
-21.704
-21.875
-21.411
-21.826
-21.729
-21.582
-21.875
-21.558
-21.631
-21.753
-20.776
-19.775
-19.214
-19.434
-19.531
-19.385
-19.189
-18.799
-18.848
-18.481
-18.384
-18.359
-18.213
-18.042
-18.14
-17.92
-17.993
-17.871
-17.822
-17.896
-17.676
-17.7
-17.627
-17.651
-17.749
-17.651
-17.456
-17.749
-17.725
-17.578
-11.377
-2.6367
0.75684
3.54
7.3975
9.1797
10.303
11.157
11.475
11.89
11.694
11.938
12.085
12.109
12.451
12.427
12.231
12.207
12.646
12.817
12.524
12.427
12.549
12.5
12.427
12.671
12.817
12.695
12.72
12.549
9.4482
6.3965
5.4688
4.541
3.833
3.9307
4.4189
4.248
4.0039
3.833
3.6133
3.3691
3.125
2.9785
2.6123
2.5391
2.002
2.4902
1.9043
2.417
1.8555
2.3438
1.9043
2.4902
1.9287
2.4658
1.9775
2.1484
2.1973
1.8555
2.1484
3.9307
5.1025
5.8838
7.1289
7.1045
7.1533
7.6904
7.4463
8.3252
8.0078
8.1787
8.1299
7.9834
8.0322
7.9346
8.4473
7.7881
8.3008
7.9346
8.1787
7.9346
8.3252
7.959
7.8369
8.3252
8.0078
8.5205
8.252
8.3252
4.834
0.56152
-1.5869
-3.8818
-4.6387
-5.4688
-6.3965
-6.3232
-6.7139
-6.25
-6.5186
-6.8604
-6.958
-6.7383
-6.958
-7.1533
-6.7139
-7.0801
-7.3486
-7.2998
-7.2021
-7.251
-7.1533
-6.8359
-7.2021
-7.3486
-6.8115
-7.3242
-7.2266
-6.9092
-5.6396
-7.7637
-11.157
-12.036
-13.403
-13.77
-14.111
-14.282
-14.575
-14.673
-15.112
-15.356
-15.039
-15.405
-15.381
-15.381
-15.527
-15.552
-15.503
-15.381
-15.601
-15.405
-15.454
-15.601
-15.576
-15.503
-15.747
-15.649
-15.601
-15.674
-12.085
-5.5176
-3.3936
-2.8564
-2.002
-2.3682
-1.5137
-2.0264
-1.7822
-1.5869
-1.4648
-1.2207
-0.83008
-0.43945
-0.75684
-0.46387
-0.29297
-0.5127
-0.48828
-0.48828
-0.48828
-0.36621
-0.26855
-0.21973
-0.26855
-0.36621
-0.46387
-0.3418
-0.24414
-0.39063
-0.21973
1.2939
3.0762
3.2227
3.9795
4.1748
4.0527
4.1992
4.3457
4.6143
4.7852
4.834
4.7119
4.3457
4.5898
4.541
4.5166
4.3945
4.4189
4.4922
4.5166
4.8096
4.7363
4.7119
4.4434
4.3457
4.4678
4.4922
4.4922
4.248
3.833
5.7373
11.523
15.161
16.772
17.7
18.628
18.823
19.653
19.727
19.507
19.946
19.873
20.337
20.166
20.19
20.654
20.459
20.801
20.41
20.483
20.679
20.435
20.728
20.41
20.728
20.703
20.85
21.045
20.508
18.188
7.4707
1.0742
-1.123
-4.248
-6.7627
-7.5684
-8.7402
-8.4961
-9.082
-9.5703
-9.1064
-9.6924
-9.668
-10.132
-9.8145
-9.8389
-10.181
-10.156
-10.083
-10.4
-10.181
-10.303
-10.059
-10.181
-10.205
-10.083
-9.9121
-9.9365
-10.229
-9.0576
-6.9336
-6.0547
-5.8838
-5.7129
-6.0547
-6.2012
-6.0059
-5.7129
-5.6152
-5.3955
-5.1758
-4.9561
-4.9316
-4.4678
-4.1504
-4.1016
-3.9307
-4.0039
-3.3936
-3.6621
-3.5889
-4.0527
-3.6377
-3.6377
-3.5645
-4.1504
-3.4912
-3.4912
-3.5645
-3.5889
-4.1504
-5.0781
-5.8105
-6.2012
-6.3232
-6.4697
-6.4941
-6.7871
-7.2266
-6.7627
-7.1533
-7.1289
-6.9092
-6.8359
-6.8848
-7.3242
-6.8848
-7.1289
-7.1045
-6.7139
-6.7871
-7.1045
-6.9336
-6.665
-7.0801
-7.1289
-6.7627
-7.3486
-7.4219
-6.665
-7.5195
-9.7656
-10.84
-11.45
-12.231
-12.134
-12.817
-12.476
-13.037
-12.939
-13.452
-13.452
-13.477
-13.696
-13.55
-13.574
-13.574
-13.623
-13.623
-13.574
-13.452
-13.77
-13.574
-13.647
-13.818
-13.647
-13.599
-13.525
-13.623
-11.401
-1.9775
1.2451
5.1758
9.7656
12.036
13.208
13.672
14.6
14.746
14.6
15.283
15.405
15.601
15.771
15.552
15.747
15.845
15.698
15.918
15.991
15.942
15.967
16.138
15.894
16.016
16.162
15.869
15.967
15.918
14.844
7.959
4.126
2.6367
2.1729
1.3184
0.80566
1.0498
0.80566
0.61035
0.46387
0.24414
0.12207
-0.024414
-0.097656
-0.12207
-0.024414
-0.024414
0
0
0
0
0
0
0
0
0
0
0
0
0.097656
2.1729
6.0303
10.254
12.231
13.525
14.111
14.697
14.673
15.137
14.99
15.332
15.601
15.527
15.82
15.967
15.625
16.04
15.894
15.723
16.064
15.942
15.894
16.016
16.04
15.82
16.089
16.064
16.064
16.211
15.308
4.2969
-0.56152
-3.7598
-8.374
-11.499
-12.866
-13.672
-14.258
-14.404
-14.771
-15.015
-15.527
-15.356
-15.845
-15.967
-15.723
-15.869
-15.991
-15.967
-15.991
-16.04
-15.942
-16.089
-15.991
-15.918
-16.113
-16.089
-15.942
-16.187
-15.161
-4.6875
0.26855
2.3438
6.3721
8.252
9.7656
10.522
10.498
10.938
11.353
11.011
11.353
11.621
11.694
12.012
12.061
11.987
12.061
12.134
12.402
12.305
12.207
11.914
12.183
12.231
12.085
11.963
12.061
12.134
11.938
10.474
14.453
15.991
16.968
17.651
18.359
18.555
18.945
18.75
19.287
19.214
19.385
19.434
19.531
19.702
19.556
19.629
19.775
19.629
19.971
19.458
19.946
19.531
19.507
19.995
19.434
19.775
19.971
19.824
19.702
15.918
9.5215
5.2002
2.5879
1.1963
0.5127
0.1709
0
-0.048828
-0.073242
0
0
0
0
0
0
0
0
0
0
0
0
0
0
0
0
0
0
0
0
0
0
0
0
0
0
0
0
0
0
0
0
0
0
0
0
0
0
0
0
0
0
0
0
0
0
0
0
0
0
-0.70801
-4.5654
-9.5459
-11.523
-13.232
-13.77
-14.136
-14.6
-14.575
-14.697
-15.43
-15.381
-15.503
-15.942
-15.796
-15.723
-16.138
-15.723
-15.796
-16.113
-15.918
-16.064
-16.26
-16.089
-15.894
-16.211
-15.942
-16.089
-15.967
-7.5928
-1.709
-0.097656
1.5625
2.417
2.9541
3.2715
3.3203
3.9551
3.4912
3.5156
3.5645
4.1504
3.6865
3.7109
3.3203
3.8574
3.7109
3.8086
3.3203
3.7109
3.9551
3.5645
3.418
3.6133
4.0771
3.54
3.5889
3.3936
4.0527
0.80566
-0.61035
-2.832
-3.5889
-4.5166
-4.9072
-5.0537
-5.0781
-5.1758
-5.2734
-5.4443
-5.2979
-5.2734
-5.3711
-5.7373
-5.7373
-5.6396
-5.4443
-5.3955
-5.2734
-5.3223
-5.2979
-5.2246
-5.4688
-5.249
-5.6641
-5.4199
-5.5908
-5.7373
-5.7129
-1.416
0.97656
4.1992
5.7861
6.9824
7.3975
8.1787
8.0811
8.4229
8.1787
9.0332
8.8623
9.0088
9.1309
9.1064
9.3262
8.7891
9.2773
9.082
9.0088
9.1553
8.8135
9.2041
9.082
8.8379
9.2773
8.7646
9.3506
9.0576
8.96
4.5654
2.2705
1.2451
0.21973
-0.097656
-0.21973
-0.39063
-0.43945
-0.3418
-0.21973
-0.41504
-0.5127
-0.48828
-0.48828
-0.46387
-0.24414
-0.21973
-0.24414
-0.31738
-0.53711
-0.48828
-0.24414
-0.36621
-0.5127
-0.5127
-0.5127
-0.48828
-0.29297
-0.26855
-0.26855
-0.36621
-3.8818
-7.251
-8.9111
-10.107
-10.376
-10.718
-11.23
-11.279
-11.206
-11.743
-11.938
-11.987
-11.743
-12.012
-12.305
-12.036
-11.938
-12.134
-11.914
-11.987
-12.061
-12.207
-12.158
-12.231
-12.134
-12.329
-12.207
-12.109
-12.012
-10.815
-10.083
-9.4482
-9.8633
-9.9365
-9.9121
-9.6924
-9.4482
-9.2529
-9.0576
-8.9355
-8.6426
-8.4717
-8.1299
-8.1787
-8.2031
-7.7881
-8.0322
-7.5684
-7.666
-7.7637
-7.4951
-7.8369
-7.7637
-7.5439
-7.8125
-7.5684
-7.8857
-7.9102
-7.5195
-6.2744
-5.4688
-4.7852
-4.834
-5.3711
-5.249
-4.9561
-4.7852
-4.4678
-4.248
-4.0527
-3.7109
-3.2959
-3.6133
-2.6367
-2.9297
-3.2715
-2.7832
-3.125
-2.6367
-2.8076
-3.3936
-2.6611
-3.0518
-3.0273
-2.7588
-3.3936
-2.7588
-3.0029
-3.5156
-1.4893
-0.12207
0.95215
1.2695
1.3916
1.8311
1.7578
1.3916
2.2461
1.6846
1.4893
1.9287
1.709
1.9287
1.8555
1.3672
2.1973
1.709
1.6602
1.8555
1.5869
2.1484
1.8311
1.3672
2.0752
1.7334
1.8311
1.8799
1.4404
2.2461
1.0498
4.2725
7.3486
8.7646
9.668
9.9854
10.376
10.742
11.157
11.108
11.182
11.377
11.377
11.353
11.353
11.45
11.621
11.597
11.328
11.597
11.743
11.67
11.45
11.621
11.646
11.597
11.646
11.523
11.621
11.694
6.8115
0.97656
-0.97656
-4.2969
-6.2012
-7.3486
-8.0811
-8.1787
-8.5938
-9.0088
-9.0088
-9.4482
-9.7168
-9.375
-9.5459
-9.8877
-9.4238
-9.3994
-9.8389
-9.4971
-9.7656
-9.7656
-9.3506
-9.3506
-9.7656
-9.5947
-9.4482
-9.6191
-9.9121
-9.9121
-7.3242
-10.205
-14.746
-16.699
-17.603
-18.384
-18.848
-19.189
-19.58
-19.629
-20.239
-20.166
-20.288
-20.508
-20.508
-20.532
-20.654
-20.728
-20.874
-20.825
-20.825
-20.85
-20.874
-20.679
-20.801
-20.703
-20.85
-20.972
-20.654
-20.947
-15.039
-3.125
1.5137
5.9082
10.889
15.259
16.65
18.018
18.97
19.116
19.385
19.58
19.946
20.166
20.264
20.459
20.313
20.264
20.264
20.483
20.752
20.532
20.63
20.459
20.581
20.435
20.654
20.605
20.386
21.045
15.503
4.1016
-0.75684
-4.6631
-10.352
-13.55
-14.941
-15.942
-16.577
-16.772
-16.968
-17.285
-17.7
-17.798
-18.042
-18.091
-18.262
-18.164
-18.237
-18.188
-18.237
-18.506
-18.311
-18.311
-18.53
-18.335
-18.359
-18.408
-18.237
-18.555
-13.965
-2.4658
2.0752
5.6152
11.255
14.014
15.454
16.431
17.041
17.456
17.822
17.725
17.944
18.164
18.359
18.433
18.262
18.677
18.604
18.408
18.848
18.506
18.799
18.677
18.701
18.726
18.945
18.774
18.872
18.628
18.481
18.677
18.481
18.384
18.018
17.847
17.847
17.48
17.48
17.383
17.09
17.432
17.041
16.968
17.065
16.992
16.699
16.968
16.846
16.455
16.87
16.626
16.602
16.699
16.455
16.479
16.821
16.333
16.602
16.772
13.428
5.1514
0.61035
-0.39063
-1.8311
-2.3438
-3.0029
-3.2959
-3.4424
-3.6865
-3.1494
-3.7109
-3.7109
-3.9307
-3.2959
-3.7598
-3.7842
-3.8818
-3.3691
-3.7109
-3.6377
-4.1016
-3.2715
-3.7598
-3.6621
-4.0527
-3.5156
-3.6621
-3.6377
-4.0283
-2.3438
1.3184
4.2725
9.082
11.06
12.183
12.964
13.525
13.892
14.209
14.038
14.624
14.282
14.673
14.648
14.941
14.6
15.015
14.893
14.893
14.941
14.966
14.771
15.161
14.966
14.941
14.966
15.308
14.844
15.112
14.575
14.844
15.942
16.895
17.31
17.48
17.822
17.676
18.14
18.286
18.53
18.652
18.384
18.628
18.799
18.726
19.067
18.872
18.701
18.774
18.994
19.019
18.994
18.75
19.092
18.652
18.945
18.75
18.872
18.823
18.579
18.457
18.726
18.286
18.335
17.725
17.651
17.7
17.285
17.31
17.285
17.041
17.041
17.065
16.919
16.821
16.919
16.699
16.675
16.797
16.602
16.797
16.675
16.455
16.699
16.577
16.479
16.65
16.406
16.577
14.258
4.3701
-0.39063
-2.2461
-7.0801
-9.3018
-10.083
-10.913
-11.377
-11.499
-11.182
-11.865
-12.012
-12.28
-12.28
-12.354
-12.671
-12.231
-12.402
-12.622
-12.695
-12.671
-12.72
-12.744
-12.671
-12.427
-12.72
-12.842
-12.842
-12.5
-12.012
-12.378
-13.843
-14.355
-15.43
-15.479
-15.625
-15.942
-16.382
-16.211
-16.65
-16.65
-16.846
-17.041
-16.65
-16.992
-16.919
-16.919
-17.041
-17.041
-16.821
-17.114
-16.919
-16.895
-17.163
-16.968
-17.09
-17.188
-16.895
-17.188
-15.845
-7.5684
-5.0537
-3.2715
-2.5146
-2.5391
-2.3682
-2.3682
-2.4414
-2.1973
-2.0264
-1.7822
-1.6846
-1.3916
-1.2207
-0.95215
-1.0742
-0.70801
-0.48828
-0.73242
-0.75684
-0.65918
-0.87891
-0.87891
-0.48828
-0.46387
-0.87891
-0.53711
-0.85449
-0.95215
-0.56152
2.002
5.4443
10.107
12.012
13.477
13.892
14.673
14.648
14.844
15.21
15.381
15.625
15.845
15.356
15.698
15.942
15.625
15.894
15.894
15.771
16.016
16.113
15.942
15.942
16.064
15.698
15.991
16.26
15.918
15.015
4.6387
-0.78125
-4.248
-9.3506
-12.964
-14.063
-14.673
-15.674
-15.991
-16.064
-16.455
-16.943
-16.919
-17.188
-17.212
-17.188
-17.31
-17.334
-17.407
-17.432
-17.236
-17.432
-17.407
-17.48
-17.432
-17.554
-17.407
-17.603
-17.383
-17.163
-17.017
-17.041
-17.31
-17.529
-17.554
-17.798
-17.725
-17.847
-17.773
-17.798
-17.847
-18.042
-17.749
-18.066
-18.018
-17.944
-17.993
-17.896
-17.92
-18.066
-17.847
-18.091
-17.92
-17.896
-18.042
-18.042
-17.944
-18.066
-17.92
-17.236
-6.3965
0.14648
3.1982
7.4951
10.449
12.842
13.745
14.355
14.673
15.088
15.332
15.039
15.479
15.503
15.649
15.918
15.991
15.698
16.162
15.918
15.82
16.064
16.016
15.894
16.113
15.942
15.918
16.406
16.089
15.82
11.646
10.229
9.6191
8.8623
8.3984
8.7646
9.082
8.8135
8.5449
8.3984
8.2275
8.1787
7.9102
7.5684
7.5195
7.2998
7.2998
6.9824
7.0313
7.0313
6.9336
6.4941
6.6406
6.8848
6.6162
6.5186
6.25
6.7139
6.4697
6.5186
0.26855
-3.6133
-8.5938
-13.965
-16.455
-17.383
-18.237
-18.921
-19.36
-19.263
-19.8
-20.093
-19.995
-20.386
-20.435
-20.483
-20.63
-20.459
-20.703
-20.581
-20.874
-20.679
-20.728
-20.898
-20.703
-20.898
-20.776
-20.923
-20.703
-20.679
-10.449
-2.8076
0.14648
2.1484
5.2734
6.4697
7.1777
7.8857
7.8613
8.4473
8.4473
8.4473
8.5449
8.7158
9.3994
8.9111
9.2773
9.082
8.9355
9.2529
9.2041
8.96
9.0088
8.9844
9.3994
8.8379
9.2529
8.9844
9.4482
2.1484
-3.1006
-8.0566
-13.818
-17.017
-18.359
-19.312
-19.751
-20.264
-20.728
-20.581
-21.558
-21.069
-21.802
-21.729
-21.582
-21.997
-21.924
-22.168
-21.948
-21.973
-22.046
-22.241
-21.973
-21.997
-22.241
-22.461
-22.388
-22.095
-22.046
-12.036
-3.54
0.14648
2.7832
5.2734
6.7139
7.4951
8.4961
8.252
9.1309
8.9355
8.6182
9.2529
9.2529
9.3018
9.2773
9.3018
9.3018
9.6436
9.6191
9.4482
9.8877
9.5947
9.5947
9.7412
9.668
9.5947
10.034
9.7168
9.5947
2.5879
-1.3672
-6.3232
-11.45
-14.697
-15.991
-17.163
-17.554
-18.042
-18.164
-18.579
-19.067
-19.238
-19.238
-19.458
-19.458
-19.434
-19.531
-19.751
-19.727
-19.58
-19.897
-19.727
-19.751
-19.653
-19.629
-19.971
-19.604
-19.8
-19.775
-10.352
-2.0752
0.87891
5.0781
8.4961
10.303
11.694
12.354
12.5
12.793
13.477
13.232
13.257
13.892
13.647
13.745
14.063
13.892
13.647
14.209
14.233
13.94
14.038
14.331
14.38
14.063
14.209
14.136
14.111
14.111
8.5693
4.9316
3.1494
2.5635
1.9287
1.5137
1.1719
1.3672
1.2207
1.001
0.85449
0.73242
0.61035
0.3418
0.19531
0.073242
0.048828
0.073242
0.048828
0.097656
0.097656
0.12207
0.073242
0.097656
0.073242
0.073242
0.12207
0.19531
0.14648
0.1709
0.78125
2.71
4.7852
5.6396
6.4697
6.4453
7.1533
7.1777
6.7871
7.4951
7.4219
7.3242
7.8125
7.4219
7.7881
7.6904
7.251
7.6172
7.3975
7.3486
7.6416
7.4219
7.5684
7.7637
7.5195
7.959
7.8613
7.6172
7.9102
7.6904
6.1279
9.4727
11.743
12.769
13.94
14.307
14.966
14.673
15.015
15.186
15.43
15.845
15.747
15.894
16.162
15.674
15.82
16.138
15.942
16.04
16.309
15.942
16.211
16.26
16.064
16.162
16.357
15.991
16.138
16.211
9.3262
0.75684
-3.1494
-8.5205
-13.428
-16.284
-17.725
-18.481
-19.019
-19.458
-19.849
-20.068
-20.483
-20.288
-20.703
-20.825
-20.874
-21.021
-21.216
-20.874
-21.045
-21.167
-21.069
-21.24
-20.947
-21.191
-20.947
-21.118
-21.094
-21.338
-20.532
-19.458
-19.556
-19.385
-19.58
-19.214
-18.945
-18.799
-18.628
-18.481
-18.335
-18.262
-18.188
-18.018
-17.969
-18.042
-17.822
-17.871
-17.725
-17.651
-17.822
-17.798
-17.529
-17.725
-17.578
-17.48
-17.749
-17.603
-17.603
-17.505
-16.675
-17.188
-17.92
-18.14
-18.481
-18.604
-19.067
-19.141
-19.263
-19.556
-19.482
-19.8
-19.434
-19.678
-20.068
-19.775
-19.946
-19.775
-19.702
-19.849
-19.727
-19.946
-19.922
-19.922
-20.044
-19.775
-19.897
-19.629
-19.897
-19.824
-19.629
-19.531
-19.556
-19.287
-19.141
-18.701
-18.774
-18.457
-18.384
-18.262
-18.164
-18.115
-18.091
-17.969
-18.091
-17.944
-17.603
-17.896
-17.773
-17.676
-17.92
-17.7
-17.676
-17.7
-17.505
-17.725
-17.7
-17.456
-17.749
-17.603
-16.748
-17.749
-18.75
-19.775
-20.215
-20.703
-21.191
-20.972
-21.533
-21.436
-21.875
-21.753
-21.753
-21.802
-22.168
-21.704
-22.266
-22.241
-21.777
-22.168
-21.973
-22.388
-22.021
-21.875
-22.07
-22.534
-22.485
-22.168
-22.412
-21.924
-16.943
-4.8828
0.61035
4.9561
10.352
14.331
16.309
17.334
18.066
18.701
18.799
19.067
19.189
19.507
19.702
19.653
19.873
19.971
19.727
20.044
20.02
19.971
20.19
20.02
20.337
20.215
20.41
20.142
20.215
20.386
16.699
7.959
2.5146
0.85449
-0.48828
-1.3672
-1.4404
-1.8066
-2.417
-1.7822
-2.3193
-1.8066
-2.4414
-1.9043
-2.4658
-2.1484
-2.2705
-2.3438
-2.1484
-2.4658
-2.0752
-2.5391
-1.9775
-2.5146
-1.8799
-2.5146
-1.8311
-2.3926
-1.9775
-2.1973
-1.5625
2.0264
5.4199
10.034
11.279
12.28
13.354
13.745
13.892
14.111
14.453
14.502
14.673
14.844
14.648
14.771
15.039
14.868
14.966
15.063
14.844
14.844
15.259
15.063
14.893
14.941
15.259
14.917
15.039
15.161
13.086
7.959
6.7139
6.1768
5.1025
4.834
4.834
5.2979
5.0537
4.9072
4.7119
4.5898
4.4434
4.126
3.8086
3.8086
3.3691
3.3447
3.0518
2.7344
3.3691
2.7832
2.5879
2.9785
2.8076
3.1006
2.9297
2.3926
3.0518
2.7832
2.5635
1.2451
0.43945
-0.14648
-0.43945
-0.24414
-0.26855
-0.5127
-0.53711
-0.5127
-0.5127
-0.26855
-0.24414
-0.24414
-0.26855
-0.48828
-0.56152
-0.26855
-0.26855
-0.48828
-0.48828
-0.5127
-0.56152
-0.29297
-0.29297
-0.24414
-0.31738
-0.53711
-0.46387
-0.26855
-0.5127
-2.0752
-5.6396
-7.1045
-8.5938
-8.6426
-9.375
-9.6924
-9.6924
-9.7656
-10.156
-9.9609
-10.474
-10.645
-10.229
-10.645
-10.596
-10.62
-10.767
-10.498
-10.693
-10.596
-10.693
-10.767
-10.669
-10.547
-10.254
-10.303
-10.571
-10.522
-9.9854
-9.375
-9.2285
-9.1309
-9.6191
-9.3018
-9.082
-8.8379
-8.7402
-8.4473
-8.3008
-8.0811
-8.0078
-7.8613
-7.5684
-7.6172
-7.4219
-6.958
-7.1289
-7.251
-7.0068
-7.251
-7.251
-7.2754
-7.0557
-7.3486
-7.5195
-7.1533
-7.3486
-7.4219
-5.5176
-1.4893
-0.19531
0.85449
1.1475
1.9043
1.8066
2.3926
1.9287
2.2217
2.1484
2.002
2.3193
1.8066
2.3926
1.8066
2.4658
1.9775
2.4902
1.9287
2.3193
2.1484
2.0508
2.3926
1.8799
2.3438
1.8311
2.3193
1.9043
2.4658
1.7334
2.832
7.4463
10.938
12.134
13.306
13.55
14.258
14.551
14.6
14.771
15.332
15.063
15.137
15.405
15.308
15.405
15.332
15.332
15.21
15.43
15.552
15.283
15.576
15.625
15.356
15.43
15.576
15.454
15.405
14.111
4.1992
0.048828
-2.7344
-7.0068
-9.5459
-10.425
-11.304
-11.377
-11.89
-11.987
-12.231
-12.573
-12.817
-12.769
-12.866
-13.037
-13.11
-13.11
-13.135
-12.891
-12.915
-13.11
-13.159
-13.013
-12.988
-13.184
-13.135
-13.11
-13.037
-12.402
-11.377
-15.967
-18.066
-18.848
-19.653
-20.166
-20.581
-20.532
-20.776
-21.533
-21.46
-22.021
-21.802
-22.168
-21.875
-21.875
-22.021
-22.144
-22.314
-21.851
-22.192
-22.217
-22.168
-22.314
-22.241
-22.339
-22.07
-22.119
-21.948
-22.021
-18.799
-18.237
-17.383
-17.09
-16.992
-17.017
-17.09
-16.846
-16.528
-16.382
-16.26
-15.942
-15.942
-15.82
-15.552
-15.625
-15.576
-15.381
-15.283
-15.503
-15.283
-15.381
-15.381
-15.112
-15.088
-15.161
-15.137
-15.112
-15.186
-14.478
-6.0059
-2.2705
-1.0742
-0.097656
0.48828
0.90332
0.80566
1.001
0.68359
1.416
1.0498
1.2207
0.73242
1.1963
1.2695
1.1475
0.85449
1.001
1.4404
0.97656
1.0254
0.80566
1.4648
0.97656
1.2451
0.73242
1.2939
1.2207
1.1475
0.75684
1.6357
5.4443
9.3506
10.498
11.401
11.841
12.354
12.524
12.622
12.5
12.964
13.501
13.184
13.452
13.525
13.794
13.281
13.525
13.892
13.55
13.403
13.672
13.794
13.403
13.77
13.989
13.574
13.599
13.599
13.77
12.524
11.646
11.548
11.865
11.89
11.572
11.401
11.279
11.035
10.767
10.767
10.718
10.596
10.303
10.132
9.9854
9.9854
9.8389
9.6436
9.7656
9.8877
10.034
9.6436
9.7656
9.9365
9.6924
9.668
9.8145
9.6191
9.375
6.8604
6.1035
5.6885
5.3711
5.4199
5.7373
5.5908
5.4199
5.2734
5.0049
4.834
4.541
4.3213
3.9307
3.9551
4.0039
3.6377
3.2715
3.7842
3.3447
3.1006
3.5645
3.418
3.2715
3.1494
3.4424
3.2471
2.8564
3.6377
3.2227
-0.58594
-3.6865
-8.96
-13.574
-15.43
-16.333
-17.236
-17.676
-17.676
-18.311
-18.628
-18.774
-18.53
-18.75
-19.116
-18.921
-19.067
-19.067
-19.141
-19.116
-19.263
-19.287
-19.238
-19.385
-19.287
-19.36
-19.409
-19.385
-19.482
-18.408
-19.238
-19.409
-19.873
-20.288
-20.166
-20.752
-20.361
-20.923
-20.776
-20.947
-20.898
-20.898
-21.021
-21.24
-21.118
-21.191
-21.265
-21.069
-21.289
-21.411
-21.021
-21.558
-21.191
-21.167
-21.143
-21.069
-21.387
-21.167
-21.289
-12.378
-3.7842
-0.024414
1.8066
3.4424
4.4434
5.5664
5.6641
6.1035
5.7617
6.0303
6.25
5.9814
6.3477
6.2256
6.2256
6.6162
6.6162
6.6406
6.4453
6.7871
6.8604
6.6406
6.5918
6.1523
6.8115
6.4941
6.9336
6.5674
6.5918
7.5439
7.2266
6.9824
6.8604
6.6895
6.5674
6.25
6.0059
5.6641
5.6396
5.7617
5.4932
5.3711
5.542
5.3955
5.1758
5.0781
5.249
5.127
5.0537
5.2002
4.8584
5.0537
5.2002
5.3467
5.2734
5.1758
4.9561
4.834
4.8828
5.1514
5.7129
6.3477
6.5674
6.9336
7.1777
7.0801
7.3975
7.7148
7.3486
7.8125
7.6904
7.4707
7.7148
7.5684
7.8125
7.959
7.666
7.7148
7.7148
7.3975
7.666
7.3486
7.8125
7.7148
7.1289
7.7393
7.8857
7.6904
7.8125
2.9541
-0.65918
-4.2725
-8.2031
-10.107
-10.986
-11.719
-12.207
-12.231
-12.451
-12.769
-13.159
-13.086
-13.452
-13.452
-13.525
-13.354
-13.452
-13.55
-13.257
-13.525
-13.599
-13.623
-13.574
-13.965
-13.696
-13.55
-13.745
-13.672
-13.574
-13.037
-13.208
-13.33
-13.013
-12.866
-12.817
-12.573
-12.354
-12.183
-12.085
-11.89
-11.768
-11.646
-11.743
-11.499
-11.426
-11.45
-11.499
-11.499
-11.45
-11.475
-11.45
-11.353
-11.255
-11.108
-11.23
-11.182
-11.06
-11.035
-11.084
-4.8828
0.1709
3.7354
8.2031
11.963
13.281
14.648
15.015
15.601
15.82
16.113
16.235
16.504
16.455
16.675
16.577
16.577
16.772
16.602
16.895
16.943
16.846
16.919
16.943
16.919
17.017
17.188
16.846
16.821
17.065
10.498
0.75684
-2.3438
-7.2754
-12.329
-14.795
-16.064
-16.943
-17.31
-17.627
-17.92
-18.311
-19.019
-18.677
-18.872
-19.067
-18.921
-19.287
-19.214
-19.238
-19.336
-19.214
-19.287
-19.287
-19.287
-19.409
-19.336
-19.312
-19.336
-19.263
-18.066
-16.162
-15.503
-14.966
-14.966
-15.161
-15.234
-14.844
-14.648
-14.551
-14.307
-14.038
-14.209
-13.867
-13.843
-13.379
-13.696
-13.428
-13.574
-13.33
-13.257
-13.354
-13.184
-13.306
-13.159
-13.159
-12.988
-13.086
-12.964
-12.988
-11.743
-10.498
-9.668
-9.5947
-9.7656
-10.107
-9.8633
-9.4971
-9.2529
-9.082
-8.9844
-8.6426
-8.4961
-8.3252
-8.1299
-8.2031
-7.9346
-7.8613
-7.959
-7.6172
-7.9834
-7.7637
-8.0322
-8.1055
-7.3975
-7.8857
-7.7881
-7.5928
-7.7148
-7.5439
-4.4922
-1.5625
-0.24414
0.29297
0.43945
1.0742
0.63477
1.0254
1.3916
0.92773
1.0498
0.80566
1.4404
0.97656
1.2207
0.73242
1.3428
1.1963
1.2207
0.75684
1.0986
1.416
0.97656
0.97656
0.85449
1.4648
0.87891
1.2207
0.73242
1.2939
0.63477
-1.3184
-3.4912
-4.4678
-5.2246
-5.2979
-5.9814
-5.9814
-5.835
-6.2744
-6.4209
-6.5918
-6.25
-6.1768
-6.6162
-6.4697
-6.7871
-6.6406
-6.3721
-6.8359
-6.7383
-6.7627
-6.6162
-6.7627
-6.6406
-6.6162
-6.4453
-6.4697
-6.6162
-6.7139
-6.3965
-3.9307
-2.002
-0.92773
-0.36621
-0.073242
0
0.048828
0.024414
0.024414
0.024414
0
0
0
0.024414
0
0
0
0
0
0
0
0
0
0
0
0
0
0
