0
-27.832
-209.47
-530.27
-842.28
-1035.7
-1104.5
-1160.2
-1199.7
-1227.5
-1233.4
-1248.1
-1280.3
-1296.4
-1290.5
-1289
-1324.2
-1313.9
-1338.8
-1315.4
-1328.6
-1311.1
-1321.3
-1305.2
-1343.3
-1334.5
-1333
-1350.6
-1330.1
-1363.7
-1316.9
-1176.2
-793.92
-616.68
-574.22
-544.92
-492.19
-489.26
-490.72
-515.63
-509.77
-492.19
-476.08
-468.75
-452.63
-432.13
-421.88
-414.55
-402.83
-392.58
-388.18
-370.61
-354.49
-355.96
-375
-355.96
-370.61
-364.75
-355.96
-358.88
-364.75
-370.61
-256.35
-228.52
-187.5
-215.33
-235.84
-221.19
-209.47
-194.83
-187.5
-178.71
-147.95
-156.74
-120.12
-111.33
-130.37
-83.496
-112.79
-117.19
-101.08
-114.26
-89.358
-104
-131.84
-90.822
-112.79
-104
-101.08
-130.37
-77.634
-74.706
23.438
117.19
139.16
193.36
199.22
186.04
228.52
213.87
225.59
203.62
228.52
224.12
221.19
196.29
222.65
232.91
218.26
212.4
218.26
240.23
219.73
224.12
199.22
237.31
209.47
228.52
197.75
231.44
229.98
152.35
-27.832
-131.84
-281.25
-339.85
-398.44
-433.6
-424.81
-454.1
-446.78
-481.93
-462.89
-487.79
-487.79
-468.75
-484.87
-468.75
-499.51
-467.29
-474.61
-470.21
-476.08
-487.79
-481.93
-495.12
-476.08
-499.51
-483.4
-509.77
-489.26
-404.3
-435.06
-782.22
-1006.3
-1094.2
-1148.5
-1185.1
-1212.9
-1227.5
-1259.8
-1277.3
-1275.9
-1309.6
-1305.2
-1319.8
-1309.6
-1324.2
-1303.7
-1322.8
-1322.8
-1336
-1324.2
-1319.8
-1318.4
-1338.8
-1316.9
-1324.2
-1353.5
-1338.8
-1321.3
-1318.4
-1227.5
-1233.4
-1215.8
-1236.3
-1214.3
-1211.4
-1190.9
-1177.7
-1167.5
-1149.9
-1152.8
-1151.3
-1141.1
-1144
-1135.3
-1129.4
-1135.3
-1120.6
-1119.1
-1129.4
-1116.2
-1122.1
-1113.3
-1114.7
-1125
-1114.7
-1113.3
-1110.4
-1110.4
-1004.9
-487.79
-208.01
-117.19
-70.314
-38.086
-7.3242
5.8594
10.254
8.7888
10.254
11.719
13.184
4.3945
2.9297
1.4648
1.4648
1.4648
1.4648
1.4648
1.4648
1.4648
1.4648
2.9297
1.4648
1.4648
0
0
0
0
1.4648
30.762
55.664
49.805
102.54
79.104
71.778
90.822
84.96
89.358
80.568
98.142
90.822
70.314
111.33
89.358
60.06
117.19
86.424
65.916
109.87
87.888
74.706
102.54
84.96
84.96
87.888
92.286
89.358
77.634
102.54
89.358
64.452
115.72
90.822
58.594
117.19
87.888
67.38
105.47
86.424
76.17
99.612
84.96
86.424
84.96
96.678
89.358
71.778
106.93
89.358
58.594
114.26
84.96
67.38
101.08
86.424
82.032
89.358
90.822
84.96
-68.85
-241.7
-527.35
-596.19
-643.08
-682.62
-700.2
-710.46
-726.54
-757.32
-769.02
-766.14
-766.14
-776.34
-789.54
-773.46
-773.46
-776.34
-779.28
-785.16
-770.52
-782.22
-799.8
-776.34
-795.42
-799.8
-782.22
-777.84
-792.48
-774.9
-770.52
-840.84
-877.44
-903.78
-933.12
-946.26
-968.28
-990.24
-979.98
-997.56
-997.56
-1006.3
-997.56
-1022.5
-1010.8
-1016.6
-1029.8
-1018.1
-1022.5
-1026.8
-1019.5
-1016.6
-1023.9
-1021
-1028.3
-1034.2
-1018.1
-1026.8
-1026.8
-1015.1
-760.26
-439.45
-231.44
-114.26
-52.735
-20.508
-5.8594
0
0
0
1.4648
0
0
0
0
0
0
0
0
0
0
0
0
0
0
0
0
0
0
0
-42.481
-80.568
-60.06
-93.75
-133.3
-84.96
-111.33
-108.4
-102.54
-131.84
-82.032
-114.26
-120.12
-104
-124.51
-89.358
-115.72
-133.3
-101.08
-125.98
-98.142
-112.79
-134.77
-95.214
-115.72
-102.54
-102.54
-133.3
-83.496
-102.54
-137.69
-432.13
-761.7
-909.66
-987.3
-1025.4
-1075.2
-1092.8
-1101.5
-1122.1
-1129.4
-1176.2
-1174.8
-1158.7
-1168.9
-1180.7
-1186.5
-1183.6
-1182.1
-1201.2
-1188
-1183.6
-1186.5
-1186.5
-1199.7
-1192.4
-1205.6
-1201.2
-1189.4
-1211.4
-1210
-1204.1
-1195.3
-1179.2
-1176.2
-1152.8
-1154.3
-1149.9
-1144
-1151.3
-1133.8
-1132.3
-1139.6
-1114.7
-1129.4
-1120.6
-1120.6
-1135.3
-1113.3
-1122.1
-1119.1
-1106
-1111.8
-1116.2
-1113.3
-1120.6
-1103
-1120.6
-1120.6
-1075.2
-395.51
1.4648
216.8
492.19
769.02
889.14
946.26
1001.9
1032.7
1043
1063.5
1076.6
1070.8
1072.3
1097.2
1103
1120.6
1101.5
1123.6
1123.6
1113.3
1123.6
1108.9
1138.2
1142.6
1127.9
1139.6
1122.1
1120.6
1116.2
561.04
137.69
-21.973
-177.25
-275.39
-336.91
-386.72
-382.33
-413.09
-432.13
-399.9
-430.66
-437.99
-423.34
-440.92
-427.73
-440.92
-442.38
-442.38
-468.75
-470.21
-452.63
-468.75
-458.5
-464.36
-474.61
-455.57
-464.36
-457.03
-420.41
-54.199
21.973
115.72
221.19
256.35
284.18
300.29
304.69
304.69
314.94
313.48
314.94
322.27
332.52
332.52
332.52
328.13
310.55
309.08
317.87
328.13
322.27
317.87
320.8
313.48
332.52
326.66
333.98
345.7
345.7
328.13
347.17
389.65
367.67
404.3
416.02
395.51
408.69
413.09
416.02
388.18
427.73
418.94
398.44
408.69
420.41
420.41
407.23
439.45
442.38
423.34
430.66
436.52
417.48
429.2
437.99
442.38
417.48
439.45
429.2
128.9
-32.227
-158.2
-246.1
-295.9
-323.73
-342.77
-367.67
-367.67
-380.86
-372.07
-364.75
-388.18
-395.51
-367.67
-363.28
-382.33
-383.79
-395.51
-348.63
-382.33
-370.61
-395.51
-380.86
-383.79
-408.69
-416.02
-413.09
-392.58
-310.55
-555.17
-637.2
-681.18
-750
-747.06
-776.34
-789.54
-795.42
-815.94
-824.7
-829.08
-842.28
-839.34
-827.64
-851.1
-842.28
-830.58
-839.34
-853.98
-834.96
-851.1
-851.1
-846.66
-849.6
-846.66
-845.22
-843.78
-839.34
-849.6
-489.26
-240.23
-133.3
-183.11
-109.87
-109.87
-106.93
-114.26
-105.47
-96.678
-89.358
-77.634
-71.778
-61.524
-52.735
-49.805
-33.691
-30.762
-42.481
-39.551
-33.691
-17.578
-17.578
-19.043
-33.691
-35.156
-17.578
-26.367
-35.156
-35.156
33.691
196.29
317.87
376.46
429.2
429.2
474.61
454.1
493.65
480.47
500.98
496.58
525.88
515.63
533.2
503.9
527.35
508.3
527.35
512.69
515.63
515.63
509.77
512.69
512.69
518.56
505.37
524.41
506.84
525.88
546.38
543.46
528.81
518.56
506.84
493.65
473.14
465.82
451.17
448.24
439.45
433.6
407.23
398.44
420.41
388.18
396.97
385.25
401.37
410.15
405.76
395.51
399.9
413.09
404.3
394.04
385.25
404.3
396.97
413.09
333.98
527.35
572.75
629.88
673.8
706.08
669.42
714.84
717.78
729.48
744.12
742.68
750
761.7
742.68
745.62
763.2
742.68
748.56
751.44
761.7
754.38
752.94
755.88
755.88
751.44
755.88
780.78
750
750
336.91
17.578
-98.142
-325.19
-465.82
-524.41
-566.89
-609.36
-597.65
-604.98
-628.44
-660.66
-644.52
-647.46
-663.6
-666.48
-660.66
-653.34
-659.16
-662.1
-662.1
-662.1
-669.42
-670.92
-672.36
-676.74
-667.98
-682.62
-666.48
-663.6
-373.54
-153.81
-134.77
-115.72
-49.805
-62.988
-41.015
-46.875
-30.762
-20.508
-11.719
0
4.3945
4.3945
0
-1.4648
-1.4648
0
1.4648
0
0
0
0
0
0
0
0
0
0
0
71.778
284.18
603.54
786.6
897.96
950.7
984.36
1013.7
1029.8
1048.8
1051.7
1040
1073.8
1064.9
1076.6
1084
1070.8
1082.5
1084
1079.6
1084
1076.6
1095.7
1101.5
1088.4
1095.7
1097.2
1098.7
1111.8
1097.2
811.5
616.68
498.05
474.61
414.55
401.37
420.41
432.13
416.02
399.9
385.25
375
366.21
345.7
341.31
320.8
301.76
287.11
290.04
284.18
287.11
288.58
294.43
285.64
273.92
269.53
275.39
279.79
275.39
266.6
269.53
332.52
354.49
380.86
364.75
408.69
394.04
407.23
383.79
423.34
414.55
388.18
430.66
423.34
411.62
414.55
437.99
437.99
417.48
446.78
440.92
421.88
433.6
433.6
432.13
424.81
435.06
421.88
405.76
432.13
310.55
150.88
123.05
92.286
62.988
46.875
48.34
39.551
26.367
8.7888
0
-5.8594
-10.254
-7.3242
-2.9297
0
0
0
0
0
0
0
0
0
0
0
0
0
0
0
-4.3945
-153.81
-312.01
-395.51
-454.1
-455.57
-503.9
-492.19
-503.9
-525.88
-525.88
-563.96
-524.41
-540.53
-534.67
-533.2
-559.57
-527.35
-534.67
-517.09
-525.88
-550.78
-530.27
-550.78
-546.38
-539.06
-561.04
-559.57
-561.04
-547.85
-268.07
74.706
278.32
565.43
766.14
849.6
897.96
933.12
962.4
975.6
987.3
993.18
1022.5
1032.7
1019.5
1031.3
1043
1025.4
1041.5
1043
1035.7
1050.3
1031.3
1032.7
1043
1032.7
1048.8
1056.2
1031.3
1050.3
761.7
191.89
10.254
-149.41
-358.88
-439.45
-524.41
-537.6
-541.99
-585.94
-594.73
-609.36
-621.12
-622.56
-643.08
-631.32
-631.32
-625.5
-631.32
-622.56
-643.08
-629.88
-612.3
-625.5
-641.58
-622.56
-641.58
-638.7
-634.26
-635.76
-549.32
-464.36
-462.89
-423.34
-448.24
-454.1
-437.99
-430.66
-417.48
-395.51
-382.33
-369.14
-360.35
-342.77
-329.59
-329.59
-314.94
-317.87
-319.34
-325.19
-322.27
-323.73
-325.19
-320.8
-322.27
-313.48
-317.87
-304.69
-306.15
-298.83
-194.83
-408.69
-525.88
-607.92
-635.76
-667.98
-666.48
-692.88
-704.58
-741.24
-741.24
-754.38
-744.12
-748.56
-757.32
-747.06
-754.38
-773.46
-750
-760.26
-760.26
-771.96
-755.88
-763.2
-757.32
-755.88
-758.76
-763.2
-745.62
-745.62
-599.12
-276.86
-215.33
-225.59
-213.87
-169.92
-200.68
-203.62
-187.5
-180.17
-169.92
-159.67
-153.81
-147.95
-139.16
-117.19
-123.05
-98.142
-92.286
-92.286
-95.214
-86.424
-90.822
-99.612
-77.634
-90.822
-109.87
-64.452
-87.888
-112.79
-90.822
-219.73
-505.37
-752.94
-837.9
-883.32
-934.56
-956.52
-958.02
-1000.5
-1018.1
-1026.8
-1025.4
-1026.8
-1038.6
-1044.4
-1035.7
-1053.2
-1043
-1044.4
-1059.1
-1053.2
-1041.5
-1057.6
-1043
-1047.4
-1050.3
-1050.3
-1050.3
-1054.7
-818.82
-285.64
-39.551
48.34
112.79
146.48
166.99
216.8
205.08
216.8
190.43
238.77
215.33
225.59
196.29
229.98
225.59
225.59
202.15
225.59
241.7
210.94
218.26
205.08
241.7
205.08
215.33
196.29
238.77
209.47
178.71
288.58
559.57
662.1
723.66
764.64
798.36
798.36
823.26
839.34
853.98
849.6
840.84
852.54
848.16
859.86
865.74
859.86
867.18
865.74
870.12
865.74
871.56
877.44
864.24
877.44
864.24
878.88
867.18
890.64
771.96
520.02
473.14
411.62
395.51
363.28
389.65
394.04
382.33
370.61
354.49
344.24
332.52
314.94
309.08
309.08
285.64
269.53
272.46
259.28
247.56
257.81
263.67
254.88
244.63
244.63
240.23
246.1
260.74
250.49
140.63
-123.05
-392.58
-732.42
-960.96
-1067.9
-1111.8
-1170.4
-1177.7
-1215.8
-1231.9
-1231.9
-1256.8
-1268.6
-1281.7
-1270
-1283.2
-1289
-1292
-1286.2
-1296.4
-1289
-1293.5
-1311.1
-1290.5
-1308.1
-1308.1
-1294.9
-1292
-1299.3
-1277.3
-1177.7
-1177.7
-1158.7
-1179.2
-1168.9
-1144
-1141.1
-1120.6
-1110.4
-1114.7
-1094.2
-1097.2
-1085.5
-1079.6
-1078.1
-1063.5
-1076.6
-1072.3
-1059.1
-1070.8
-1059.1
-1057.6
-1053.2
-1057.6
-1054.7
-1056.2
-1048.8
-1056.2
-1060.6
-915.54
-635.76
-498.05
-458.5
-429.2
-404.3
-396.97
-435.06
-421.88
-401.37
-389.65
-375
-357.42
-354.49
-335.45
-316.4
-304.69
-300.29
-292.97
-284.18
-282.71
-290.04
-288.58
-290.04
-297.37
-295.9
-295.9
-278.32
-278.32
-266.6
-169.92
10.254
188.96
370.61
455.57
505.37
541.99
552.25
584.47
594.73
613.74
587.4
607.92
635.76
625.5
640.14
629.88
635.76
641.58
648.9
635.76
641.58
634.26
634.26
650.4
641.58
616.68
629.88
631.32
637.2
525.88
106.93
-24.902
-172.85
-259.28
-313.48
-342.77
-379.39
-396.97
-377.93
-377.93
-398.44
-423.34
-395.51
-424.81
-433.6
-416.02
-424.81
-430.66
-451.17
-424.81
-433.6
-442.38
-402.83
-426.27
-427.73
-433.6
-420.41
-420.41
-421.88
-373.54
-404.3
-448.24
-408.69
-457.03
-433.6
-483.4
-487.79
-490.72
-499.51
-479
-496.58
-477.54
-498.05
-476.08
-496.58
-477.54
-487.79
-484.87
-471.68
-496.58
-464.36
-481.93
-471.68
-495.12
-489.26
-499.51
-506.84
-492.19
-495.12
-410.15
20.508
279.79
571.29
842.28
988.74
1050.3
1095.7
1135.3
1154.3
1166
1176.2
1196.8
1196.8
1226.1
1231.9
1207
1229
1199.7
1218.8
1230.5
1215.8
1251
1211.4
1258.3
1230.5
1252.4
1240.7
1237.8
1243.7
1166
911.16
839.34
804.18
769.02
748.56
719.22
739.74
741.24
722.16
701.64
691.38
689.94
682.62
659.16
647.46
648.9
646.02
634.26
635.76
624
626.94
622.56
628.44
615.24
619.62
606.42
607.92
615.24
591.8
541.99
575.68
779.28
852.54
928.74
966.78
991.68
1016.6
1001.9
1026.8
1038.6
1044.4
1063.5
1057.6
1050.3
1070.8
1072.3
1081.1
1070.8
1063.5
1076.6
1069.3
1081.1
1078.1
1075.2
1079.6
1088.4
1075.2
1078.1
1075.2
1064.9
1104.5
1086.9
1079.6
1091.3
1064.9
1082.5
1076.6
1057.6
1066.4
1047.4
1054.7
1062
1045.9
1056.2
1056.2
1034.2
1057.6
1041.5
1048.8
1044.4
1047.4
1051.7
1047.4
1045.9
1045.9
1056.2
1037.1
1041.5
1044.4
984.36
465.82
171.38
70.314
1.4648
-29.297
-62.988
-68.85
-108.4
-58.594
-87.888
-105.47
-76.17
-89.358
-95.214
-89.358
-83.496
-90.822
-98.142
-77.634
-86.424
-105.47
-67.38
-84.96
-115.72
-58.594
-89.358
-108.4
-68.85
-87.888
-87.888
-121.58
-200.68
-250.49
-284.18
-285.64
-297.37
-298.83
-300.29
-314.94
-306.15
-313.48
-317.87
-322.27
-317.87
-331.06
-317.87
-332.52
-335.45
-344.24
-350.1
-345.7
-347.17
-336.91
-358.88
-345.7
-344.24
-335.45
-338.38
-332.52
-309.08
-347.17
-429.2
-496.58
-499.51
-517.09
-562.5
-549.32
-587.4
-593.26
-606.42
-600.6
-621.12
-613.74
-624
-597.65
-613.74
-612.3
-622.56
-593.26
-604.98
-597.65
-622.56
-609.36
-590.33
-615.24
-616.68
-613.74
-621.12
-619.62
-628.44
-607.92
-622.56
-610.86
-596.19
-578.62
-565.43
-555.17
-552.25
-533.2
-540.53
-520.02
-530.27
-511.23
-527.35
-506.84
-505.37
-502.44
-503.9
-499.51
-490.72
-509.77
-480.47
-489.26
-458.5
-493.65
-470.21
-483.4
-484.87
-477.54
-500.98
-528.81
-524.41
-503.9
-498.05
-489.26
-487.79
-486.33
-455.57
-476.08
-464.36
-448.24
-449.71
-445.31
-458.5
-467.29
-442.38
-454.1
-459.96
-459.96
-479
-461.42
-470.21
-477.54
-455.57
-471.68
-462.89
-452.63
-462.89
-439.45
-451.17
-435.06
-452.63
-490.72
-483.4
-509.77
-530.27
-525.88
-556.64
-525.88
-550.78
-544.92
-555.17
-559.57
-534.67
-549.32
-543.46
-533.2
-546.38
-525.88
-552.25
-541.99
-539.06
-555.17
-536.13
-547.85
-553.71
-562.5
-566.89
-544.92
-543.46
-508.3
-512.69
-556.64
-517.09
-517.09
-571.29
-547.85
-558.11
-566.89
-572.75
-599.12
-591.8
-591.8
-588.87
-580.08
-577.15
-566.89
-568.36
-578.62
-566.89
-565.43
-584.47
-555.17
-587.4
-578.62
-561.04
-578.62
-584.47
-566.89
-587.4
-328.13
-254.88
-234.38
-232.91
-199.22
-231.44
-222.65
-208.01
-197.75
-186.04
-166.99
-164.06
-114.26
-108.4
-134.77
-87.888
-109.87
-106.93
-99.612
-120.12
-82.032
-105.47
-128.9
-93.75
-108.4
-102.54
-101.08
-130.37
-79.104
-114.26
-114.26
-213.87
-259.28
-272.46
-292.97
-301.76
-310.55
-314.94
-332.52
-333.98
-335.45
-339.85
-335.45
-323.73
-336.91
-322.27
-332.52
-329.59
-329.59
-323.73
-310.55
-322.27
-312.01
-316.4
-322.27
-317.87
-328.13
-333.98
-336.91
-228.52
-539.06
-829.08
-972.66
-1034.2
-1072.3
-1094.2
-1110.4
-1135.3
-1157.2
-1180.7
-1193.8
-1196.8
-1186.5
-1204.1
-1211.4
-1215.8
-1205.6
-1215.8
-1210
-1223.2
-1208.5
-1207
-1205.6
-1217.3
-1220.2
-1208.5
-1221.7
-1221.7
-1217.3
-717.78
-265.13
-57.129
7.3242
90.822
115.72
152.35
139.16
172.85
155.27
197.75
164.06
155.27
177.25
164.06
191.89
174.32
147.95
190.43
166.99
175.78
178.71
146.48
200.68
168.46
164.06
177.25
159.67
197.75
172.85
175.78
84.96
42.481
16.113
1.4648
-10.254
-11.719
-4.3945
-1.4648
1.4648
2.9297
1.4648
0
0
-1.4648
0
0
0
0
0
0
0
0
0
0
0
0
0
0
0
-29.297
-206.54
-461.42
-565.43
-624
-651.84
-681.18
-707.52
-700.2
-694.32
-736.8
-742.68
-739.74
-729.48
-748.56
-754.38
-757.32
-744.12
-758.76
-754.38
-754.38
-739.74
-742.68
-748.56
-748.56
-747.06
-752.94
-757.32
-744.12
-745.62
-379.39
-109.87
-48.34
8.7888
55.664
51.269
74.706
92.286
86.424
57.129
114.26
82.032
67.38
98.142
79.104
87.888
79.104
98.142
87.888
62.988
114.26
84.96
60.06
105.47
86.424
74.706
93.75
84.96
89.358
82.032
4.3945
-118.65
-229.98
-269.53
-319.34
-331.06
-342.77
-357.42
-357.42
-376.46
-372.07
-354.49
-377.93
-375
-392.58
-385.25
-366.21
-396.97
-389.65
-408.69
-383.79
-395.51
-408.69
-414.55
-398.44
-386.72
-405.76
-402.83
-410.15
-376.46
-121.58
30.762
200.68
316.4
380.86
436.52
448.24
468.75
455.57
493.65
484.87
515.63
484.87
509.77
492.19
528.81
511.23
515.63
493.65
515.63
514.16
518.56
506.84
525.88
517.09
508.3
524.41
517.09
514.16
499.51
205.08
-65.916
-285.64
-602.04
-744.12
-779.28
-834.96
-853.98
-874.5
-881.82
-906.72
-930.18
-916.98
-943.38
-958.02
-934.56
-943.38
-950.7
-946.26
-962.4
-950.7
-937.5
-966.78
-960.96
-950.7
-968.28
-956.52
-956.52
-966.78
-953.64
-502.44
-36.621
205.08
498.05
722.16
826.2
878.88
927.24
971.22
960.96
982.92
988.74
988.74
1026.8
1012.2
1022.5
1037.1
1018.1
1032.7
1034.2
1031.3
1045.9
1040
1037.1
1045.9
1040
1045.9
1048.8
1028.3
1056.2
646.02
93.75
-120.12
-358.88
-678.24
-830.58
-887.7
-938.94
-953.64
-993.18
-1001.9
-1001.9
-1028.3
-1031.3
-1043
-1056.2
-1054.7
-1064.9
-1054.7
-1062
-1075.2
-1067.9
-1067.9
-1070.8
-1069.3
-1082.5
-1075.2
-1060.6
-1086.9
-1073.8
-993.18
-946.26
-911.16
-886.26
-916.98
-914.04
-889.14
-881.82
-868.68
-849.6
-842.28
-842.28
-824.7
-821.76
-823.26
-823.26
-799.8
-798.36
-808.62
-795.42
-798.36
-791.04
-793.92
-782.22
-783.72
-789.54
-786.6
-780.78
-795.42
-798.36
-697.26
-839.34
-943.38
-1015.1
-1056.2
-1081.1
-1094.2
-1120.6
-1132.3
-1133.8
-1157.2
-1142.6
-1171.9
-1179.2
-1182.1
-1179.2
-1182.1
-1173.4
-1182.1
-1189.4
-1185.1
-1171.9
-1198.3
-1185.1
-1192.4
-1185.1
-1182.1
-1195.3
-1192.4
-1189.4
-791.04
-162.6
90.822
336.91
679.68
890.64
962.4
1032.7
1060.6
1108.9
1116.2
1122.1
1141.1
1141.1
1160.2
1157.2
1161.6
1176.2
1154.3
1167.5
1171.9
1176.2
1182.1
1170.4
1199.7
1163.1
1177.7
1196.8
1180.7
1207
1107.4
726.54
411.62
213.87
102.54
45.41
19.043
2.9297
0
-1.4648
-1.4648
-1.4648
-1.4648
0
0
0
0
0
0
0
0
0
0
0
0
0
0
0
0
0
-29.297
-115.72
-328.13
-364.75
-427.73
-467.29
-471.68
-499.51
-505.37
-500.98
-543.46
-534.67
-546.38
-534.67
-534.67
-559.57
-540.53
-541.99
-528.81
-543.46
-549.32
-531.74
-536.13
-539.06
-533.2
-552.25
-543.46
-541.99
-547.85
-533.2
-521.48
-594.73
-646.02
-682.62
-708.96
-714.84
-713.4
-739.74
-763.2
-769.02
-773.46
-774.9
-780.78
-786.6
-766.14
-774.9
-786.6
-782.22
-780.78
-764.64
-798.36
-766.14
-773.46
-793.92
-782.22
-782.22
-771.96
-791.04
-791.04
-786.6
-517.09
1.4648
213.87
536.13
823.26
984.36
1032.7
1104.5
1132.3
1158.7
1167.5
1174.8
1180.7
1192.4
1217.3
1210
1215.8
1230.5
1224.6
1243.7
1215.8
1237.8
1233.4
1233.4
1255.4
1236.3
1248.1
1227.5
1256.8
1240.7
1013.7
345.7
45.41
-112.79
-322.27
-433.6
-476.08
-521.48
-569.83
-561.04
-562.5
-584.47
-583.01
-643.08
-615.24
-626.94
-625.5
-637.2
-640.14
-622.56
-619.62
-628.44
-631.32
-628.44
-640.14
-638.7
-624
-629.88
-624
-631.32
-408.69
41.015
259.28
546.38
821.76
952.14
1019.5
1085.5
1116.2
1135.3
1160.2
1152.8
1182.1
1170.4
1186.5
1195.3
1195.3
1207
1189.4
1207
1217.3
1205.6
1229
1204.1
1231.9
1198.3
1205.6
1204.1
1204.1
1233.4
1166
801.24
467.29
249.02
120.12
55.664
23.438
7.3242
-1.4648
-7.3242
-4.3945
0
0
0
1.4648
0
0
0
0
0
0
0
0
0
0
0
0
0
0
0
2.9297
43.945
54.199
77.634
54.199
111.33
80.568
68.85
99.612
84.96
83.496
89.358
92.286
89.358
83.496
98.142
92.286
76.17
106.93
89.358
67.38
114.26
87.888
58.594
109.87
83.496
73.242
89.358
86.424
87.888
62.988
177.25
445.31
638.7
713.4
745.62
783.72
805.68
829.08
813
834.96
858.42
852.54
858.42
865.74
878.88
859.86
876
870.12
862.8
876
871.56
873.06
880.38
890.64
871.56
873.06
892.08
881.82
880.38
852.54
892.08
938.94
988.74
1031.3
1038.6
1070.8
1073.8
1089.8
1095.7
1088.4
1110.4
1103
1113.3
1129.4
1114.7
1129.4
1125
1122.1
1136.7
1116.2
1130.9
1132.3
1126.4
1129.4
1125
1135.3
1135.3
1123.6
1141.1
1009.3
503.9
171.38
76.17
19.043
-27.832
-43.945
-35.156
-55.664
-57.129
-79.104
-67.38
-43.945
-71.778
-65.916
-83.496
-42.481
-70.314
-57.129
-84.96
-52.735
-61.524
-55.664
-84.96
-64.452
-48.34
-70.314
-74.706
-73.242
-45.41
-54.199
-166.99
-486.33
-758.76
-881.82
-966.78
-990.24
-1021
-1043
-1050.3
-1072.3
-1084
-1101.5
-1107.4
-1113.3
-1119.1
-1117.7
-1114.7
-1130.9
-1117.7
-1136.7
-1129.4
-1126.4
-1139.6
-1132.3
-1138.2
-1135.3
-1136.7
-1147
-1122.1
-1113.3
-1089.8
-1114.7
-1127.9
-1129.4
-1133.8
-1141.1
-1145.5
-1161.6
-1148.5
-1151.3
-1160.2
-1145.5
-1164.5
-1170.4
-1164.5
-1164.5
-1155.8
-1161.6
-1166
-1155.8
-1164.5
-1151.3
-1161.6
-1157.2
-1161.6
-1166
-1155.8
-1167.5
-1160.2
-1170.4
-1192.4
-1166
-1154.3
-1148.5
-1132.3
-1142.6
-1111.8
-1113.3
-1108.9
-1104.5
-1113.3
-1097.2
-1088.4
-1101.5
-1081.1
-1088.4
-1086.9
-1082.5
-1089.8
-1084
-1079.6
-1092.8
-1076.6
-1081.1
-1076.6
-1067.9
-1085.5
-1081.1
-1076.6
-994.62
-465.82
-161.13
-82.032
-27.832
5.8594
20.508
21.973
43.945
55.664
43.945
38.086
48.34
29.297
32.227
60.06
55.664
30.762
57.129
33.691
27.832
48.34
58.594
43.945
42.481
46.875
29.297
41.015
58.594
52.735
33.691
52.735
43.945
20.508
10.254
7.3242
5.8594
5.8594
7.3242
2.9297
2.9297
1.4648
1.4648
0
1.4648
0
1.4648
1.4648
1.4648
4.3945
5.8594
8.7888
7.3242
8.7888
5.8594
2.9297
0
0
0
0
1.4648
82.032
152.35
215.33
257.81
281.25
278.32
287.11
287.11
291.5
288.58
294.43
295.9
300.29
297.37
297.37
298.83
297.37
307.62
297.37
297.37
301.76
297.37
303.22
290.04
304.69
312.01
313.48
304.69
309.08
269.53
292.97
527.35
622.56
707.52
733.86
761.7
788.1
760.26
798.36
826.2
799.8
829.08
830.58
827.64
833.52
837.9
842.28
839.34
827.64
837.9
837.9
824.7
837.9
849.6
832.02
855.48
840.84
837.9
846.66
779.28
313.48
74.706
-16.113
-102.54
-155.27
-180.17
-208.01
-206.54
-200.68
-205.08
-237.31
-208.01
-206.54
-212.4
-244.63
-218.26
-212.4
-219.73
-241.7
-235.84
-213.87
-228.52
-224.12
-250.49
-215.33
-219.73
-213.87
-241.7
-219.73
-183.11
-206.54
-546.38
-870.12
-1018.1
-1095.7
-1147
-1158.7
-1202.6
-1207
-1230.5
-1236.3
-1259.8
-1281.7
-1289
-1281.7
-1277.3
-1293.5
-1286.2
-1297.9
-1290.5
-1289
-1315.4
-1289
-1309.6
-1309.6
-1311.1
-1284.7
-1303.7
-1300.8
-1261.3
-597.65
-83.496
150.88
392.58
673.8
796.86
878.88
914.04
940.44
977.04
987.3
978.54
999
1009.3
1015.1
1043
1029.8
1029.8
1043
1021
1038.6
1034.2
1035.7
1047.4
1041.5
1035.7
1056.2
1032.7
1041.5
1018.1
446.78
90.822
-17.578
-184.57
-285.64
-328.13
-385.25
-377.93
-416.02
-426.27
-394.04
-423.34
-448.24
-427.73
-446.78
-448.24
-449.71
-459.96
-440.92
-465.82
-474.61
-449.71
-468.75
-459.96
-461.42
-465.82
-445.31
-451.17
-462.89
-439.45
-377.93
-382.33
-377.93
-399.9
-385.25
-375
-363.28
-351.56
-338.38
-323.73
-310.55
-303.22
-285.64
-276.86
-278.32
-285.64
-268.07
-241.7
-247.56
-256.35
-243.16
-262.21
-254.88
-224.12
-235.84
-246.1
-238.77
-260.74
-256.35
-221.19
30.762
260.74
546.38
830.58
931.62
1018.1
1047.4
1089.8
1111.8
1106
1125
1127.9
1155.8
1166
1158.7
1163.1
1167.5
1182.1
1161.6
1176.2
1192.4
1180.7
1201.2
1171.9
1201.2
1188
1176.2
1183.6
1179.2
1183.6
738.3
467.29
313.48
251.95
221.19
206.54
174.32
209.47
194.83
181.64
171.38
159.67
150.88
133.3
136.23
115.72
86.424
101.08
93.75
79.104
104
90.822
70.314
111.33
89.358
58.594
117.19
84.96
68.85
104
130.37
146.48
180.17
234.38
232.91
232.91
241.7
225.59
241.7
256.35
250.49
246.1
257.81
241.7
256.35
275.39
269.53
238.77
254.88
234.38
228.52
251.95
229.98
251.95
232.91
235.84
251.95
268.07
243.16
1.4648
-150.88
-452.63
-710.46
-802.74
-858.42
-915.54
-906.72
-933.12
-950.7
-969.72
-977.04
-988.74
-987.3
-1004.9
-1000.5
-1006.3
-1013.7
-1004.9
-1018.1
-1021
-1007.8
-1013.7
-1012.2
-1010.8
-1022.5
-1019.5
-1019.5
-1018.1
-1012.2
-782.22
-752.94
-711.9
-663.6
-665.04
-672.36
-687
-663.6
-654.78
-647.46
-631.32
-613.74
-609.36
-594.73
-581.54
-584.47
-581.54
-558.11
-559.57
-566.89
-556.64
-563.96
-556.64
-552.25
-568.36
-539.06
-549.32
-531.74
-543.46
-555.17
-377.93
-285.64
-263.67
-221.19
-241.7
-263.67
-250.49
-235.84
-227.05
-216.8
-200.68
-191.89
-172.85
-169.92
-139.16
-153.81
-123.05
-153.81
-117.19
-145.02
-112.79
-149.41
-112.79
-153.81
-121.58
-142.09
-136.23
-121.58
-149.41
-123.05
-101.08
-367.67
-678.24
-889.14
-944.82
-997.56
-1031.3
-1067.9
-1098.7
-1088.4
-1113.3
-1127.9
-1132.3
-1144
-1139.6
-1154.3
-1148.5
-1157.2
-1166
-1148.5
-1164.5
-1154.3
-1160.2
-1164.5
-1155.8
-1161.6
-1168.9
-1164.5
-1164.5
-1158.7
-722.16
-208.01
-19.043
108.4
197.75
279.79
323.73
347.17
347.17
350.1
383.79
372.07
386.72
376.46
385.25
399.9
396.97
386.72
375
396.97
395.51
388.18
380.86
379.39
396.97
380.86
391.12
369.14
389.65
401.37
134.77
-93.75
-339.85
-602.04
-745.62
-821.76
-849.6
-895.02
-899.4
-915.54
-950.7
-956.52
-955.08
-975.6
-981.42
-965.34
-974.1
-994.62
-981.42
-990.24
-988.74
-982.92
-985.86
-996.12
-984.36
-997.56
-994.62
-990.24
-997.56
-997.56
-927.24
-1035.7
-1084
-1135.3
-1179.2
-1188
-1223.2
-1214.3
-1245.1
-1262.7
-1275.9
-1286.2
-1294.9
-1299.3
-1286.2
-1296.4
-1274.4
-1305.2
-1286.2
-1311.1
-1302.2
-1312.5
-1284.7
-1309.6
-1303.7
-1294.9
-1312.5
-1293.5
-1297.9
-1305.2
-1246.6
-1186.5
-1152.8
-1166
-1171.9
-1163.1
-1151.3
-1127.9
-1130.9
-1108.9
-1103
-1101.5
-1092.8
-1082.5
-1088.4
-1075.2
-1079.6
-1072.3
-1069.3
-1073.8
-1060.6
-1062
-1057.6
-1059.1
-1064.9
-1059.1
-1047.4
-1064.9
-1063.5
-1054.7
-682.62
-158.2
45.41
212.4
443.85
550.78
618.18
669.42
688.5
713.4
701.64
716.28
725.1
726.54
747.06
745.62
733.86
732.42
758.76
769.02
751.44
745.62
752.94
750
745.62
760.26
769.02
761.7
763.2
752.94
566.89
383.79
328.13
272.46
229.98
235.84
265.13
254.88
240.23
229.98
216.8
202.15
187.5
178.71
156.74
152.35
120.12
149.41
114.26
145.02
111.33
140.63
114.26
149.41
115.72
147.95
118.65
128.9
131.84
111.33
128.9
235.84
306.15
353.03
427.73
426.27
429.2
461.42
446.78
499.51
480.47
490.72
487.79
479
481.93
476.08
506.84
467.29
498.05
476.08
490.72
476.08
499.51
477.54
470.21
499.51
480.47
511.23
495.12
499.51
290.04
33.691
-95.214
-232.91
-278.32
-328.13
-383.79
-379.39
-402.83
-375
-391.12
-411.62
-417.48
-404.3
-417.48
-429.2
-402.83
-424.81
-440.92
-437.99
-432.13
-435.06
-429.2
-410.15
-432.13
-440.92
-408.69
-439.45
-433.6
-414.55
-338.38
-465.82
-669.42
-722.16
-804.18
-826.2
-846.66
-856.92
-874.5
-880.38
-906.72
-921.36
-902.34
-924.3
-922.86
-922.86
-931.62
-933.12
-930.18
-922.86
-936.06
-924.3
-927.24
-936.06
-934.56
-930.18
-944.82
-938.94
-936.06
-940.44
-725.1
-331.06
-203.62
-171.38
-120.12
-142.09
-90.822
-121.58
-106.93
-95.214
-87.888
-73.242
-49.805
-26.367
-45.41
-27.832
-17.578
-30.762
-29.297
-29.297
-29.297
-21.973
-16.113
-13.184
-16.113
-21.973
-27.832
-20.508
-14.648
-23.438
-13.184
77.634
184.57
193.36
238.77
250.49
243.16
251.95
260.74
276.86
287.11
290.04
282.71
260.74
275.39
272.46
271
263.67
265.13
269.53
271
288.58
284.18
282.71
266.6
260.74
268.07
269.53
269.53
254.88
229.98
344.24
691.38
909.66
1006.3
1062
1117.7
1129.4
1179.2
1183.6
1170.4
1196.8
1192.4
1220.2
1210
1211.4
1239.2
1227.5
1248.1
1224.6
1229
1240.7
1226.1
1243.7
1224.6
1243.7
1242.2
1251
1262.7
1230.5
1091.3
448.24
64.452
-67.38
-254.88
-405.76
-454.1
-524.41
-509.77
-544.92
-574.22
-546.38
-581.54
-580.08
-607.92
-588.87
-590.33
-610.86
-609.36
-604.98
-624
-610.86
-618.18
-603.54
-610.86
-612.3
-604.98
-594.73
-596.19
-613.74
-543.46
-416.02
-363.28
-353.03
-342.77
-363.28
-372.07
-360.35
-342.77
-336.91
-323.73
-310.55
-297.37
-295.9
-268.07
-249.02
-246.1
-235.84
-240.23
-203.62
-219.73
-215.33
-243.16
-218.26
-218.26
-213.87
-249.02
-209.47
-209.47
-213.87
-215.33
-249.02
-304.69
-348.63
-372.07
-379.39
-388.18
-389.65
-407.23
-433.6
-405.76
-429.2
-427.73
-414.55
-410.15
-413.09
-439.45
-413.09
-427.73
-426.27
-402.83
-407.23
-426.27
-416.02
-399.9
-424.81
-427.73
-405.76
-440.92
-445.31
-399.9
-451.17
-585.94
-650.4
-687
-733.86
-728.04
-769.02
-748.56
-782.22
-776.34
-807.12
-807.12
-808.62
-821.76
-813
-814.44
-814.44
-817.38
-817.38
-814.44
-807.12
-826.2
-814.44
-818.82
-829.08
-818.82
-815.94
-811.5
-817.38
-684.06
-118.65
74.706
310.55
585.94
722.16
792.48
820.32
876
884.76
876
916.98
924.3
936.06
946.26
933.12
944.82
950.7
941.88
955.08
959.46
956.52
958.02
968.28
953.64
960.96
969.72
952.14
958.02
955.08
890.64
477.54
247.56
158.2
130.37
79.104
48.34
62.988
48.34
36.621
27.832
14.648
7.3242
-1.4648
-5.8594
-7.3242
-1.4648
-1.4648
0
0
0
0
0
0
0
0
0
0
0
0
5.8594
130.37
361.82
615.24
733.86
811.5
846.66
881.82
880.38
908.22
899.4
919.92
936.06
931.62
949.2
958.02
937.5
962.4
953.64
943.38
963.84
956.52
953.64
960.96
962.4
949.2
965.34
963.84
963.84
972.66
918.48
257.81
-33.691
-225.59
-502.44
-689.94
-771.96
-820.32
-855.48
-864.24
-886.26
-900.9
-931.62
-921.36
-950.7
-958.02
-943.38
-952.14
-959.46
-958.02
-959.46
-962.4
-956.52
-965.34
-959.46
-955.08
-966.78
-965.34
-956.52
-971.22
-909.66
-281.25
16.113
140.63
382.33
495.12
585.94
631.32
629.88
656.28
681.18
660.66
681.18
697.26
701.64
720.72
723.66
719.22
723.66
728.04
744.12
738.3
732.42
714.84
730.98
733.86
725.1
717.78
723.66
728.04
716.28
628.44
867.18
959.46
1018.1
1059.1
1101.5
1113.3
1136.7
1125
1157.2
1152.8
1163.1
1166
1171.9
1182.1
1173.4
1177.7
1186.5
1177.7
1198.3
1167.5
1196.8
1171.9
1170.4
1199.7
1166
1186.5
1198.3
1189.4
1182.1
955.08
571.29
312.01
155.27
71.778
30.762
10.254
0
-2.9297
-4.3945
0
0
0
0
0
0
0
0
0
0
0
0
0
0
0
0
0
0
0
0
0
0
0
0
0
0
0
0
0
0
0
0
0
0
0
0
0
0
0
0
0
0
0
0
0
0
0
0
0
0
-42.481
-273.92
-572.75
-691.38
-793.92
-826.2
-848.16
-876
-874.5
-881.82
-925.8
-922.86
-930.18
-956.52
-947.76
-943.38
-968.28
-943.38
-947.76
-966.78
-955.08
-963.84
-975.6
-965.34
-953.64
-972.66
-956.52
-965.34
-958.02
-455.57
-102.54
-5.8594
93.75
145.02
177.25
196.29
199.22
237.31
209.47
210.94
213.87
249.02
221.19
222.65
199.22
231.44
222.65
228.52
199.22
222.65
237.31
213.87
205.08
216.8
244.63
212.4
215.33
203.62
243.16
48.34
-36.621
-169.92
-215.33
-271
-294.43
-303.22
-304.69
-310.55
-316.4
-326.66
-317.87
-316.4
-322.27
-344.24
-344.24
-338.38
-326.66
-323.73
-316.4
-319.34
-317.87
-313.48
-328.13
-314.94
-339.85
-325.19
-335.45
-344.24
-342.77
-84.96
58.594
251.95
347.17
418.94
443.85
490.72
484.87
505.37
490.72
541.99
531.74
540.53
547.85
546.38
559.57
527.35
556.64
544.92
540.53
549.32
528.81
552.25
544.92
530.27
556.64
525.88
561.04
543.46
537.6
273.92
136.23
74.706
13.184
-5.8594
-13.184
-23.438
-26.367
-20.508
-13.184
-24.902
-30.762
-29.297
-29.297
-27.832
-14.648
-13.184
-14.648
-19.043
-32.227
-29.297
-14.648
-21.973
-30.762
-30.762
-30.762
-29.297
-17.578
-16.113
-16.113
-21.973
-232.91
-435.06
-534.67
-606.42
-622.56
-643.08
-673.8
-676.74
-672.36
-704.58
-716.28
-719.22
-704.58
-720.72
-738.3
-722.16
-716.28
-728.04
-714.84
-719.22
-723.66
-732.42
-729.48
-733.86
-728.04
-739.74
-732.42
-726.54
-720.72
-648.9
-604.98
-566.89
-591.8
-596.19
-594.73
-581.54
-566.89
-555.17
-543.46
-536.13
-518.56
-508.3
-487.79
-490.72
-492.19
-467.29
-481.93
-454.1
-459.96
-465.82
-449.71
-470.21
-465.82
-452.63
-468.75
-454.1
-473.14
-474.61
-451.17
-376.46
-328.13
-287.11
-290.04
-322.27
-314.94
-297.37
-287.11
-268.07
-254.88
-243.16
-222.65
-197.75
-216.8
-158.2
-175.78
-196.29
-166.99
-187.5
-158.2
-168.46
-203.62
-159.67
-183.11
-181.64
-165.53
-203.62
-165.53
-180.17
-210.94
-89.358
-7.3242
57.129
76.17
83.496
109.87
105.47
83.496
134.77
101.08
89.358
115.72
102.54
115.72
111.33
82.032
131.84
102.54
99.612
111.33
95.214
128.9
109.87
82.032
124.51
104
109.87
112.79
86.424
134.77
62.988
256.35
440.92
525.88
580.08
599.12
622.56
644.52
669.42
666.48
670.92
682.62
682.62
681.18
681.18
687
697.26
695.82
679.68
695.82
704.58
700.2
687
697.26
698.76
695.82
698.76
691.38
697.26
701.64
408.69
58.594
-58.594
-257.81
-372.07
-440.92
-484.87
-490.72
-515.63
-540.53
-540.53
-566.89
-583.01
-562.5
-572.75
-593.26
-565.43
-563.96
-590.33
-569.83
-585.94
-585.94
-561.04
-561.04
-585.94
-575.68
-566.89
-577.15
-594.73
-594.73
-439.45
-612.3
-884.76
-1001.9
-1056.2
-1103
-1130.9
-1151.3
-1174.8
-1177.7
-1214.3
-1210
-1217.3
-1230.5
-1230.5
-1231.9
-1239.2
-1243.7
-1252.4
-1249.5
-1249.5
-1251
-1252.4
-1240.7
-1248.1
-1242.2
-1251
-1258.3
-1239.2
-1256.8
-902.34
-187.5
90.822
354.49
653.34
915.54
999
1081.1
1138.2
1147
1163.1
1174.8
1196.8
1210
1215.8
1227.5
1218.8
1215.8
1215.8
1229
1245.1
1231.9
1237.8
1227.5
1234.9
1226.1
1239.2
1236.3
1223.2
1262.7
930.18
246.1
-45.41
-279.79
-621.12
-813
-896.46
-956.52
-994.62
-1006.3
-1018.1
-1037.1
-1062
-1067.9
-1082.5
-1085.5
-1095.7
-1089.8
-1094.2
-1091.3
-1094.2
-1110.4
-1098.7
-1098.7
-1111.8
-1100.1
-1101.5
-1104.5
-1094.2
-1113.3
-837.9
-147.95
124.51
336.91
675.3
840.84
927.24
985.86
1022.5
1047.4
1069.3
1063.5
1076.6
1089.8
1101.5
1106
1095.7
1120.6
1116.2
1104.5
1130.9
1110.4
1127.9
1120.6
1122.1
1123.6
1136.7
1126.4
1132.3
1117.7
1108.9
1120.6
1108.9
1103
1081.1
1070.8
1070.8
1048.8
1048.8
1043
1025.4
1045.9
1022.5
1018.1
1023.9
1019.5
1001.9
1018.1
1010.8
987.3
1012.2
997.56
996.12
1001.9
987.3
988.74
1009.3
979.98
996.12
1006.3
805.68
309.08
36.621
-23.438
-109.87
-140.63
-180.17
-197.75
-206.54
-221.19
-188.96
-222.65
-222.65
-235.84
-197.75
-225.59
-227.05
-232.91
-202.15
-222.65
-218.26
-246.1
-196.29
-225.59
-219.73
-243.16
-210.94
-219.73
-218.26
-241.7
-140.63
79.104
256.35
544.92
663.6
730.98
777.84
811.5
833.52
852.54
842.28
877.44
856.92
880.38
878.88
896.46
876
900.9
893.58
893.58
896.46
897.96
886.26
909.66
897.96
896.46
897.96
918.48
890.64
906.72
874.5
890.64
956.52
1013.7
1038.6
1048.8
1069.3
1060.6
1088.4
1097.2
1111.8
1119.1
1103
1117.7
1127.9
1123.6
1144
1132.3
1122.1
1126.4
1139.6
1141.1
1139.6
1125
1145.5
1119.1
1136.7
1125
1132.3
1129.4
1114.7
1107.4
1123.6
1097.2
1100.1
1063.5
1059.1
1062
1037.1
1038.6
1037.1
1022.5
1022.5
1023.9
1015.1
1009.3
1015.1
1001.9
1000.5
1007.8
996.12
1007.8
1000.5
987.3
1001.9
994.62
988.74
999
984.36
994.62
855.48
262.21
-23.438
-134.77
-424.81
-558.11
-604.98
-654.78
-682.62
-689.94
-670.92
-711.9
-720.72
-736.8
-736.8
-741.24
-760.26
-733.86
-744.12
-757.32
-761.7
-760.26
-763.2
-764.64
-760.26
-745.62
-763.2
-770.52
-770.52
-750
-720.72
-742.68
-830.58
-861.3
-925.8
-928.74
-937.5
-956.52
-982.92
-972.66
-999
-999
-1010.8
-1022.5
-999
-1019.5
-1015.1
-1015.1
-1022.5
-1022.5
-1009.3
-1026.8
-1015.1
-1013.7
-1029.8
-1018.1
-1025.4
-1031.3
-1013.7
-1031.3
-950.7
-454.1
-303.22
-196.29
-150.88
-152.35
-142.09
-142.09
-146.48
-131.84
-121.58
-106.93
-101.08
-83.496
-73.242
-57.129
-64.452
-42.481
-29.297
-43.945
-45.41
-39.551
-52.735
-52.735
-29.297
-27.832
-52.735
-32.227
-51.269
-57.129
-33.691
120.12
326.66
606.42
720.72
808.62
833.52
880.38
878.88
890.64
912.6
922.86
937.5
950.7
921.36
941.88
956.52
937.5
953.64
953.64
946.26
960.96
966.78
956.52
956.52
963.84
941.88
959.46
975.6
955.08
900.9
278.32
-46.875
-254.88
-561.04
-777.84
-843.78
-880.38
-940.44
-959.46
-963.84
-987.3
-1016.6
-1015.1
-1031.3
-1032.7
-1031.3
-1038.6
-1040
-1044.4
-1045.9
-1034.2
-1045.9
-1044.4
-1048.8
-1045.9
-1053.2
-1044.4
-1056.2
-1043
-1029.8
-1021
-1022.5
-1038.6
-1051.7
-1053.2
-1067.9
-1063.5
-1070.8
-1066.4
-1067.9
-1070.8
-1082.5
-1064.9
-1084
-1081.1
-1076.6
-1079.6
-1073.8
-1075.2
-1084
-1070.8
-1085.5
-1075.2
-1073.8
-1082.5
-1082.5
-1076.6
-1084
-1075.2
-1034.2
-383.79
8.7888
191.89
449.71
626.94
770.52
824.7
861.3
880.38
905.28
919.92
902.34
928.74
930.18
938.94
955.08
959.46
941.88
969.72
955.08
949.2
963.84
960.96
953.64
966.78
956.52
955.08
984.36
965.34
949.2
698.76
613.74
577.15
531.74
503.9
525.88
544.92
528.81
512.69
503.9
493.65
490.72
474.61
454.1
451.17
437.99
437.99
418.94
421.88
421.88
416.02
389.65
398.44
413.09
396.97
391.12
375
402.83
388.18
391.12
16.113
-216.8
-515.63
-837.9
-987.3
-1043
-1094.2
-1135.3
-1161.6
-1155.8
-1188
-1205.6
-1199.7
-1223.2
-1226.1
-1229
-1237.8
-1227.5
-1242.2
-1234.9
-1252.4
-1240.7
-1243.7
-1253.9
-1242.2
-1253.9
-1246.6
-1255.4
-1242.2
-1240.7
-626.94
-168.46
8.7888
128.9
316.4
388.18
430.66
473.14
471.68
506.84
506.84
506.84
512.69
522.95
563.96
534.67
556.64
544.92
536.13
555.17
552.25
537.6
540.53
539.06
563.96
530.27
555.17
539.06
566.89
128.9
-186.04
-483.4
-829.08
-1021
-1101.5
-1158.7
-1185.1
-1215.8
-1243.7
-1234.9
-1293.5
-1264.1
-1308.1
-1303.7
-1294.9
-1319.8
-1315.4
-1330.1
-1316.9
-1318.4
-1322.8
-1334.5
-1318.4
-1319.8
-1334.5
-1347.7
-1343.3
-1325.7
-1322.8
-722.16
-212.4
8.7888
166.99
316.4
402.83
449.71
509.77
495.12
547.85
536.13
517.09
555.17
555.17
558.11
556.64
558.11
558.11
578.62
577.15
566.89
593.26
575.68
575.68
584.47
580.08
575.68
602.04
583.01
575.68
155.27
-82.032
-379.39
-687
-881.82
-959.46
-1029.8
-1053.2
-1082.5
-1089.8
-1114.7
-1144
-1154.3
-1154.3
-1167.5
-1167.5
-1166
-1171.9
-1185.1
-1183.6
-1174.8
-1193.8
-1183.6
-1185.1
-1179.2
-1177.7
-1198.3
-1176.2
-1188
-1186.5
-621.12
-124.51
52.735
304.69
509.77
618.18
701.64
741.24
750
767.58
808.62
793.92
795.42
833.52
818.82
824.7
843.78
833.52
818.82
852.54
853.98
836.4
842.28
859.86
862.8
843.78
852.54
848.16
846.66
846.66
514.16
295.9
188.96
153.81
115.72
90.822
70.314
82.032
73.242
60.06
51.269
43.945
36.621
20.508
11.719
4.3945
2.9297
4.3945
2.9297
5.8594
5.8594
7.3242
4.3945
5.8594
4.3945
4.3945
7.3242
11.719
8.7888
10.254
46.875
162.6
287.11
338.38
388.18
386.72
429.2
430.66
407.23
449.71
445.31
439.45
468.75
445.31
467.29
461.42
435.06
457.03
443.85
440.92
458.5
445.31
454.1
465.82
451.17
477.54
471.68
457.03
474.61
461.42
367.67
568.36
704.58
766.14
836.4
858.42
897.96
880.38
900.9
911.16
925.8
950.7
944.82
953.64
969.72
940.44
949.2
968.28
956.52
962.4
978.54
956.52
972.66
975.6
963.84
969.72
981.42
959.46
968.28
972.66
559.57
45.41
-188.96
-511.23
-805.68
-977.04
-1063.5
-1108.9
-1141.1
-1167.5
-1190.9
-1204.1
-1229
-1217.3
-1242.2
-1249.5
-1252.4
-1261.3
-1273
-1252.4
-1262.7
-1270
-1264.1
-1274.4
-1256.8
-1271.5
-1256.8
-1267.1
-1265.6
-1280.3
-1231.9
-1167.5
-1173.4
-1163.1
-1174.8
-1152.8
-1136.7
-1127.9
-1117.7
-1108.9
-1100.1
-1095.7
-1091.3
-1081.1
-1078.1
-1082.5
-1069.3
-1072.3
-1063.5
-1059.1
-1069.3
-1067.9
-1051.7
-1063.5
-1054.7
-1048.8
-1064.9
-1056.2
-1056.2
-1050.3
-1000.5
-1031.3
-1075.2
-1088.4
-1108.9
-1116.2
-1144
-1148.5
-1155.8
-1173.4
-1168.9
-1188
-1166
-1180.7
-1204.1
-1186.5
-1196.8
-1186.5
-1182.1
-1190.9
-1183.6
-1196.8
-1195.3
-1195.3
-1202.6
-1186.5
-1193.8
-1177.7
-1193.8
-1189.4
-1177.7
-1171.9
-1173.4
-1157.2
-1148.5
-1122.1
-1126.4
-1107.4
-1103
-1095.7
-1089.8
-1086.9
-1085.5
-1078.1
-1085.5
-1076.6
-1056.2
-1073.8
-1066.4
-1060.6
-1075.2
-1062
-1060.6
-1062
-1050.3
-1063.5
-1062
-1047.4
-1064.9
-1056.2
-1004.9
-1064.9
-1125
-1186.5
-1212.9
-1242.2
-1271.5
-1258.3
-1292
-1286.2
-1312.5
-1305.2
-1305.2
-1308.1
-1330.1
-1302.2
-1336
-1334.5
-1306.6
-1330.1
-1318.4
-1343.3
-1321.3
-1312.5
-1324.2
-1352
-1349.1
-1330.1
-1344.7
-1315.4
-1016.6
-292.97
36.621
297.37
621.12
859.86
978.54
1040
1084
1122.1
1127.9
1144
1151.3
1170.4
1182.1
1179.2
1192.4
1198.3
1183.6
1202.6
1201.2
1198.3
1211.4
1201.2
1220.2
1212.9
1224.6
1208.5
1212.9
1223.2
1001.9
477.54
150.88
51.269
-29.297
-82.032
-86.424
-108.4
-145.02
-106.93
-139.16
-108.4
-146.48
-114.26
-147.95
-128.9
-136.23
-140.63
-128.9
-147.95
-124.51
-152.35
-118.65
-150.88
-112.79
-150.88
-109.87
-143.56
-118.65
-131.84
-93.75
121.58
325.19
602.04
676.74
736.8
801.24
824.7
833.52
846.66
867.18
870.12
880.38
890.64
878.88
886.26
902.34
892.08
897.96
903.78
890.64
890.64
915.54
903.78
893.58
896.46
915.54
895.02
902.34
909.66
785.16
477.54
402.83
370.61
306.15
290.04
290.04
317.87
303.22
294.43
282.71
275.39
266.6
247.56
228.52
228.52
202.15
200.68
183.11
164.06
202.15
166.99
155.27
178.71
168.46
186.04
175.78
143.56
183.11
166.99
153.81
74.706
26.367
-8.7888
-26.367
-14.648
-16.113
-30.762
-32.227
-30.762
-30.762
-16.113
-14.648
-14.648
-16.113
-29.297
-33.691
-16.113
-16.113
-29.297
-29.297
-30.762
-33.691
-17.578
-17.578
-14.648
-19.043
-32.227
-27.832
-16.113
-30.762
-124.51
-338.38
-426.27
-515.63
-518.56
-562.5
-581.54
-581.54
-585.94
-609.36
-597.65
-628.44
-638.7
-613.74
-638.7
-635.76
-637.2
-646.02
-629.88
-641.58
-635.76
-641.58
-646.02
-640.14
-632.82
-615.24
-618.18
-634.26
-631.32
-599.12
-562.5
-553.71
-547.85
-577.15
-558.11
-544.92
-530.27
-524.41
-506.84
-498.05
-484.87
-480.47
-471.68
-454.1
-457.03
-445.31
-417.48
-427.73
-435.06
-420.41
-435.06
-435.06
-436.52
-423.34
-440.92
-451.17
-429.2
-440.92
-445.31
-331.06
-89.358
-11.719
51.269
68.85
114.26
108.4
143.56
115.72
133.3
128.9
120.12
139.16
108.4
143.56
108.4
147.95
118.65
149.41
115.72
139.16
128.9
123.05
143.56
112.79
140.63
109.87
139.16
114.26
147.95
104
169.92
446.78
656.28
728.04
798.36
813
855.48
873.06
876
886.26
919.92
903.78
908.22
924.3
918.48
924.3
919.92
919.92
912.6
925.8
933.12
916.98
934.56
937.5
921.36
925.8
934.56
927.24
924.3
846.66
251.95
2.9297
-164.06
-420.41
-572.75
-625.5
-678.24
-682.62
-713.4
-719.22
-733.86
-754.38
-769.02
-766.14
-771.96
-782.22
-786.6
-786.6
-788.1
-773.46
-774.9
-786.6
-789.54
-780.78
-779.28
-791.04
-788.1
-786.6
-782.22
-744.12
-682.62
-958.02
-1084
-1130.9
-1179.2
-1210
-1234.9
-1231.9
-1246.6
-1292
-1287.6
-1321.3
-1308.1
-1330.1
-1312.5
-1312.5
-1321.3
-1328.6
-1338.8
-1311.1
-1331.5
-1333
-1330.1
-1338.8
-1334.5
-1340.3
-1324.2
-1327.1
-1316.9
-1321.3
-1127.9
-1094.2
-1043
-1025.4
-1019.5
-1021
-1025.4
-1010.8
-991.68
-982.92
-975.6
-956.52
-956.52
-949.2
-933.12
-937.5
-934.56
-922.86
-916.98
-930.18
-916.98
-922.86
-922.86
-906.72
-905.28
-909.66
-908.22
-906.72
-911.16
-868.68
-360.35
-136.23
-64.452
-5.8594
29.297
54.199
48.34
60.06
41.015
84.96
62.988
73.242
43.945
71.778
76.17
68.85
51.269
60.06
86.424
58.594
61.524
48.34
87.888
58.594
74.706
43.945
77.634
73.242
68.85
45.41
98.142
326.66
561.04
629.88
684.06
710.46
741.24
751.44
757.32
750
777.84
810.06
791.04
807.12
811.5
827.64
796.86
811.5
833.52
813
804.18
820.32
827.64
804.18
826.2
839.34
814.44
815.94
815.94
826.2
751.44
698.76
692.88
711.9
713.4
694.32
684.06
676.74
662.1
646.02
646.02
643.08
635.76
618.18
607.92
599.12
599.12
590.33
578.62
585.94
593.26
602.04
578.62
585.94
596.19
581.54
580.08
588.87
577.15
562.5
411.62
366.21
341.31
322.27
325.19
344.24
335.45
325.19
316.4
300.29
290.04
272.46
259.28
235.84
237.31
240.23
218.26
196.29
227.05
200.68
186.04
213.87
205.08
196.29
188.96
206.54
194.83
171.38
218.26
193.36
-35.156
-221.19
-537.6
-814.44
-925.8
-979.98
-1034.2
-1060.6
-1060.6
-1098.7
-1117.7
-1126.4
-1111.8
-1125
-1147
-1135.3
-1144
-1144
-1148.5
-1147
-1155.8
-1157.2
-1154.3
-1163.1
-1157.2
-1161.6
-1164.5
-1163.1
-1168.9
-1104.5
-1154.3
-1164.5
-1192.4
-1217.3
-1210
-1245.1
-1221.7
-1255.4
-1246.6
-1256.8
-1253.9
-1253.9
-1261.3
-1274.4
-1267.1
-1271.5
-1275.9
-1264.1
-1277.3
-1284.7
-1261.3
-1293.5
-1271.5
-1270
-1268.6
-1264.1
-1283.2
-1270
-1277.3
-742.68
-227.05
-1.4648
108.4
206.54
266.6
333.98
339.85
366.21
345.7
361.82
375
358.88
380.86
373.54
373.54
396.97
396.97
398.44
386.72
407.23
411.62
398.44
395.51
369.14
408.69
389.65
416.02
394.04
395.51
452.63
433.6
418.94
411.62
401.37
394.04
375
360.35
339.85
338.38
345.7
329.59
322.27
332.52
323.73
310.55
304.69
314.94
307.62
303.22
312.01
291.5
303.22
312.01
320.8
316.4
310.55
297.37
290.04
292.97
309.08
342.77
380.86
394.04
416.02
430.66
424.81
443.85
462.89
440.92
468.75
461.42
448.24
462.89
454.1
468.75
477.54
459.96
462.89
462.89
443.85
459.96
440.92
468.75
462.89
427.73
464.36
473.14
461.42
468.75
177.25
-39.551
-256.35
-492.19
-606.42
-659.16
-703.14
-732.42
-733.86
-747.06
-766.14
-789.54
-785.16
-807.12
-807.12
-811.5
-801.24
-807.12
-813
-795.42
-811.5
-815.94
-817.38
-814.44
-837.9
-821.76
-813
-824.7
-820.32
-814.44
-782.22
-792.48
-799.8
-780.78
-771.96
-769.02
-754.38
-741.24
-730.98
-725.1
-713.4
-706.08
-698.76
-704.58
-689.94
-685.56
-687
-689.94
-689.94
-687
-688.5
-687
-681.18
-675.3
-666.48
-673.8
-670.92
-663.6
-662.1
-665.04
-292.97
10.254
224.12
492.19
717.78
796.86
878.88
900.9
936.06
949.2
966.78
974.1
990.24
987.3
1000.5
994.62
994.62
1006.3
996.12
1013.7
1016.6
1010.8
1015.1
1016.6
1015.1
1021
1031.3
1010.8
1009.3
1023.9
629.88
45.41
-140.63
-436.52
-739.74
-887.7
-963.84
-1016.6
-1038.6
-1057.6
-1075.2
-1098.7
-1141.1
-1120.6
-1132.3
-1144
-1135.3
-1157.2
-1152.8
-1154.3
-1160.2
-1152.8
-1157.2
-1157.2
-1157.2
-1164.5
-1160.2
-1158.7
-1160.2
-1155.8
-1084
-969.72
-930.18
-897.96
-897.96
-909.66
-914.04
-890.64
-878.88
-873.06
-858.42
-842.28
-852.54
-832.02
-830.58
-802.74
-821.76
-805.68
-814.44
-799.8
-795.42
-801.24
-791.04
-798.36
-789.54
-789.54
-779.28
-785.16
-777.84
-779.28
-704.58
-629.88
-580.08
-575.68
-585.94
-606.42
-591.8
-569.83
-555.17
-544.92
-539.06
-518.56
-509.77
-499.51
-487.79
-492.19
-476.08
-471.68
-477.54
-457.03
-479
-465.82
-481.93
-486.33
-443.85
-473.14
-467.29
-455.57
-462.89
-452.63
-269.53
-93.75
-14.648
17.578
26.367
64.452
38.086
61.524
83.496
55.664
62.988
48.34
86.424
58.594
73.242
43.945
80.568
71.778
73.242
45.41
65.916
84.96
58.594
58.594
51.269
87.888
52.735
73.242
43.945
77.634
38.086
-79.104
-209.47
-268.07
-313.48
-317.87
-358.88
-358.88
-350.1
-376.46
-385.25
-395.51
-375
-370.61
-396.97
-388.18
-407.23
-398.44
-382.33
-410.15
-404.3
-405.76
-396.97
-405.76
-398.44
-396.97
-386.72
-388.18
-396.97
-402.83
-383.79
-235.84
-120.12
-55.664
-21.973
-4.3945
0
2.9297
1.4648
1.4648
1.4648
0
0
0
1.4648
0
0
0
0
0
0
0
0
0
0
0
0
0
0
0
0
-68.85
-290.04
-583.01
-700.2
-785.16
-792.48
-840.84
-851.1
-864.24
-877.44
-903.78
-896.46
-918.48
-921.36
-921.36
-927.24
-924.3
-940.44
-925.8
-928.74
-925.8
-928.74
-944.82
-922.86
-934.56
-940.44
-933.12
-937.5
-940.44
-937.5
-748.56
-703.14
-667.98
-644.52
-640.14
-656.28
-651.84
-634.26
-621.12
-607.92
-603.54
-588.87
-583.01
-562.5
-562.5
-540.53
-559.57
-534.67
-539.06
-508.3
-531.74
-521.48
-520.02
-518.56
-520.02
-528.81
-531.74
-534.67
-515.63
-517.09
-360.35
-698.76
-852.54
-922.86
-981.42
-1009.3
-1043
-1066.4
-1072.3
-1098.7
-1094.2
-1098.7
-1116.2
-1108.9
-1123.6
-1127.9
-1122.1
-1151.3
-1125
-1127.9
-1127.9
-1127.9
-1142.6
-1126.4
-1135.3
-1136.7
-1130.9
-1144
-1141.1
-1132.3
-443.85
-21.973
200.68
511.23
789.54
916.98
997.56
1041.5
1097.2
1113.3
1120.6
1133.8
1117.7
1157.2
1149.9
1166
1170.4
1147
1174.8
1176.2
1173.4
1174.8
1170.4
1183.6
1174.8
1192.4
1195.3
1173.4
1204.1
552.25
57.129
-139.16
-389.65
-651.84
-776.34
-840.84
-868.68
-897.96
-915.54
-911.16
-938.94
-950.7
-959.46
-965.34
-969.72
-978.54
-988.74
-981.42
-972.66
-999
-984.36
-982.92
-996.12
-991.68
-984.36
-990.24
-987.3
-990.24
-994.62
-457.03
-90.822
76.17
227.05
344.24
385.25
448.24
448.24
479
465.82
483.4
486.33
496.58
486.33
509.77
512.69
515.63
518.56
524.41
503.9
530.27
506.84
534.67
498.05
522.95
508.3
511.23
514.16
515.63
506.84
111.33
-70.314
-285.64
-556.64
-646.02
-700.2
-739.74
-767.58
-757.32
-802.74
-805.68
-818.82
-818.82
-817.38
-829.08
-833.52
-840.84
-824.7
-849.6
-839.34
-834.96
-849.6
-834.96
-834.96
-843.78
-834.96
-842.28
-842.28
-848.16
-848.16
-788.1
-896.46
-927.24
-972.66
-1007.8
-1019.5
-1026.8
-1057.6
-1072.3
-1079.6
-1094.2
-1078.1
-1103
-1098.7
-1094.2
-1110.4
-1097.2
-1103
-1103
-1100.1
-1108.9
-1103
-1101.5
-1114.7
-1107.4
-1111.8
-1104.5
-1100.1
-1113.3
-1103
-514.16
-93.75
108.4
316.4
559.57
622.56
729.48
742.68
751.44
774.9
786.6
782.22
813
820.32
805.68
845.22
845.22
829.08
818.82
837.9
833.52
840.84
832.02
852.54
836.4
830.58
853.98
839.34
832.02
843.78
502.44
191.89
130.37
73.242
17.578
2.9297
-4.3945
-4.3945
-5.8594
-4.3945
-4.3945
-7.3242
-10.254
-13.184
-11.719
-8.7888
-10.254
-8.7888
-2.9297
-1.4648
0
0
0
0
0
0
0
0
0
0
62.988
323.73
618.18
878.88
966.78
1031.3
1089.8
1107.4
1144
1149.9
1155.8
1160.2
1186.5
1190.9
1186.5
1199.7
1199.7
1195.3
1195.3
1205.6
1224.6
1205.6
1204.1
1190.9
1217.3
1221.7
1207
1218.8
1210
1221.7
750
174.32
-41.015
-247.56
-552.25
-700.2
-752.94
-810.06
-843.78
-839.34
-856.92
-897.96
-893.58
-914.04
-906.72
-915.54
-909.66
-934.56
-918.48
-922.86
-936.06
-927.24
-931.62
-930.18
-930.18
-924.3
-936.06
-930.18
-927.24
-940.44
-792.48
-684.06
-656.28
-625.5
-615.24
-599.12
-619.62
-609.36
-596.19
-572.75
-562.5
-556.64
-549.32
-539.06
-527.35
-518.56
-528.81
-514.16
-524.41
-496.58
-503.9
-473.14
-493.65
-487.79
-498.05
-490.72
-480.47
-479
-473.14
-495.12
-188.96
-1.4648
168.46
316.4
377.93
440.92
470.21
506.84
490.72
530.27
498.05
511.23
539.06
547.85
537.6
527.35
543.46
546.38
522.95
556.64
525.88
556.64
534.67
550.78
552.25
553.71
553.71
558.11
553.71
558.11
476.08
629.88
706.08
758.76
761.7
808.62
813
818.82
845.22
840.84
849.6
848.16
858.42
865.74
848.16
867.18
884.76
862.8
867.18
873.06
877.44
873.06
880.38
876
868.68
876
880.38
864.24
871.56
871.56
556.64
190.43
65.916
-2.9297
-65.916
-79.104
-104
-89.358
-102.54
-102.54
-99.612
-123.05
-82.032
-105.47
-125.98
-92.286
-108.4
-104
-101.08
-124.51
-80.568
-111.33
-124.51
-95.214
-112.79
-98.142
-102.54
-130.37
-80.568
-109.87
-89.358
-285.64
-596.19
-742.68
-817.38
-880.38
-911.16
-930.18
-934.56
-959.46
-979.98
-996.12
-991.68
-1003.4
-1013.7
-999
-1013.7
-1015.1
-1006.3
-1021
-1016.6
-1013.7
-1023.9
-1010.8
-1012.2
-1023.9
-1022.5
-1026.8
-1023.9
-1013.7
-729.48
-484.87
-328.13
-322.27
-282.71
-246.1
-282.71
-279.79
-284.18
-271
-256.35
-247.56
-231.44
-216.8
-216.8
-178.71
-180.17
-140.63
-161.13
-143.56
-152.35
-155.27
-140.63
-172.85
-143.56
-178.71
-137.69
-169.92
-128.9
-164.06
-109.87
-105.47
-128.9
-102.54
-104
-93.75
-79.104
-73.242
-61.524
-51.269
-43.945
-20.508
-17.578
-17.578
-21.973
-32.227
-20.508
-14.648
-26.367
-32.227
-30.762
-30.762
-21.973
-14.648
-14.648
-14.648
-21.973
-33.691
-24.902
-13.184
-51.269
-199.22
-473.14
-688.5
-782.22
-829.08
-855.48
-870.12
-886.26
-892.08
-934.56
-922.86
-931.62
-944.82
-953.64
-944.82
-963.84
-952.14
-955.08
-965.34
-955.08
-956.52
-960.96
-963.84
-955.08
-979.98
-975.6
-958.02
-974.1
-969.72
-635.76
-83.496
84.96
259.28
477.54
568.36
628.44
667.98
691.38
708.96
707.52
706.08
719.22
736.8
738.3
736.8
755.88
754.38
744.12
752.94
754.38
757.32
747.06
744.12
757.32
758.76
757.32
754.38
761.7
766.14
695.82
583.01
563.96
521.48
520.02
534.67
536.13
522.95
503.9
496.58
479
467.29
462.89
454.1
430.66
432.13
432.13
433.6
410.15
421.88
432.13
418.94
402.83
398.44
416.02
404.3
396.97
383.79
407.23
408.69
238.77
-2.9297
-104
-187.5
-260.74
-292.97
-325.19
-335.45
-331.06
-339.85
-350.1
-348.63
-331.06
-357.42
-364.75
-351.56
-357.42
-354.49
-353.03
-335.45
-350.1
-344.24
-361.82
-355.96
-366.21
-363.28
-355.96
-358.88
-367.67
-377.93
-221.19
105.47
316.4
619.62
820.32
916.98
971.22
1019.5
1044.4
1069.3
1056.2
1075.2
1089.8
1108.9
1106
1101.5
1119.1
1100.1
1125
1127.9
1114.7
1132.3
1119.1
1123.6
1129.4
1123.6
1136.7
1126.4
1111.8
1130.9
909.66
341.31
71.778
-26.367
-121.58
-196.29
-200.68
-251.95
-241.7
-263.67
-276.86
-290.04
-285.64
-269.53
-262.21
-268.07
-265.13
-279.79
-276.86
-268.07
-266.6
-272.46
-279.79
-284.18
-272.46
-266.6
-253.42
-259.28
-268.07
-269.53
-234.38
-338.38
-490.72
-549.32
-626.94
-646.02
-660.66
-657.72
-691.38
-687
-691.38
-716.28
-717.78
-711.9
-710.46
-717.78
-720.72
-719.22
-730.98
-729.48
-738.3
-736.8
-726.54
-726.54
-730.98
-716.28
-722.16
-717.78
-723.66
-717.78
-631.32
-744.12
-903.78
-959.46
-1012.2
-1051.7
-1067.9
-1075.2
-1101.5
-1132.3
-1129.4
-1116.2
-1147
-1126.4
-1151.3
-1154.3
-1144
-1152.8
-1155.8
-1152.8
-1160.2
-1149.9
-1167.5
-1160.2
-1163.1
-1152.8
-1152.8
-1158.7
-1161.6
-1173.4
-994.62
-461.42
-139.16
-64.452
5.8594
46.875
55.664
67.38
98.142
83.496
57.129
104
84.96
74.706
92.286
84.96
90.822
77.634
99.612
87.888
62.988
115.72
86.424
60.06
105.47
82.032
77.634
89.358
87.888
89.358
35.156
-104
-388.18
-672.36
-821.76
-899.4
-911.16
-963.84
-991.68
-990.24
-1009.3
-1045.9
-1035.7
-1060.6
-1056.2
-1047.4
-1073.8
-1066.4
-1067.9
-1076.6
-1069.3
-1070.8
-1076.6
-1073.8
-1075.2
-1073.8
-1075.2
-1086.9
-1063.5
-1084
-884.76
-180.17
123.05
353.03
710.46
918.48
1035.7
1101.5
1136.7
1174.8
1182.1
1204.1
1211.4
1239.2
1227.5
1240.7
1253.9
1251
1268.6
1248.1
1245.1
1259.8
1261.3
1287.6
1242.2
1284.7
1261.3
1283.2
1268.6
1268.6
1280.3
1221.7
1234.9
1229
1218.8
1199.7
1183.6
1182.1
1155.8
1164.5
1154.3
1144
1142.6
1136.7
1141.1
1136.7
1116.2
1127.9
1113.3
1119.1
1122.1
1100.1
1113.3
1104.5
1098.7
1110.4
1095.7
1113.3
1122.1
1095.7
947.76
251.95
-64.452
-344.24
-697.26
-937.5
-1082.5
-1123.6
-1173.4
-1208.5
-1221.7
-1249.5
-1277.3
-1284.7
-1294.9
-1312.5
-1296.4
-1319.8
-1313.9
-1327.1
-1311.1
-1331.5
-1336
-1324.2
-1331.5
-1327.1
-1331.5
-1306.6
-1333
-1313.9
-1322.8
-1306.6
-1313.9
-1305.2
-1277.3
-1274.4
-1256.8
-1252.4
-1233.4
-1240.7
-1237.8
-1227.5
-1217.3
-1210
-1218.8
-1204.1
-1207
-1226.1
-1208.5
-1210
-1189.4
-1201.2
-1198.3
-1185.1
-1210
-1182.1
-1189.4
-1177.7
-1198.3
-1196.8
-1151.3
-1018.1
-982.92
-937.5
-943.38
-933.12
-938.94
-928.74
-912.6
-899.4
-890.64
-880.38
-865.74
-864.24
-868.68
-858.42
-848.16
-840.84
-848.16
-829.08
-836.4
-840.84
-834.96
-823.26
-830.58
-829.08
-815.94
-824.7
-829.08
-805.68
-758.76
-739.74
-979.98
-1079.6
-1158.7
-1164.5
-1220.2
-1218.8
-1265.6
-1265.6
-1271.5
-1303.7
-1289
-1308.1
-1309.6
-1312.5
-1312.5
-1330.1
-1330.1
-1311.1
-1330.1
-1340.3
-1319.8
-1312.5
-1349.1
-1303.7
-1340.3
-1337.4
-1322.8
-1333
-1251
-599.12
-149.41
26.367
162.6
307.62
379.39
417.48
452.63
461.42
474.61
481.93
481.93
500.98
503.9
499.51
515.63
503.9
506.84
502.44
511.23
517.09
515.63
509.77
515.63
511.23
527.35
508.3
521.48
506.84
459.96
86.424
-17.578
-196.29
-300.29
-360.35
-392.58
-418.94
-445.31
-410.15
-449.71
-448.24
-471.68
-486.33
-454.1
-483.4
-449.71
-487.79
-481.93
-495.12
-487.79
-492.19
-495.12
-498.05
-499.51
-479
-495.12
-461.42
-481.93
-473.14
-437.99
-76.17
39.551
247.56
361.82
443.85
489.26
506.84
520.02
517.09
556.64
537.6
540.53
580.08
569.83
574.22
569.83
561.04
558.11
593.26
556.64
568.36
584.47
583.01
543.46
596.19
565.43
559.57
590.33
565.43
540.53
87.888
-48.34
-298.83
-505.37
-613.74
-659.16
-708.96
-748.56
-729.48
-766.14
-783.72
-788.1
-788.1
-799.8
-813
-807.12
-802.74
-814.44
-820.32
-804.18
-813
-815.94
-820.32
-810.06
-815.94
-817.38
-804.18
-810.06
-818.82
-813
-663.6
-637.2
-596.19
-599.12
-588.87
-593.26
-578.62
-569.83
-550.78
-541.99
-531.74
-520.02
-511.23
-502.44
-505.37
-484.87
-489.26
-474.61
-480.47
-474.61
-455.57
-468.75
-461.42
-432.13
-464.36
-446.78
-445.31
-455.57
-440.92
-420.41
-76.17
26.367
147.95
210.94
241.7
275.39
295.9
306.15
316.4
317.87
313.48
314.94
325.19
317.87
328.13
342.77
344.24
345.7
335.45
345.7
320.8
325.19
332.52
345.7
342.77
326.66
339.85
335.45
322.27
320.8
48.34
-79.104
-285.64
-424.81
-477.54
-533.2
-563.96
-565.43
-585.94
-604.98
-580.08
-607.92
-609.36
-622.56
-643.08
-626.94
-625.5
-628.44
-629.88
-646.02
-632.82
-641.58
-650.4
-656.28
-643.08
-640.14
-640.14
-625.5
-632.82
-624
-169.92
-29.297
43.945
125.98
146.48
227.05
197.75
196.29
213.87
234.38
216.8
205.08
216.8
246.1
218.26
227.05
203.62
241.7
221.19
227.05
202.15
231.44
225.59
222.65
200.68
224.12
240.23
221.19
216.8
210.94
51.269
-7.3242
-54.199
-99.612
-125.98
-111.33
-146.48
-104
-136.23
-108.4
-146.48
-118.65
-130.37
-134.77
-120.12
-146.48
-121.58
-153.81
-112.79
-147.95
-109.87
-137.69
-114.26
-131.84
-128.9
-115.72
-145.02
-114.26
-143.56
-108.4
-98.142
-408.69
-703.14
-862.8
-940.44
-979.98
-1013.7
-1043
-1050.3
-1057.6
-1088.4
-1088.4
-1117.7
-1119.1
-1114.7
-1122.1
-1108.9
-1126.4
-1125
-1120.6
-1135.3
-1127.9
-1119.1
-1138.2
-1141.1
-1129.4
-1132.3
-1126.4
-1122.1
-571.29
-131.84
11.719
136.23
262.21
310.55
364.75
350.1
389.65
395.51
399.9
383.79
414.55
411.62
399.9
411.62
429.2
433.6
395.51
439.45
429.2
408.69
429.2
430.66
414.55
398.44
421.88
430.66
410.15
424.81
82.032
-102.54
-414.55
-640.14
-779.28
-842.28
-887.7
-927.24
-919.92
-944.82
-959.46
-991.68
-987.3
-987.3
-997.56
-1003.4
-1015.1
-1001.9
-1009.3
-1013.7
-1016.6
-1021
-1025.4
-1013.7
-1016.6
-1022.5
-1016.6
-1022.5
-1022.5
-1023.9
-700.2
-581.54
-531.74
-514.16
-445.31
-473.14
-479
-483.4
-470.21
-455.57
-443.85
-430.66
-418.94
-405.76
-389.65
-383.79
-369.14
-364.75
-360.35
-344.24
-338.38
-332.52
-326.66
-325.19
-320.8
-325.19
-317.87
-323.73
-326.66
-336.91
-58.594
128.9
389.65
672.36
764.64
832.02
864.24
911.16
914.04
916.98
946.26
950.7
950.7
958.02
971.22
974.1
950.7
977.04
968.28
969.72
974.1
987.3
974.1
984.36
988.74
972.66
996.12
982.92
991.68
994.62
763.2
616.68
580.08
503.9
502.44
481.93
514.16
512.69
495.12
479
461.42
451.17
446.78
437.99
420.41
418.94
407.23
395.51
386.72
376.46
395.51
385.25
367.67
361.82
366.21
350.1
358.88
370.61
364.75
353.03
342.77
366.21
396.97
417.48
418.94
427.73
439.45
426.27
459.96
454.1
445.31
470.21
457.03
445.31
458.5
442.38
455.57
455.57
430.66
455.57
454.1
445.31
471.68
459.96
461.42
465.82
443.85
467.29
465.82
454.1
508.3
493.65
481.93
474.61
468.75
449.71
435.06
433.6
416.02
407.23
417.48
410.15
411.62
394.04
407.23
420.41
411.62
405.76
389.65
401.37
401.37
402.83
392.58
404.3
405.76
385.25
389.65
373.54
399.9
396.97
380.86
395.51
459.96
470.21
503.9
487.79
524.41
520.02
517.09
544.92
509.77
562.5
534.67
530.27
563.96
550.78
549.32
539.06
531.74
540.53
540.53
547.85
541.99
546.38
561.04
546.38
552.25
546.38
544.92
558.11
272.46
21.973
-48.34
-121.58
-147.95
-181.64
-228.52
-199.22
-210.94
-210.94
-243.16
-218.26
-215.33
-216.8
-246.1
-227.05
-218.26
-224.12
-235.84
-232.91
-200.68
-224.12
-221.19
-243.16
-196.29
-228.52
-215.33
-241.7
-194.83
-213.87
-77.634
82.032
282.71
418.94
493.65
534.67
565.43
584.47
572.75
588.87
606.42
616.68
634.26
634.26
631.32
609.36
626.94
625.5
632.82
631.32
632.82
631.32
638.7
657.72
634.26
626.94
653.34
638.7
643.08
637.2
561.04
499.51
440.92
420.41
451.17
458.5
449.71
437.99
421.88
402.83
389.65
379.39
370.61
355.96
357.42
361.82
339.85
339.85
322.27
316.4
300.29
297.37
298.83
288.58
297.37
294.43
295.9
294.43
309.08
313.48
275.39
208.01
190.43
194.83
205.08
193.36
183.11
171.38
159.67
150.88
142.09
127.44
93.75
112.79
93.75
71.778
111.33
90.822
58.594
115.72
86.424
67.38
105.47
83.496
79.104
92.286
89.358
89.358
84.96
98.142
93.75
282.71
566.89
783.72
861.3
930.18
977.04
985.86
1003.4
1016.6
1022.5
1040
1043
1047.4
1047.4
1044.4
1054.7
1060.6
1050.3
1070.8
1062
1056.2
1064.9
1057.6
1075.2
1078.1
1056.2
1082.5
1066.4
1069.3
1029.8
1073.8
1110.4
1154.3
1152.8
1177.7
1174.8
1192.4
1217.3
1204.1
1231.9
1211.4
1217.3
1227.5
1234.9
1242.2
1236.3
1252.4
1240.7
1252.4
1243.7
1237.8
1239.2
1236.3
1251
1229
1253.9
1245.1
1243.7
1258.3
1265.6
1270
1240.7
1243.7
1227.5
1218.8
1221.7
1193.8
1211.4
1198.3
1193.8
1196.8
1166
1188
1168.9
1182.1
1171.9
1163.1
1182.1
1166
1163.1
1160.2
1155.8
1170.4
1160.2
1152.8
1163.1
1155.8
1180.7
1145.5
837.9
180.17
-120.12
-300.29
-618.18
-793.92
-892.08
-912.6
-966.78
-978.54
-988.74
-1023.9
-1022.5
-1041.5
-1050.3
-1051.7
-1044.4
-1072.3
-1063.5
-1078.1
-1069.3
-1064.9
-1072.3
-1075.2
-1073.8
-1076.6
-1064.9
-1069.3
-1085.5
-1075.2
-911.16
-635.76
-540.53
-530.27
-465.82
-467.29
-473.14
-481.93
-470.21
-459.96
-451.17
-442.38
-426.27
-421.88
-413.09
-398.44
-392.58
-386.72
-375
-363.28
-347.17
-344.24
-332.52
-326.66
-333.98
-317.87
-314.94
-313.48
-313.48
-313.48
-202.15
33.691
209.47
433.6
514.16
561.04
607.92
624
634.26
665.04
656.28
662.1
681.18
679.68
685.56
681.18
685.56
688.5
685.56
678.24
700.2
695.82
689.94
681.18
707.52
704.58
707.52
703.14
688.5
688.5
537.6
172.85
74.706
10.254
-51.269
-54.199
-96.678
-61.524
-84.96
-84.96
-89.358
-73.242
-79.104
-108.4
-57.129
-86.424
-106.93
-68.85
-89.358
-92.286
-86.424
-83.496
-90.822
-99.612
-71.778
-86.424
-109.87
-61.524
-90.822
-115.72
-30.762
54.199
250.49
382.33
445.31
484.87
495.12
534.67
522.95
553.71
549.32
540.53
571.29
559.57
569.83
562.5
574.22
563.96
577.15
583.01
561.04
574.22
577.15
568.36
596.19
565.43
578.62
578.62
597.65
575.68
553.71
562.5
638.7
666.48
701.64
692.88
704.58
726.54
739.74
717.78
735.36
744.12
739.74
742.68
755.88
745.62
758.76
755.88
754.38
755.88
742.68
755.88
764.64
758.76
748.56
754.38
752.94
750
755.88
758.76
599.12
130.37
-20.508
-183.11
-323.73
-410.15
-457.03
-454.1
-500.98
-483.4
-522.95
-534.67
-515.63
-544.92
-522.95
-553.71
-539.06
-533.2
-534.67
-530.27
-531.74
-540.53
-541.99
-555.17
-537.6
-574.22
-552.25
-549.32
-556.64
-536.13
-414.55
-82.032
-21.973
39.551
80.568
133.3
118.65
156.74
131.84
161.13
137.69
156.74
147.95
145.02
162.6
131.84
164.06
131.84
165.53
137.69
172.85
139.16
166.99
139.16
164.06
145.02
150.88
155.27
139.16
161.13
101.08
-71.778
-367.67
-644.52
-796.86
-845.22
-906.72
-949.2
-955.08
-965.34
-982.92
-1001.9
-1018.1
-1034.2
-1026.8
-1040
-1035.7
-1032.7
-1047.4
-1035.7
-1044.4
-1037.1
-1044.4
-1059.1
-1045.9
-1053.2
-1051.7
-1051.7
-1041.5
-1053.2
-859.86
-140.63
102.54
322.27
624
801.24
870.12
949.2
975.6
984.36
1000.5
1012.2
1038.6
1045.9
1045.9
1048.8
1062
1053.2
1067.9
1070.8
1057.6
1072.3
1067.9
1067.9
1085.5
1048.8
1070.8
1069.3
1066.4
1069.3
969.72
659.16
580.08
524.41
448.24
437.99
435.06
452.63
452.63
439.45
421.88
410.15
395.51
389.65
379.39
376.46
363.28
350.1
333.98
336.91
317.87
320.8
309.08
307.62
292.97
295.9
300.29
285.64
295.9
298.83
266.6
254.88
193.36
164.06
218.26
200.68
188.96
178.71
169.92
159.67
142.09
143.56
124.51
104
96.678
92.286
86.424
98.142
89.358
76.17
104
90.822
61.524
118.65
84.96
62.988
106.93
83.496
76.17
92.286
70.314
-57.129
-287.11
-537.6
-596.19
-678.24
-710.46
-714.84
-741.24
-739.74
-795.42
-783.72
-786.6
-815.94
-824.7
-795.42
-811.5
-813
-811.5
-799.8
-802.74
-818.82
-795.42
-821.76
-827.64
-817.38
-814.44
-823.26
-817.38
-799.8
-777.84
-594.73
-534.67
-502.44
-486.33
-481.93
-518.56
-508.3
-493.65
-479
-473.14
-459.96
-448.24
-433.6
-414.55
-410.15
-401.37
-392.58
-388.18
-382.33
-353.03
-360.35
-358.88
-358.88
-360.35
-370.61
-350.1
-366.21
-367.67
-379.39
-295.9
-30.762
67.38
212.4
257.81
307.62
341.31
335.45
372.07
375
363.28
372.07
372.07
399.9
386.72
395.51
383.79
401.37
408.69
398.44
396.97
392.58
395.51
396.97
407.23
404.3
386.72
410.15
391.12
389.65
335.45
2.9297
-222.65
-512.69
-789.54
-890.64
-943.38
-1000.5
-1029.8
-1059.1
-1050.3
-1069.3
-1094.2
-1101.5
-1116.2
-1114.7
-1117.7
-1127.9
-1119.1
-1122.1
-1122.1
-1126.4
-1133.8
-1133.8
-1138.2
-1129.4
-1126.4
-1136.7
-1133.8
-1135.3
-1084
-464.36
-58.594
26.367
118.65
237.31
268.07
306.15
331.06
333.98
345.7
329.59
341.31
345.7
329.59
332.52
351.56
364.75
364.75
353.03
383.79
377.93
360.35
366.21
376.46
363.28
361.82
367.67
366.21
364.75
332.52
58.594
-14.648
-79.104
-174.32
-177.25
-196.29
-229.98
-197.75
-225.59
-218.26
-250.49
-209.47
-210.94
-212.4
-241.7
-213.87
-213.87
-213.87
-240.23
-222.65
-210.94
-213.87
-237.31
-219.73
-206.54
-219.73
-235.84
-228.52
-206.54
-188.96
-193.36
-483.4
-646.02
-688.5
-744.12
-771.96
-804.18
-813
-818.82
-849.6
-833.52
-851.1
-873.06
-855.48
-868.68
-862.8
-881.82
-861.3
-864.24
-876
-867.18
-862.8
-870.12
-867.18
-865.74
-874.5
-884.76
-870.12
-878.88
-834.96
-332.52
-133.3
-61.524
-11.719
39.551
45.41
61.524
48.34
52.735
84.96
55.664
70.314
43.945
83.496
65.916
74.706
42.481
70.314
79.104
62.988
54.199
52.735
89.358
51.269
71.778
43.945
80.568
68.85
73.242
43.945
67.38
82.032
61.524
57.129
54.199
86.424
60.06
67.38
45.41
89.358
61.524
76.17
45.41
80.568
71.778
76.17
43.945
77.634
77.634
74.706
48.34
71.778
83.496
68.85
54.199
67.38
86.424
64.452
60.06
52.735
-71.778
-325.19
-635.76
-836.4
-927.24
-956.52
-1004.9
-1026.8
-1048.8
-1072.3
-1085.5
-1097.2
-1113.3
-1110.4
-1122.1
-1120.6
-1111.8
-1129.4
-1120.6
-1132.3
-1129.4
-1127.9
-1133.8
-1130.9
-1125
-1133.8
-1120.6
-1135.3
-1142.6
-1097.2
-386.72
4.3945
219.73
534.67
791.04
934.56
1003.4
1053.2
1079.6
1088.4
1122.1
1123.6
1139.6
1138.2
1152.8
1174.8
1168.9
1161.6
1176.2
1163.1
1182.1
1157.2
1183.6
1177.7
1186.5
1193.8
1170.4
1192.4
1182.1
1168.9
827.64
667.98
603.54
561.04
500.98
487.79
495.12
508.3
500.98
493.65
481.93
458.5
452.63
445.31
439.45
423.34
411.62
408.69
399.9
404.3
386.72
376.46
379.39
377.93
370.61
367.67
364.75
361.82
345.7
351.56
348.63
495.12
583.01
638.7
656.28
698.76
689.94
720.72
732.42
720.72
741.24
748.56
745.62
738.3
747.06
766.14
766.14
741.24
750
766.14
776.34
761.7
752.94
760.26
748.56
761.7
752.94
752.94
766.14
391.12
125.98
98.142
13.184
-11.719
-21.973
-49.805
-57.129
-38.086
-32.227
-48.34
-42.481
-49.805
-61.524
-46.875
-29.297
-42.481
-48.34
-39.551
-58.594
-52.735
-30.762
-29.297
-57.129
-29.297
-57.129
-57.129
-35.156
-27.832
-43.945
-70.314
-240.23
-471.68
-540.53
-600.6
-609.36
-646.02
-672.36
-666.48
-694.32
-698.76
-723.66
-713.4
-714.84
-722.16
-726.54
-726.54
-713.4
-732.42
-725.1
-725.1
-723.66
-722.16
-730.98
-725.1
-726.54
-728.04
-745.62
-725.1
-728.04
-224.12
111.33
385.25
689.94
925.8
1026.8
1098.7
1136.7
1158.7
1199.7
1201.2
1207
1227.5
1217.3
1240.7
1239.2
1265.6
1243.7
1261.3
1252.4
1255.4
1267.1
1252.4
1284.7
1245.1
1267.1
1245.1
1287.6
1271.5
1284.7
853.98
416.02
273.92
181.64
159.67
109.87
95.214
90.822
76.17
68.85
57.129
46.875
36.621
17.578
20.508
21.973
14.648
11.719
2.9297
1.4648
0
0
0
0
0
0
0
0
0
0
92.286
333.98
651.84
922.86
1025.4
1092.8
1147
1154.3
1195.3
1201.2
1201.2
1215.8
1198.3
1237.8
1237.8
1262.7
1243.7
1261.3
1252.4
1256.8
1275.9
1240.7
1283.2
1267.1
1273
1246.6
1284.7
1255.4
1253.9
1265.6
1060.6
915.54
876
815.94
777.84
789.54
798.36
793.92
786.6
767.58
748.56
745.62
738.3
739.74
720.72
707.52
711.9
695.82
687
681.18
692.88
692.88
670.92
670.92
694.32
678.24
669.42
679.68
675.3
666.48
442.38
240.23
184.57
159.67
108.4
117.19
114.26
111.33
101.08
90.822
80.568
73.242
55.664
35.156
48.34
39.551
29.297
19.043
24.902
29.297
21.973
16.113
16.113
17.578
26.367
30.762
30.762
27.832
21.973
16.113
36.621
194.83
388.18
481.93
559.57
585.94
607.92
606.42
621.12
637.2
646.02
651.84
647.46
663.6
659.16
644.52
643.08
654.78
670.92
676.74
656.28
679.68
678.24
656.28
662.1
659.16
666.48
656.28
659.16
665.04
306.15
-70.314
-268.07
-607.92
-842.28
-941.88
-1009.3
-1056.2
-1079.6
-1094.2
-1127.9
-1120.6
-1155.8
-1160.2
-1176.2
-1176.2
-1174.8
-1182.1
-1168.9
-1183.6
-1180.7
-1179.2
-1170.4
-1179.2
-1193.8
-1188
-1195.3
-1199.7
-1177.7
-1198.3
-802.74
-275.39
-33.691
90.822
168.46
231.44
263.67
284.18
292.97
312.01
317.87
322.27
341.31
333.98
335.45
336.91
331.06
323.73
323.73
336.91
347.17
329.59
341.31
317.87
322.27
306.15
309.08
316.4
336.91
329.59
307.62
354.49
402.83
420.41
451.17
433.6
480.47
461.42
477.54
477.54
473.14
499.51
476.08
503.9
477.54
498.05
480.47
487.79
484.87
470.21
481.93
462.89
493.65
486.33
496.58
483.4
486.33
490.72
493.65
508.3
202.15
-98.142
-367.67
-698.76
-940.44
-1056.2
-1103
-1157.2
-1166
-1211.4
-1218.8
-1243.7
-1249.5
-1252.4
-1281.7
-1274.4
-1277.3
-1289
-1290.5
-1290.5
-1296.4
-1302.2
-1303.7
-1297.9
-1297.9
-1306.6
-1296.4
-1297.9
-1289
-1296.4
-1063.5
-766.14
-672.36
-624
-590.33
-546.38
-543.46
-563.96
-569.83
-552.25
-534.67
-520.02
-508.3
-495.12
-483.4
-468.75
-465.82
-461.42
-440.92
-446.78
-449.71
-449.71
-451.17
-445.31
-440.92
-432.13
-437.99
-448.24
-417.48
-421.88
-212.4
8.7888
115.72
221.19
276.86
325.19
341.31
360.35
353.03
364.75
386.72
392.58
395.51
396.97
405.76
398.44
398.44
380.86
375
401.37
385.25
399.9
366.21
386.72
408.69
410.15
404.3
394.04
398.44
404.3
202.15
-62.988
-278.32
-566.89
-725.1
-777.84
-807.12
-859.86
-862.8
-881.82
-919.92
-924.3
-933.12
-937.5
-933.12
-963.84
-936.06
-947.76
-958.02
-952.14
-952.14
-966.78
-959.46
-956.52
-966.78
-958.02
-950.7
-968.28
-965.34
-969.72
-692.88
-364.75
-202.15
-162.6
-139.16
-95.214
-77.634
-83.496
-64.452
-65.916
-52.735
-43.945
-33.691
-14.648
-8.7888
-7.3242
-5.8594
-10.254
-2.9297
-1.4648
0
0
0
0
0
0
0
0
0
0
17.578
117.19
246.1
288.58
322.27
383.79
386.72
395.51
370.61
426.27
411.62
396.97
404.3
417.48
418.94
399.9
435.06
437.99
420.41
427.73
430.66
429.2
410.15
435.06
439.45
423.34
440.92
439.45
423.34
427.73
294.43
21.973
-86.424
-215.33
-269.53
-317.87
-335.45
-357.42
-370.61
-358.88
-380.86
-382.33
-401.37
-392.58
-360.35
-398.44
-383.79
-399.9
-369.14
-377.93
-391.12
-391.12
-394.04
-367.67
-386.72
-399.9
-395.51
-394.04
-386.72
-405.76
-316.4
-102.54
-62.988
-2.9297
23.438
42.481
48.34
26.367
52.735
35.156
27.832
46.875
60.06
46.875
45.41
46.875
32.227
45.41
61.524
48.34
42.481
46.875
30.762
35.156
58.594
55.664
30.762
55.664
29.297
29.297
24.902
-70.314
-117.19
-206.54
-188.96
-231.44
-227.05
-250.49
-254.88
-232.91
-227.05
-247.56
-234.38
-256.35
-262.21
-231.44
-235.84
-253.42
-227.05
-257.81
-257.81
-227.05
-232.91
-247.56
-237.31
-271
-247.56
-234.38
-231.44
-250.49
-164.06
71.778
287.11
571.29
733.86
783.72
829.08
852.54
899.4
890.64
914.04
931.62
921.36
947.76
949.2
938.94
958.02
952.14
946.26
965.34
947.76
947.76
969.72
969.72
943.38
962.4
952.14
949.2
975.6
949.2
836.4
503.9
372.07
291.5
278.32
247.56
234.38
259.28
249.02
238.77
227.05
218.26
206.54
193.36
171.38
171.38
143.56
147.95
123.05
137.69
134.77
127.44
145.02
117.19
146.48
112.79
143.56
111.33
146.48
118.65
142.09
183.11
301.76
344.24
385.25
392.58
429.2
430.66
417.48
452.63
433.6
449.71
459.96
436.52
455.57
449.71
432.13
464.36
471.68
455.57
467.29
445.31
461.42
467.29
445.31
470.21
465.82
458.5
477.54
452.63
418.94
212.4
186.04
140.63
114.26
112.79
118.65
106.93
96.678
86.424
77.634
68.85
45.41
32.227
45.41
43.945
33.691
19.043
30.762
33.691
17.578
17.578
17.578
26.367
35.156
35.156
30.762
21.973
17.578
33.691
38.086
108.4
313.48
408.69
477.54
515.63
527.35
571.29
558.11
574.22
599.12
603.54
604.98
575.68
612.3
591.8
603.54
591.8
604.98
607.92
618.18
612.3
616.68
610.86
604.98
604.98
615.24
607.92
603.54
603.54
599.12
593.26
628.44
672.36
710.46
711.9
726.54
725.1
736.8
750
748.56
757.32
750
748.56
742.68
750
754.38
751.44
763.2
757.32
760.26
741.24
770.52
757.32
770.52
760.26
767.58
752.94
761.7
761.7
703.14
87.888
-137.69
-439.45
-777.84
-978.54
-1073.8
-1114.7
-1182.1
-1179.2
-1204.1
-1229
-1246.6
-1270
-1261.3
-1287.6
-1274.4
-1299.3
-1280.3
-1284.7
-1283.2
-1296.4
-1297.9
-1292
-1308.1
-1299.3
-1312.5
-1280.3
-1308.1
-1302.2
-1245.1
-766.14
-568.36
-395.51
-354.49
-342.77
-329.59
-317.87
-342.77
-328.13
-317.87
-306.15
-297.37
-278.32
-256.35
-243.16
-244.63
-196.29
-199.22
-228.52
-184.57
-194.83
-212.4
-190.43
-194.83
-200.68
-206.54
-190.43
-209.47
-221.19
-159.67
1.4648
117.19
187.5
272.46
313.48
326.66
338.38
325.19
331.06
336.91
338.38
347.17
357.42
372.07
382.33
380.86
358.88
360.35
351.56
369.14
380.86
364.75
372.07
370.61
367.67
366.21
376.46
367.67
361.82
326.66
64.452
-17.578
-142.09
-216.8
-243.16
-254.88
-271
-284.18
-294.43
-303.22
-313.48
-306.15
-303.22
-304.69
-313.48
-310.55
-306.15
-298.83
-298.83
-292.97
-297.37
-304.69
-303.22
-297.37
-297.37
-295.9
-294.43
-294.43
-292.97
-300.29
-298.83
-369.14
-389.65
-417.48
-454.1
-424.81
-476.08
-471.68
-484.87
-481.93
-477.54
-493.65
-473.14
-493.65
-464.36
-489.26
-458.5
-483.4
-492.19
-480.47
-492.19
-474.61
-502.44
-481.93
-498.05
-486.33
-492.19
-489.26
-498.05
-471.68
-39.551
95.214
328.13
553.71
641.58
689.94
752.94
770.52
764.64
786.6
796.86
791.04
818.82
840.84
810.06
827.64
840.84
815.94
833.52
834.96
832.02
842.28
837.9
833.52
846.66
834.96
846.66
852.54
830.58
849.6
814.44
899.4
950.7
1006.3
1035.7
1062
1064.9
1069.3
1092.8
1089.8
1106
1101.5
1098.7
1127.9
1117.7
1135.3
1129.4
1107.4
1139.6
1125
1120.6
1129.4
1120.6
1116.2
1132.3
1122.1
1130.9
1125
1135.3
1127.9
517.09
90.822
-98.142
-587.4
-714.84
-758.76
-808.62
-859.86
-832.02
-880.38
-900.9
-889.14
-896.46
-909.66
-916.98
-912.6
-930.18
-928.74
-927.24
-938.94
-941.88
-941.88
-940.44
-928.74
-930.18
-930.18
-940.44
-924.3
-944.82
-887.7
-990.24
-1054.7
-1100.1
-1120.6
-1161.6
-1160.2
-1177.7
-1195.3
-1214.3
-1224.6
-1221.7
-1234.9
-1230.5
-1245.1
-1242.2
-1240.7
-1246.6
-1245.1
-1240.7
-1245.1
-1236.3
-1242.2
-1240.7
-1255.4
-1239.2
-1253.9
-1240.7
-1255.4
-1239.2
-640.14
-114.26
111.33
316.4
563.96
707.52
786.6
813
851.1
862.8
868.68
874.5
908.22
892.08
911.16
914.04
919.92
911.16
931.62
930.18
924.3
938.94
930.18
930.18
941.88
933.12
933.12
937.5
931.62
928.74
569.83
215.33
109.87
32.227
-2.9297
-17.578
-23.438
-26.367
-57.129
-30.762
-51.269
-58.594
-41.015
-30.762
-46.875
-43.945
-43.945
-60.06
-48.34
-27.832
-36.621
-54.199
-32.227
-57.129
-55.664
-32.227
-27.832
-48.34
-38.086
-43.945
4.3945
96.678
169.92
196.29
228.52
209.47
229.98
250.49
241.7
247.56
241.7
243.16
256.35
265.13
250.49
238.77
244.63
225.59
238.77
254.88
254.88
232.91
250.49
222.65
238.77
257.81
251.95
237.31
253.42
241.7
238.77
448.24
732.42
833.52
919.92
975.6
1012.2
1029.8
1035.7
1043
1075.2
1059.1
1084
1086.9
1075.2
1100.1
1103
1095.7
1098.7
1086.9
1091.3
1100.1
1094.2
1094.2
1097.2
1101.5
1107.4
1089.8
1101.5
1101.5
1092.8
1111.8
1089.8
1103
1111.8
1092.8
1107.4
1095.7
1086.9
1111.8
1085.5
1101.5
1098.7
1091.3
1107.4
1095.7
1104.5
1114.7
1092.8
1113.3
1108.9
1101.5
1108.9
1098.7
1101.5
1104.5
1092.8
1111.8
1100.1
1095.7
662.1
79.104
-155.27
-445.31
-767.58
-994.62
-1070.8
-1122.1
-1157.2
-1189.4
-1211.4
-1212.9
-1259.8
-1245.1
-1275.9
-1262.7
-1273
-1297.9
-1281.7
-1300.8
-1300.8
-1309.6
-1306.6
-1299.3
-1306.6
-1296.4
-1312.5
-1280.3
-1308.1
-1297.9
-874.5
-244.63
4.3945
216.8
477.54
618.18
688.5
758.76
776.34
782.22
824.7
820.32
826.2
848.16
845.22
855.48
855.48
871.56
867.18
861.3
881.82
870.12
867.18
871.56
874.5
867.18
856.92
876
853.98
880.38
858.42
848.16
853.98
846.66
833.52
811.5
798.36
804.18
782.22
776.34
766.14
773.46
764.64
757.32
754.38
744.12
742.68
735.36
754.38
741.24
739.74
730.98
726.54
739.74
739.74
722.16
739.74
752.94
730.98
725.1
442.38
52.735
-57.129
-297.37
-382.33
-464.36
-502.44
-537.6
-525.88
-563.96
-561.04
-604.98
-603.54
-626.94
-619.62
-599.12
-606.42
-609.36
-597.65
-597.65
-599.12
-604.98
-593.26
-610.86
-594.73
-616.68
-624
-622.56
-612.3
-613.74
-367.67
-2.9297
166.99
410.15
575.68
646.02
697.26
729.48
733.86
752.94
764.64
773.46
796.86
798.36
785.16
801.24
807.12
818.82
807.12
815.94
815.94
804.18
813
811.5
811.5
810.06
810.06
830.58
808.62
820.32
533.2
16.113
-244.63
-543.46
-843.78
-1022.5
-1103
-1138.2
-1161.6
-1205.6
-1208.5
-1223.2
-1256.8
-1262.7
-1275.9
-1278.8
-1275.9
-1270
-1290.5
-1275.9
-1294.9
-1296.4
-1289
-1300.8
-1292
-1312.5
-1296.4
-1309.6
-1290.5
-1297.9
-990.24
-241.7
61.524
323.73
654.78
902.34
1031.3
1122.1
1138.2
1208.5
1214.3
1230.5
1236.3
1237.8
1246.6
1249.5
1268.6
1268.6
1284.7
1292
1294.9
1296.4
1290.5
1308.1
1292
1299.3
1299.3
1311.1
1287.6
1284.7
1152.8
769.02
628.44
525.88
490.72
439.45
436.52
446.78
462.89
445.31
423.34
410.15
408.69
398.44
401.37
380.86
364.75
353.03
347.17
335.45
331.06
329.59
326.66
325.19
322.27
316.4
309.08
310.55
292.97
301.76
310.55
205.08
99.612
45.41
16.113
-1.4648
-11.719
-14.648
-8.7888
0
2.9297
2.9297
0
0
-1.4648
0
0
0
0
0
0
0
0
0
0
0
0
0
0
0
21.973
169.92
394.04
663.6
801.24
858.42
884.76
937.5
938.94
947.76
965.34
988.74
978.54
1001.9
1000.5
1001.9
1021
1001.9
1003.4
1026.8
1009.3
1013.7
1018.1
1003.4
1018.1
1022.5
1006.3
1023.9
1013.7
1009.3
895.02
464.36
275.39
191.89
158.2
143.56
89.358
124.51
115.72
104
95.214
83.496
77.634
70.314
54.199
42.481
23.438
21.973
26.367
36.621
33.691
30.762
19.043
17.578
29.297
33.691
16.113
17.578
13.184
16.113
24.902
196.29
467.29
738.3
871.56
937.5
997.56
1035.7
1054.7
1064.9
1072.3
1088.4
1094.2
1095.7
1108.9
1114.7
1127.9
1122.1
1107.4
1126.4
1114.7
1114.7
1117.7
1130.9
1130.9
1142.6
1111.8
1132.3
1122.1
1127.9
1031.3
566.89
370.61
268.07
216.8
174.32
184.57
146.48
174.32
161.13
149.41
137.69
124.51
112.79
111.33
83.496
54.199
93.75
61.524
73.242
43.945
90.822
61.524
74.706
43.945
80.568
71.778
74.706
45.41
68.85
84.96
136.23
395.51
596.19
647.46
719.22
747.06
764.64
774.9
793.92
801.24
798.36
830.58
826.2
821.76
845.22
837.9
820.32
836.4
855.48
836.4
836.4
842.28
827.64
845.22
840.84
845.22
833.52
836.4
843.78
820.32
761.7
770.52
763.2
764.64
750
744.12
732.42
714.84
703.14
700.2
700.2
684.06
676.74
672.36
682.62
651.84
663.6
659.16
650.4
648.9
644.52
638.7
643.08
646.02
647.46
632.82
641.58
648.9
643.08
619.62
628.44
710.46
783.72
821.76
856.92
865.74
864.24
887.7
911.16
893.58
916.98
908.22
906.72
919.92
915.54
925.8
918.48
933.12
919.92
919.92
936.06
918.48
934.56
937.5
930.18
930.18
941.88
934.56
921.36
914.04
909.66
996.12
1082.5
1107.4
1155.8
1168.9
1160.2
1210
1185.1
1207
1199.7
1229
1229
1220.2
1239.2
1227.5
1249.5
1229
1248.1
1245.1
1229
1248.1
1224.6
1261.3
1239.2
1251
1229
1243.7
1252.4
1199.7
666.48
269.53
112.79
58.594
-8.7888
-48.34
-35.156
-74.706
-64.452
-41.015
-74.706
-61.524
-84.96
-46.875
-64.452
-55.664
-86.424
-61.524
-48.34
-67.38
-76.17
-74.706
-42.481
-74.706
-60.06
-84.96
-46.875
-64.452
-55.664
-76.17
42.481
231.44
432.13
486.33
562.5
591.8
588.87
610.86
615.24
628.44
638.7
659.16
662.1
656.28
646.02
657.72
665.04
666.48
660.66
672.36
657.72
660.66
660.66
672.36
654.78
660.66
662.1
663.6
675.3
653.34
580.08
499.51
489.26
492.19
512.69
508.3
486.33
474.61
465.82
458.5
445.31
436.52
408.69
410.15
401.37
402.83
402.83
375
376.46
377.93
382.33
370.61
377.93
369.14
357.42
366.21
373.54
382.33
357.42
358.88
218.26
184.57
118.65
139.16
111.33
111.33
104
93.75
82.032
73.242
64.452
35.156
43.945
43.945
41.015
20.508
27.832
32.227
23.438
17.578
17.578
21.973
36.621
33.691
33.691
24.902
17.578
35.156
33.691
17.578
19.043
16.113
30.762
38.086
38.086
32.227
17.578
30.762
35.156
17.578
20.508
17.578
30.762
36.621
35.156
32.227
17.578
26.367
35.156
26.367
17.578
17.578
19.043
36.621
35.156
38.086
23.438
19.043
32.227
-20.508
-210.94
-443.85
-500.98
-578.62
-624
-651.84
-632.82
-660.66
-694.32
-703.14
-719.22
-714.84
-719.22
-708.96
-711.9
-710.46
-716.28
-722.16
-711.9
-728.04
-733.86
-728.04
-714.84
-725.1
-726.54
-719.22
-713.4
-713.4
-728.04
-662.1
-594.73
-587.4
-625.5
-628.44
-606.42
-597.65
-583.01
-574.22
-565.43
-555.17
-536.13
-536.13
-518.56
-500.98
-503.9
-506.84
-499.51
-480.47
-499.51
-477.54
-506.84
-477.54
-505.37
-489.26
-492.19
-489.26
-473.14
-490.72
-473.14
-342.77
-631.32
-820.32
-874.5
-916.98
-966.78
-981.42
-993.18
-1004.9
-1032.7
-1043
-1040
-1050.3
-1059.1
-1075.2
-1063.5
-1070.8
-1075.2
-1060.6
-1076.6
-1072.3
-1066.4
-1073.8
-1070.8
-1072.3
-1079.6
-1081.1
-1066.4
-1081.1
-1067.9
-1029.8
-1100.1
-1132.3
-1188
-1207
-1218.8
-1224.6
-1259.8
-1271.5
-1271.5
-1271.5
-1280.3
-1300.8
-1292
-1299.3
-1278.8
-1284.7
-1308.1
-1293.5
-1311.1
-1299.3
-1312.5
-1294.9
-1308.1
-1305.2
-1305.2
-1306.6
-1292
-1312.5
-1309.6
-773.46
-174.32
143.56
375
694.32
934.56
1012.2
1056.2
1100.1
1148.5
1152.8
1185.1
1188
1204.1
1188
1202.6
1218.8
1217.3
1236.3
1215.8
1240.7
1231.9
1243.7
1248.1
1231.9
1234.9
1234.9
1248.1
1245.1
1242.2
1040
870.12
846.66
798.36
769.02
739.74
766.14
770.52
745.62
738.3
729.48
713.4
695.82
697.26
697.26
684.06
663.6
667.98
666.48
656.28
629.88
647.46
641.58
646.02
646.02
635.76
622.56
646.02
626.94
632.82
292.97
-17.578
-228.52
-520.02
-660.66
-730.98
-758.76
-810.06
-820.32
-826.2
-861.3
-865.74
-874.5
-876
-900.9
-886.26
-889.14
-895.02
-892.08
-892.08
-906.72
-897.96
-890.64
-906.72
-905.28
-895.02
-902.34
-902.34
-900.9
-896.46
-602.04
-282.71
-125.98
-125.98
-92.286
-89.358
-46.875
-27.832
-39.551
-36.621
-26.367
-16.113
-11.719
-4.3945
-1.4648
4.3945
1.4648
0
0
-1.4648
0
0
1.4648
0
0
0
0
0
0
0
60.06
190.43
486.33
656.28
716.28
771.96
799.8
824.7
849.6
833.52
870.12
865.74
889.14
886.26
902.34
881.82
906.72
899.4
893.58
897.96
902.34
896.46
915.54
903.78
900.9
903.78
912.6
896.46
897.96
916.98
856.92
933.12
1003.4
1050.3
1085.5
1100.1
1113.3
1127.9
1133.8
1144
1164.5
1163.1
1179.2
1161.6
1166
1179.2
1176.2
1188
1158.7
1188
1183.6
1180.7
1192.4
1170.4
1192.4
1182.1
1192.4
1196.8
1180.7
1190.9
899.4
287.11
-10.254
-149.41
-396.97
-515.63
-559.57
-625.5
-632.82
-663.6
-676.74
-700.2
-692.88
-717.78
-716.28
-713.4
-717.78
-722.16
-713.4
-713.4
-717.78
-725.1
-733.86
-729.48
-723.66
-733.86
-741.24
-725.1
-720.72
-736.8
-454.1
43.945
250.49
544.92
820.32
965.34
1028.3
1082.5
1120.6
1135.3
1126.4
1151.3
1161.6
1182.1
1164.5
1188
1196.8
1192.4
1205.6
1196.8
1198.3
1207
1217.3
1198.3
1207
1231.9
1205.6
1229
1214.3
1207
1021
663.6
531.74
464.36
391.12
353.03
347.17
367.67
370.61
357.42
350.1
339.85
328.13
310.55
297.37
284.18
288.58
276.86
253.42
250.49
222.65
249.02
224.12
231.44
206.54
234.38
235.84
219.73
210.94
212.4
146.48
-39.551
-251.95
-442.38
-552.25
-606.42
-616.68
-643.08
-656.28
-675.3
-676.74
-703.14
-691.38
-714.84
-711.9
-713.4
-720.72
-732.42
-730.98
-716.28
-726.54
-726.54
-722.16
-730.98
-714.84
-730.98
-720.72
-723.66
-732.42
-735.36
-751.44
-751.44
-742.68
-744.12
-728.04
-719.22
-714.84
-713.4
-714.84
-700.2
-704.58
-708.96
-694.32
-711.9
-704.58
-698.76
-689.94
-694.32
-692.88
-692.88
-701.64
-692.88
-701.64
-708.96
-708.96
-698.76
-706.08
-711.9
-701.64
-697.26
-631.32
-432.13
-417.48
-380.86
-373.54
-388.18
-396.97
-382.33
-373.54
-360.35
-345.7
-336.91
-325.19
-309.08
-307.62
-290.04
-287.11
-284.18
-298.83
-281.25
-266.6
-271
-253.42
-243.16
-266.6
-262.21
-229.98
-237.31
-253.42
-235.84
-200.68
-273.92
-599.12
-810.06
-871.56
-927.24
-971.22
-971.22
-1004.9
-1009.3
-1025.4
-1044.4
-1043
-1050.3
-1066.4
-1063.5
-1069.3
-1072.3
-1073.8
-1078.1
-1082.5
-1070.8
-1072.3
-1072.3
-1084
-1081.1
-1081.1
-1079.6
-1085.5
-1064.9
-905.28
-249.02
-1.4648
194.83
418.94
547.85
621.12
692.88
701.64
713.4
713.4
748.56
769.02
748.56
770.52
779.28
785.16
767.58
771.96
779.28
761.7
777.84
786.6
774.9
788.1
777.84
801.24
788.1
764.64
789.54
792.48
751.44
767.58
764.64
752.94
730.98
719.22
722.16
710.46
684.06
688.5
687
673.8
665.04
657.72
650.4
653.34
660.66
643.08
638.7
637.2
650.4
638.7
640.14
647.46
662.1
634.26
634.26
629.88
650.4
574.22
149.41
10.254
-82.032
-115.72
-136.23
-172.85
-181.64
-187.5
-196.29
-191.89
-193.36
-191.89
-194.83
-181.64
-191.89
-206.54
-178.71
-191.89
-213.87
-186.04
-194.83
-221.19
-175.78
-197.75
-228.52
-183.11
-194.83
-213.87
-200.68
-147.95
92.286
348.63
659.16
892.08
982.92
1044.4
1075.2
1114.7
1142.6
1142.6
1158.7
1174.8
1180.7
1192.4
1180.7
1196.8
1205.6
1183.6
1211.4
1204.1
1205.6
1210
1198.3
1193.8
1201.2
1224.6
1202.6
1212.9
1218.8
1141.1
876
798.36
779.28
730.98
697.26
697.26
706.08
708.96
697.26
673.8
654.78
656.28
656.28
643.08
626.94
625.5
619.62
609.36
597.65
603.54
609.36
597.65
588.87
584.47
574.22
571.29
600.6
574.22
580.08
530.27
503.9
793.92
912.6
991.68
1050.3
1079.6
1114.7
1117.7
1123.6
1149.9
1144
1163.1
1151.3
1176.2
1190.9
1174.8
1179.2
1179.2
1180.7
1174.8
1166
1205.6
1176.2
1201.2
1179.2
1171.9
1193.8
1173.4
1188
1127.9
720.72
553.71
437.99
420.41
375
333.98
357.42
372.07
363.28
345.7
331.06
317.87
306.15
303.22
292.97
266.6
262.21
240.23
262.21
244.63
235.84
209.47
218.26
243.16
209.47
212.4
200.68
240.23
206.54
194.83
197.75
476.08
687
754.38
782.22
826.2
858.42
871.56
867.18
914.04
892.08
893.58
919.92
916.98
919.92
916.98
934.56
915.54
918.48
936.06
925.8
943.38
931.62
916.98
933.12
928.74
922.86
925.8
950.7
886.26
375
106.93
17.578
-58.594
-96.678
-130.37
-158.2
-172.85
-159.67
-190.43
-155.27
-177.25
-191.89
-168.46
-187.5
-165.53
-168.46
-203.62
-156.74
-187.5
-164.06
-162.6
-202.15
-147.95
-177.25
-169.92
-164.06
-196.29
-153.81
-187.5
-184.57
-199.22
-181.64
-169.92
-156.74
-147.95
-123.05
-120.12
-95.214
-83.496
-86.424
-98.142
-65.916
-79.104
-114.26
-58.594
-87.888
-99.612
-76.17
-87.888
-84.96
-93.75
-71.778
-83.496
-109.87
-57.129
-86.424
-109.87
-67.38
-89.358
-4.3945
39.551
92.286
104
114.26
131.84
104
137.69
112.79
149.41
118.65
147.95
117.19
134.77
133.3
121.58
145.02
112.79
147.95
112.79
146.48
114.26
152.35
118.65
152.35
120.12
153.81
118.65
140.63
125.98
-7.3242
-136.23
-247.56
-319.34
-360.35
-402.83
-382.33
-413.09
-436.52
-417.48
-440.92
-430.66
-449.71
-464.36
-462.89
-470.21
-468.75
-442.38
-461.42
-458.5
-449.71
-465.82
-436.52
-443.85
-449.71
-424.81
-445.31
-455.57
-424.81
-454.1
-52.735
215.33
496.58
814.44
994.62
1075.2
1130.9
1193.8
1224.6
1240.7
1229
1261.3
1261.3
1265.6
1283.2
1248.1
1305.2
1280.3
1287.6
1281.7
1299.3
1290.5
1289
1306.6
1289
1299.3
1292
1300.8
1283.2
852.54
492.19
291.5
188.96
187.5
112.79
127.44
109.87
115.72
99.612
90.822
80.568
67.38
57.129
26.367
35.156
41.015
32.227
29.297
16.113
21.973
33.691
26.367
16.113
16.113
13.184
20.508
32.227
32.227
33.691
-4.3945
-74.706
-99.612
-102.54
-111.33
-145.02
-114.26
-140.63
-109.87
-139.16
-106.93
-142.09
-121.58
-133.3
-137.69
-128.9
-147.95
-130.37
-158.2
-118.65
-155.27
-111.33
-147.95
-109.87
-145.02
-117.19
-130.37
-131.84
-114.26
-147.95
-124.51
-162.6
-172.85
-180.17
-190.43
-186.04
-193.36
-196.29
-193.36
-194.83
-199.22
-202.15
-180.17
-191.89
-199.22
-177.25
-194.83
-216.8
-177.25
-190.43
-216.8
-171.38
-188.96
-222.65
-169.92
-194.83
-221.19
-181.64
-199.22
-215.33
-139.16
-358.88
-541.99
-619.62
-663.6
-694.32
-707.52
-719.22
-723.66
-755.88
-760.26
-770.52
-771.96
-769.02
-786.6
-780.78
-779.28
-789.54
-776.34
-788.1
-776.34
-767.58
-783.72
-777.84
-786.6
-771.96
-791.04
-795.42
-783.72
-798.36
-402.83
-64.452
16.113
136.23
164.06
205.08
250.49
266.6
257.81
256.35
268.07
268.07
260.74
259.28
276.86
272.46
275.39
276.86
285.64
265.13
268.07
269.53
278.32
260.74
257.81
263.67
265.13
292.97
279.79
285.64
108.4
26.367
-20.508
-46.875
-86.424
-96.678
-93.75
-98.142
-115.72
-83.496
-102.54
-130.37
-86.424
-108.4
-106.93
-101.08
-118.65
-83.496
-104
-131.84
-93.75
-112.79
-105.47
-102.54
-127.44
-80.568
-115.72
-120.12
-101.08
-117.19
-36.621
93.75
125.98
171.38
237.31
216.8
246.1
221.19
234.38
253.42
259.28
241.7
257.81
235.84
232.91
265.13
269.53
249.02
250.49
240.23
231.44
256.35
263.67
237.31
243.16
243.16
231.44
246.1
268.07
249.02
101.08
-14.648
-208.01
-307.62
-370.61
-382.33
-423.34
-445.31
-432.13
-457.03
-455.57
-479
-457.03
-461.42
-471.68
-467.29
-484.87
-458.5
-487.79
-465.82
-490.72
-502.44
-489.26
-499.51
-480.47
-505.37
-477.54
-499.51
-468.75
-493.65
-212.4
38.086
240.23
420.41
552.25
625.5
667.98
666.48
704.58
714.84
710.46
728.04
730.98
745.62
733.86
748.56
757.32
755.88
744.12
745.62
776.34
761.7
750
766.14
760.26
745.62
758.76
758.76
761.7
755.88
591.8
328.13
272.46
235.84
210.94
178.71
206.54
199.22
186.04
175.78
165.53
156.74
147.95
136.23
98.142
115.72
87.888
70.314
96.678
80.568
87.888
76.17
101.08
87.888
61.524
111.33
83.496
64.452
99.612
86.424
82.032
-14.648
-67.38
-52.735
-70.314
-76.17
-104
-54.199
-86.424
-106.93
-68.85
-86.424
-93.75
-83.496
-86.424
-90.822
-98.142
-74.706
-89.358
-111.33
-64.452
-92.286
-117.19
-61.524
-92.286
-114.26
-65.916
-90.822
-102.54
-77.634
-41.015
36.621
99.612
104
149.41
127.44
162.6
130.37
168.46
134.77
169.92
133.3
166.99
133.3
164.06
142.09
150.88
153.81
139.16
162.6
131.84
164.06
130.37
166.99
140.63
174.32
140.63
177.25
142.09
156.74
142.09
177.25
228.52
273.92
276.86
284.18
287.11
295.9
297.37
292.97
301.76
304.69
303.22
309.08
300.29
309.08
313.48
294.43
295.9
297.37
290.04
291.5
284.18
288.58
303.22
313.48
312.01
319.34
317.87
329.59
169.92
-125.98
-401.37
-739.74
-962.4
-1059.1
-1111.8
-1151.3
-1177.7
-1204.1
-1210
-1242.2
-1261.3
-1270
-1255.4
-1281.7
-1283.2
-1292
-1293.5
-1293.5
-1297.9
-1283.2
-1284.7
-1306.6
-1284.7
-1305.2
-1309.6
-1309.6
-1297.9
-1303.7
-1078.1
-536.13
-276.86
-152.35
-156.74
-104
-55.664
-57.129
-45.41
-42.481
-30.762
-16.113
-10.254
0
4.3945
2.9297
1.4648
-2.9297
-1.4648
0
1.4648
0
0
0
0
0
0
0
0
0
33.691
203.62
503.9
752.94
858.42
925.8
975.6
999
1023.9
1038.6
1048.8
1062
1064.9
1086.9
1082.5
1078.1
1092.8
1091.3
1092.8
1106
1091.3
1098.7
1079.6
1098.7
1094.2
1086.9
1116.2
1101.5
1091.3
1116.2
918.48
268.07
-19.043
-188.96
-452.63
-599.12
-669.42
-725.1
-755.88
-763.2
-779.28
-799.8
-786.6
-830.58
-832.02
-818.82
-842.28
-837.9
-826.2
-827.64
-846.66
-832.02
-846.66
-855.48
-843.78
-839.34
-846.66
-851.1
-846.66
-842.28
-692.88
-150.88
32.227
187.5
358.88
414.55
465.82
490.72
512.69
527.35
556.64
546.38
534.67
568.36
561.04
553.71
584.47
562.5
556.64
597.65
578.62
559.57
590.33
597.65
581.54
581.54
581.54
577.15
580.08
593.26
442.38
38.086
-124.51
-417.48
-624
-684.06
-764.64
-801.24
-814.44
-813
-864.24
-858.42
-868.68
-878.88
-896.46
-880.38
-897.96
-896.46
-902.34
-896.46
-908.22
-895.02
-884.76
-902.34
-902.34
-899.4
-921.36
-899.4
-899.4
-912.6
-856.92
-733.86
-695.82
-667.98
-682.62
-678.24
-678.24
-666.48
-653.34
-635.76
-626.94
-631.32
-609.36
-604.98
-585.94
-578.62
-587.4
-563.96
-562.5
-558.11
-550.78
-559.57
-553.71
-547.85
-568.36
-540.53
-565.43
-556.64
-559.57
-558.11
-470.21
-46.875
32.227
105.47
206.54
237.31
253.42
273.92
279.79
282.71
298.83
288.58
295.9
290.04
292.97
304.69
297.37
303.22
292.97
288.58
287.11
292.97
300.29
307.62
309.08
304.69
298.83
295.9
300.29
316.4
304.69
229.98
112.79
55.664
23.438
2.9297
0
-2.9297
-4.3945
-1.4648
0
0
0
0
0
0
0
0
0
0
0
0
0
0
0
0
0
0
0
0
0
171.38
394.04
717.78
884.76
963.84
1010.8
1047.4
1086.9
1084
1095.7
1106
1127.9
1155.8
1132.3
1151.3
1144
1148.5
1141.1
1148.5
1163.1
1145.5
1145.5
1160.2
1157.2
1161.6
1149.9
1147
1161.6
