0
-0.56152
-1.5137
-3.1982
-4.8096
-7.5195
-6.8848
-6.4697
-7.7148
-8.3984
-9.9854
-10.034
-10.059
-10.669
-11.108
-11.353
-11.035
-10.962
-10.864
-10.669
-10.815
-11.108
-11.06
-11.182
-10.913
-10.718
-10.718
-10.938
-10.864
-10.84
-10.693
-10.62
-8.4229
-7.5928
-6.8848
-6.3721
-5.9814
-5.2734
-4.7852
-4.126
-3.6133
-2.6611
-3.1494
-2.7588
-3.2227
-2.3682
-2.71
-1.5381
-2.3682
-2.6367
-2.5635
-2.4658
-2.3682
-2.6611
-2.7832
-3.0518
-3.0762
-2.9297
-3.0273
-3.125
-3.1494
-3.2471
-2.5879
-1.9531
-1.5869
-1.4404
-0.90332
-0.048828
0
0
0
-0.024414
-0.048828
0
0
-0.024414
-0.024414
-0.024414
-0.048828
-0.048828
-0.048828
-0.024414
-0.048828
-0.024414
-0.024414
0
-0.024414
0
0
0
0
-0.12207
-2.2705
-1.2207
-2.3193
-3.7109
-4.5654
-4.9561
-5.9814
-6.9336
-7.0068
-6.8359
-7.4219
-7.5439
-7.7881
-7.666
-7.8613
-7.6172
-7.5439
-7.8857
-7.7881
-7.666
-7.2754
-7.3242
-7.666
-7.7637
-7.2266
-7.5439
-7.5195
-7.5439
-7.0557
-6.5186
0
0.41504
3.4912
5.2979
4.6875
1.3672
3.8086
5.2734
5.835
5.2002
5.5176
6.1523
6.2256
6.2744
6.25
6.5674
6.5918
6.665
6.4941
6.4209
6.4453
6.5186
6.6406
7.1289
7.2998
7.0557
7.1777
6.9336
6.5918
6.2012
0.3418
-2.8809
-2.8809
-3.6133
-3.2227
-4.7852
-5.4932
-4.7607
-6.4453
-7.0557
-7.8125
-7.8125
-9.1064
-8.7891
-9.1064
-8.6914
-9.2529
-9.4238
-9.4971
-9.5703
-9.6924
-9.668
-9.1553
-9.2285
-9.3994
-9.5215
-8.8379
-9.1553
-8.9111
-8.7158
-8.9111
-9.1797
-9.5215
-10.083
-10.4
-10.352
-10.4
-10.059
-10.034
-10.034
-10.303
-10.132
-9.8389
-9.7412
-9.5703
-9.7168
-9.5459
-10.132
-10.083
-9.8877
-10.107
-9.8633
-9.79
-9.9609
-10.083
-10.156
-10.059
-10.181
-9.8877
-9.2285
-8.6426
-10.303
-11.133
-11.475
-12.012
-12.012
-12.891
-13.062
-13.525
-13.208
-13.55
-13.452
-13.745
-13.989
-13.33
-13.062
-13.501
-13.428
-13.843
-13.818
-13.867
-14.038
-14.038
-13.916
-13.647
-13.159
-13.11
-13.428
-13.916
-13.062
-12.524
-14.893
-17.163
-17.578
-16.895
-17.31
-18.188
-18.286
-18.75
-19.409
-18.677
-19.678
-19.629
-18.97
-19.507
-19.751
-19.58
-19.482
-19.531
-19.556
-19.8
-19.751
-19.678
-19.678
-19.531
-19.458
-19.873
-19.409
-19.141
-19.263
-14.307
-10.352
-8.4961
-7.1289
-6.3232
-5.8838
-6.1768
-5.7129
-5.2246
-4.9316
-4.7119
-3.833
-3.1982
-3.1006
-2.3926
-2.832
-2.0752
-2.6123
-2.2217
-2.4414
-2.2217
-2.0752
-2.4414
-2.1729
-2.6123
-2.417
-2.1729
-2.4902
-2.4414
-2.5635
-1.8311
-1.0986
-1.001
-0.97656
-0.68359
-0.43945
-0.12207
-0.024414
0
0
-0.048828
-0.048828
0
0
0
0
0
0
0
0
0
0
0
0
0
0
0
0
0
-0.12207
-2.8076
-5.4688
-6.7627
-10.547
-10.181
-9.4727
-12.695
-13.745
-13.379
-13.11
-14.038
-15.039
-14.551
-14.478
-14.697
-14.99
-14.453
-15.039
-15.625
-15.649
-15.283
-15.381
-15.039
-14.819
-14.844
-15.308
-15.234
-15.332
-15.039
-15.503
-15.405
-14.233
-13.452
-12.939
-12.622
-11.89
-11.328
-11.011
-10.889
-10.718
-10.767
-10.913
-10.474
-10.254
-10.718
-10.425
-10.547
-10.107
-10.107
-10.254
-10.034
-10.62
-10.718
-10.303
-10.278
-10.791
-10.596
-10.669
-10.571
-10.767
-8.8623
-7.3975
-7.0313
-6.6406
-6.2256
-5.8838
-5.4443
-4.4678
-3.3936
-3.833
-3.3447
-3.6621
-3.3203
-3.0273
-3.3936
-2.8564
-3.0518
-2.4658
-3.0518
-2.3438
-3.3447
-2.6855
-3.0762
-2.5146
-3.1494
-2.5391
-3.4668
-2.7588
-2.9297
-2.2949
1.4648
3.3936
6.8115
8.0811
9.4238
5.7617
7.3486
9.4727
10.693
9.8877
10.474
10.645
11.304
11.328
11.182
11.255
11.377
11.743
11.377
11.45
11.572
11.792
11.816
11.743
11.865
11.67
11.426
11.45
11.865
11.694
11.011
13.55
15.454
16.943
16.431
16.675
17.7
17.993
17.7
18.604
18.921
18.97
19.092
19.165
19.067
18.701
18.823
18.994
19.507
19.263
19.434
19.702
19.507
19.116
18.872
18.945
19.043
19.141
19.458
19.653
19.873
19.824
19.36
19.141
19.043
18.994
19.116
19.312
19.336
18.921
18.799
18.799
19.238
19.263
19.165
19.141
19.434
19.409
19.458
19.165
19.336
19.507
19.312
19.189
19.336
19.312
19.458
19.116
18.97
19.043
10.522
2.002
-2.2461
-4.1748
-3.5156
-6.1768
-8.6182
-9.7412
-4.834
-4.6631
-8.1787
-10.938
-10.571
-11.621
-11.768
-10.718
-7.4707
-10.254
-11.938
-12.134
-11.816
-10.669
-11.304
-11.938
-11.377
-11.963
-12.305
-12.671
-12.476
-11.89
-3.0762
3.7842
7.4463
9.2773
12.134
13.477
12.524
14.087
16.016
17.627
15.332
10.107
12.5
15.796
17.725
18.677
17.822
14.722
15.967
17.627
18.335
18.115
18.188
18.408
18.872
19.019
18.75
18.506
18.677
19.092
14.233
9.1064
6.6162
4.5654
3.7354
4.5654
3.5156
2.4902
2.002
1.7334
1.0742
0.39063
0.63477
0.85449
1.1719
1.001
0.19531
0
0.073242
0.073242
0.048828
0
0
0
0
0
0
0
0
0
3.4424
6.1035
9.6436
12.5
14.111
14.331
11.768
12.744
14.38
15.918
15.869
16.138
16.479
16.235
16.309
16.602
16.724
16.626
16.87
16.846
17.163
17.358
17.09
16.992
17.017
16.895
17.236
17.114
16.772
10.962
4.7852
2.1484
-0.24414
-0.1709
-0.87891
-1.3184
-0.19531
-0.3418
-1.2207
-2.9541
-3.4668
-2.3926
-3.1006
-3.6377
-3.9795
-3.8086
-3.833
-3.6621
-3.3936
-3.6865
-3.418
-3.6377
-3.4668
-3.125
-3.7598
-3.2471
-3.5889
-3.5156
-3.4912
-3.54
-2.5635
-2.2949
-2.1729
-1.8555
-1.0986
-0.65918
-0.43945
-0.3418
-0.39063
-0.31738
-0.14648
-0.1709
-0.1709
-0.12207
-0.097656
-0.048828
-0.048828
-0.024414
-0.024414
0
0
0
0
0
0
0
0
0
0
-0.14648
-1.5869
-1.5869
-2.0508
-2.3682
-4.1748
-5.3223
-5.127
-5.0781
-5.0049
-5.249
-5.2734
-5.2002
-5.1758
-4.9316
-5.2002
-5.0781
-5.0293
-4.9316
-4.6631
-4.541
-5.0781
-5.3711
-5.4443
-5.4688
-5.3467
-5.5908
-5.7373
-5.835
-5.8594
-5.835
-5.3955
-5.4443
-5.4688
-5.7617
-5.7617
-5.6885
-5.9814
-5.835
-5.8838
-5.957
-5.7373
-5.5176
-5.542
-5.2979
-4.8584
-5.0049
-5.5176
-5.7373
-5.7373
-5.542
-5.6885
-5.8105
-5.3711
-5.6152
-6.0303
-5.9326
-5.6641
-5.7129
-5.8105
-5.8594
-5.1514
-4.9805
-4.7852
-4.3945
-3.9307
-3.4424
-2.9541
-3.2471
-2.6855
-3.0273
-2.6611
-3.0029
-2.5146
-2.7832
-2.2949
-2.2705
-2.7344
-2.2461
-2.7588
-2.1729
-2.5146
-1.9287
-2.0508
-2.6367
-2.0264
-2.71
-1.8799
-2.8076
-2.1729
0.21973
2.002
3.418
4.9805
6.1523
5.4443
6.5674
7.9834
8.3496
8.5449
9.7412
9.7656
9.9854
10.156
9.9365
9.8877
10.181
10.522
10.352
10.205
10.352
10.547
10.474
10.4
10.303
9.8633
10.278
10.376
10.449
10.034
4.9072
-1.7578
-6.4697
-9.7656
-12.817
-8.6426
-10.107
-13.477
-14.453
-15.918
-16.284
-12.5
-11.548
-14.624
-15.82
-16.04
-16.357
-15.015
-15.063
-16.187
-16.943
-17.163
-17.627
-17.725
-16.626
-16.04
-16.65
-16.357
-16.382
-16.309
-14.526
-8.7158
-4.9805
-2.7588
-1.4893
-1.5869
-1.3428
-0.68359
-0.36621
-0.24414
-0.024414
0.12207
0.097656
0.12207
0.048828
0
0
0
0
0
0
0
0
0
0
0
0
0
0
0
1.5381
3.2471
4.3945
6.6162
9.5459
8.9111
8.8135
10.254
10.767
11.23
11.572
11.499
11.523
12.158
12.378
12.085
12.183
12.061
12.524
12.866
12.671
12.451
12.646
12.451
12.109
11.987
12.231
12.329
12.109
11.841
12.329
12.012
11.401
10.815
10.938
10.669
10.522
9.9854
9.8877
10.083
10.01
9.7656
9.9365
10.01
9.7412
9.6191
9.668
9.6436
10.083
9.8877
10.059
10.254
10.156
9.8389
9.7656
9.5947
9.6924
10.083
9.9365
9.79
9.8389
9.3994
9.1797
9.5703
9.1064
9.6191
9.668
9.79
9.7168
9.082
9.375
8.96
9.3506
9.7168
9.2285
9.4482
9.1064
9.4238
9.2041
9.0332
9.5215
9.2773
9.6191
9.4727
9.668
9.4727
9.2529
9.5459
9.0332
9.3506
7.4463
5.3467
3.4668
2.6855
2.5146
2.3926
1.4893
0.73242
0.12207
0
0
0
0
0
0
0
0
0
0
0
0
0
0
0
0
0
0
0
0
0
1.0254
2.1484
3.0518
5.6152
6.7627
7.8369
7.8369
8.667
9.3506
9.8877
9.8633
10.474
10.498
10.4
10.059
10.547
10.791
10.62
10.4
10.522
10.181
10.229
10.376
10.522
10.352
10.376
10.449
10.693
9.8633
10.059
7.666
3.0273
1.0254
0.39063
0
0.1709
-0.53711
-1.1719
-0.3418
-0.31738
-1.5869
-1.5625
-1.3184
-1.001
-1.6113
-1.4648
-1.4893
-0.92773
-1.6357
-1.6357
-1.6602
-1.3184
-1.6602
-1.5869
-1.5137
-1.2207
-1.5381
-1.5381
-1.2207
-1.123
-1.1963
-1.5625
-0.97656
-2.124
-2.0752
-1.416
-2.5146
-2.2217
-2.2705
-2.5879
-2.2217
-2.5146
-1.7334
-2.2705
-2.5635
-1.8555
-2.2949
-2.2705
-2.3193
-2.3926
-1.1719
-2.2949
-2.3438
-1.6846
-2.0752
-1.416
-2.0264
-2.1973
-1.3672
-2.2461
-1.123
0.31738
0.48828
2.1729
1.709
3.4424
3.4424
4.2236
4.1748
4.1016
4.3213
4.6387
4.834
4.4922
4.5898
4.541
4.7119
4.541
4.1992
4.3213
4.3701
4.6631
4.2725
4.3457
4.4922
4.7607
4.4434
4.1748
4.4922
4.5166
2.6367
1.1963
0.36621
-0.048828
-0.097656
-0.36621
-0.78125
-1.1719
-1.2939
-1.2695
-1.1475
-1.0498
-1.0254
-1.001
-1.0742
-1.3428
-1.3428
-1.2451
-1.1719
-1.001
-1.1475
-1.2451
-1.1719
-1.1719
-1.0498
-1.2207
-1.123
-1.0254
-1.123
-0.78125
-1.8555
-4.8096
-5.4443
-9.5947
-11.694
-10.571
-10.449
-12.988
-13.989
-13.159
-13.965
-14.502
-15.259
-14.771
-14.868
-15.186
-15.112
-14.941
-15.039
-14.575
-14.868
-15.21
-15.356
-14.868
-15.161
-14.551
-14.307
-15.405
-15.601
-15.088
-11.694
-1.9043
2.2705
4.2725
6.665
6.25
8.4229
8.4717
6.4453
8.1055
10.254
11.035
9.4238
6.9824
9.5947
11.084
11.108
10.645
11.182
11.694
12.305
12.158
11.938
12.256
11.938
12.207
11.865
11.963
12.524
12.5
11.182
12.378
13.55
15.991
17.285
17.236
17.505
18.286
18.555
18.848
19.141
19.482
19.824
19.678
19.653
19.873
19.897
19.678
19.629
19.727
19.971
20.215
19.849
19.775
19.946
20.068
19.653
19.434
19.678
19.556
16.357
6.0059
-2.1484
-6.4453
-9.79
-6.8115
-8.3496
-12.524
-14.697
-14.355
-14.868
-8.0811
-8.1787
-12.207
-14.697
-16.724
-17.114
-17.236
-16.357
-16.431
-12.573
-12.085
-15.259
-16.577
-16.992
-16.895
-16.797
-17.529
-17.114
-14.233
-13.11
-4.3701
0.90332
3.3691
4.9316
1.8799
2.5146
5.6885
7.2021
8.8135
5.0781
3.6377
5.9326
8.1787
9.0576
9.8633
9.4727
7.2021
7.2998
9.0576
9.4971
9.4482
8.2275
8.9111
8.8379
9.5215
9.1064
9.4238
8.8867
8.96
9.4482
9.0088
8.5938
7.959
7.5195
7.1533
6.8115
6.0059
5.6885
5.7617
5.7373
5.5664
5.5664
5.4688
5.4688
5.4199
5.4199
5.2979
5.2246
5.127
4.9561
5.1758
5.4688
5.8105
5.835
5.9814
5.8838
6.0059
5.835
5.6396
5.9082
6.7871
8.3252
11.279
13.33
13.525
12.207
13.965
14.917
15.479
15.503
15.894
16.064
15.845
15.894
16.162
16.357
16.357
16.602
16.504
16.602
16.431
16.138
15.991
15.942
16.064
16.309
16.235
15.82
16.089
14.16
3.5889
-3.0273
-8.8867
-12.524
-12.134
-10.352
-12.817
-14.941
-16.357
-13.062
-13.696
-15.845
-13.77
-12.891
-15.527
-15.088
-14.746
-15.161
-16.675
-17.432
-16.431
-17.48
-17.871
-18.164
-18.091
-17.944
-18.335
-18.481
-17.676
-17.847
-17.871
-17.017
-15.991
-15.332
-15.283
-15.356
-15.308
-15.186
-14.893
-14.917
-14.868
-14.624
-14.307
-13.599
-13.818
-14.258
-13.892
-14.038
-14.502
-14.185
-13.745
-14.111
-14.551
-14.355
-13.989
-13.77
-13.818
-13.794
-14.185
-13.745
-9.082
-5.9082
-4.0527
-2.9785
-2.2949
-2.7832
-2.7344
-2.0752
-1.7822
-1.416
-0.36621
-0.12207
-0.1709
-0.024414
0
0
0
0
0
0
0
0
0
0
0
0
0
0
0
0.048828
1.3184
1.0498
1.1963
1.7334
1.8066
1.8555
1.8799
2.1973
2.4414
1.6846
2.2705
2.5879
2.3438
2.1484
2.2949
2.6367
2.7344
2.2217
2.6611
2.7344
2.5146
2.417
2.832
2.5879
1.8311
2.6367
2.5146
2.5879
2.4658
2.5146
2.9541
2.9785
4.248
4.8096
5.7129
6.1035
6.5186
6.6406
6.6162
6.665
6.6895
6.9336
7.2998
7.1777
6.8848
6.7139
6.4697
6.1523
6.543
6.8604
6.9336
6.665
6.665
6.5918
6.25
6.2256
6.7627
6.7871
6.665
6.6162
8.252
11.23
14.404
16.602
15.845
15.601
16.04
17.578
17.603
18.164
18.872
18.945
19.165
19.116
19.165
19.238
19.409
19.385
19.458
19.727
20.215
19.946
20.093
20.288
20.02
19.702
19.727
19.922
19.971
19.409
14.136
8.9844
5.2734
3.0029
2.8564
2.1484
1.0254
0.46387
0.21973
0.36621
0.58594
0.36621
0.21973
0.073242
0
0
0
0
0
0
-0.024414
0
0
0
0
0
0
0
0
0
0
0
0
0
0
0
0
0
0
0
0
0
0
0
0
0
0
0
0
0
0
0
0
0
0
0
0
0
0
0
-3.418
-9.0576
-11.938
-16.333
-14.502
-13.452
-15.283
-16.919
-16.113
-16.089
-17.529
-18.921
-18.164
-17.773
-18.945
-19.482
-19.214
-19.531
-19.824
-20.313
-20.044
-19.604
-19.263
-19.385
-19.165
-18.774
-19.531
-19.556
-19.141
-19.165
-9.5947
-1.8311
1.6602
4.4434
7.959
7.5439
4.0527
5.4932
8.374
9.3018
10.522
9.0332
4.1992
6.2744
8.5938
10.547
11.108
11.45
9.7656
9.9121
10.669
11.084
10.889
9.9609
10.62
10.864
10.84
11.011
11.133
10.938
4.2725
0.73242
-1.5625
-2.7344
-3.54
-0.53711
-1.9775
-4.0527
-4.2725
-5.1758
-4.4922
-4.6143
-5.7861
-5.3467
-5.127
-5.7861
-6.0303
-5.9814
-6.1035
-6.2012
-6.25
-6.2012
-5.9082
-5.835
-6.1035
-5.835
-5.5176
-5.9082
-6.2988
-6.0547
-1.5869
2.002
2.0508
3.2471
1.3916
4.126
4.7607
4.541
5.5176
5.7861
5.9814
6.0791
6.2256
5.9814
5.7861
5.9082
5.957
6.1035
6.2256
6.2012
6.6895
6.3965
6.3232
6.543
6.665
6.4697
6.1523
6.3965
6.4697
6.3965
0.92773
-2.2949
-2.124
-5.4199
-3.9307
-4.1504
-6.3477
-8.1055
-8.4717
-6.9336
-6.7383
-8.9355
-8.5938
-8.8379
-8.8623
-9.5215
-9.0088
-9.4482
-9.668
-9.1797
-9.6924
-9.3994
-9.9121
-10.156
-10.107
-9.8389
-9.7656
-9.3506
-9.5215
-9.7656
-3.4668
0.12207
1.4893
3.833
1.6602
3.1006
5.2002
5.6641
3.7598
4.7363
5.8105
5.8594
6.0547
6.4941
6.6895
6.8604
6.5674
6.8115
6.9092
7.1045
6.958
6.9336
6.958
7.0068
7.1533
6.958
6.2256
6.5674
6.5186
6.3721
6.3721
5.835
5.835
5.6641
5.5176
5.6152
5.3955
5.4199
5.3223
5.3467
5.249
5.2734
5.5176
5.3955
5.2979
5.2734
5.2002
5.1758
5.4199
5.3711
5.3711
5.2979
5.3223
5.249
5.3711
5.4443
5.2979
5.2979
5.2979
5.1025
5.3955
5.6152
5.7617
5.6885
5.957
6.1523
6.3477
6.1523
6.0791
6.0547
5.8838
6.2744
6.2744
6.3477
6.1523
6.25
6.3232
6.1768
6.1768
6.2988
6.2256
6.0303
6.0303
5.7861
5.5664
5.6641
5.6885
5.7373
5.4443
5.6396
6.0303
5.5176
5.0537
4.9072
4.0039
4.0283
4.0527
4.1992
3.7598
3.8574
4.2725
4.0527
3.8818
4.4189
4.1016
4.0771
4.1992
4.2725
4.3701
4.4189
4.4922
4.4434
4.5898
4.3945
4.3213
3.6865
4.0527
4.1016
3.833
4.4189
3.6133
3.54
3.5156
3.0273
3.6377
2.71
3.3936
2.9785
3.2471
3.125
3.0762
3.5889
3.0518
3.4668
2.9297
3.4424
2.6855
3.1006
2.5391
3.0518
2.8076
3.125
3.2715
2.7832
3.1738
2.7588
3.5645
2.9541
3.5156
-0.36621
-4.8584
-8.1543
-12.622
-14.746
-12.207
-12.5
-15.796
-16.479
-15.405
-15.43
-17.212
-18.042
-17.896
-18.066
-18.188
-18.188
-17.749
-17.993
-18.604
-18.042
-17.969
-18.896
-19.189
-18.97
-18.604
-18.701
-18.921
-18.823
-18.823
-15.967
-12.378
-10.254
-8.7891
-8.2031
-7.7393
-7.1045
-6.5186
-6.0059
-5.4688
-4.7119
-4.2725
-4.1504
-3.9795
-3.7842
-3.7354
-3.3203
-3.0762
-3.0762
-3.0273
-3.0273
-3.3203
-2.6123
-3.0273
-2.1729
-3.0518
-2.6123
-3.1738
-2.1484
-3.0273
1.001
3.2227
5.5908
8.4229
12.036
11.353
9.5459
10.986
12.769
12.427
12.354
13.452
13.892
14.233
14.795
14.966
15.088
14.917
14.746
14.404
14.648
15.112
14.771
15.137
15.161
15.063
15.137
15.088
14.648
14.331
12.158
7.2754
4.3701
2.9785
3.2227
2.4902
1.2451
0.90332
0.73242
0.097656
-0.097656
-0.048828
0
0
0
0
0
0
0
0
0
0
0
0
0
0
0
0
0
0
1.3184
4.6631
6.0547
8.7646
10.693
9.8145
9.6436
12.109
13.062
13.184
13.647
13.892
13.574
14.233
14.648
14.722
14.526
14.478
15.088
14.99
15.332
15.259
14.771
14.526
15.161
15.308
14.966
14.893
14.673
14.966
9.79
3.833
-0.048828
-1.5625
-1.3184
-1.8555
-1.709
-0.63477
-2.5635
-3.9795
-3.3936
-4.4678
-5.2246
-5.127
-5.1758
-5.4932
-5.7373
-6.0547
-6.2988
-6.2256
-6.2256
-6.1035
-5.8594
-5.9082
-5.8838
-5.5664
-5.542
-5.542
-5.542
-5.3467
-5.6152
-6.3232
-8.9111
-11.377
-12.622
-12.866
-13.232
-14.819
-15.381
-15.259
-15.747
-16.382
-15.869
-15.967
-16.553
-16.895
-16.455
-16.138
-16.479
-16.504
-15.771
-16.357
-16.211
-16.211
-16.772
-17.017
-16.406
-16.406
-16.772
-16.602
-11.621
-4.8828
-0.58594
1.001
2.1729
2.1729
1.6846
0.3418
1.2695
1.7822
1.5381
2.0508
2.5635
3.4668
3.4424
3.1982
3.6865
3.1494
3.6133
3.6133
3.7842
3.9795
3.6133
3.2471
3.5889
3.1738
3.9063
3.4912
3.4424
3.7842
2.9053
3.9307
5.6885
7.373
8.4473
8.9111
9.5703
10.278
9.8389
10.132
10.425
9.9121
10.376
10.767
10.718
10.596
10.449
10.352
10.327
10.84
11.255
10.742
11.133
10.815
11.23
10.986
10.62
10.669
10.889
11.084
10.84
10.278
10.156
10.132
9.9609
9.9854
10.156
10.229
10.596
10.425
10.059
9.5215
9.9365
9.5947
9.668
9.8389
9.668
9.8389
9.7168
9.79
9.9609
9.7656
9.8877
10.229
10.547
10.107
9.9854
10.156
10.059
9.7656
9.8145
9.2041
8.5449
8.0566
7.6172
6.9336
6.6895
6.665
6.3721
6.2744
6.3721
6.25
6.1768
5.9814
5.9082
5.9082
5.6641
5.4932
5.4443
5.4688
5.5908
5.4688
5.249
5.3955
5.8594
6.0547
6.2012
6.2988
5.835
5.5908
2.4902
-0.48828
-3.2959
-5.249
-4.5654
-4.7607
-8.667
-8.9355
-8.667
-6.6406
-8.6182
-9.9854
-10.083
-10.107
-10.62
-10.742
-10.449
-10.645
-10.181
-10.376
-10.596
-10.547
-10.571
-10.156
-10.181
-10.498
-10.645
-10.84
-11.06
-11.353
-8.1055
-1.9043
-0.97656
1.0254
1.8066
1.001
0.073242
0.61035
1.8311
2.0996
1.9775
2.0996
2.0996
2.0508
2.3193
2.2217
1.709
2.2705
2.3926
1.8799
2.124
1.8555
1.8311
1.9531
1.7334
1.1963
1.7334
1.6846
1.3916
1.6113
0.073242
-3.5889
-5.8594
-8.9844
-10.4
-8.8379
-9.0332
-11.548
-11.816
-11.499
-12.939
-13.599
-12.5
-12.231
-13.281
-14.038
-13.94
-13.892
-14.185
-14.526
-14.087
-13.892
-13.965
-13.77
-13.379
-13.696
-13.867
-14.209
-13.623
-13.403
-10.229
-0.73242
1.6357
5.249
7.7148
5.2734
3.6133
7.2754
8.2764
10.229
6.3965
6.6406
9.2529
10.449
10.107
9.6924
9.9121
10.596
11.182
11.719
11.646
11.597
11.67
11.914
11.548
10.962
11.182
11.719
11.475
10.938
10.669
9.375
8.8135
8.3252
7.666
7.2754
6.8848
6.3232
5.8594
5.3955
5.2734
5.1514
4.9072
4.6143
4.541
4.5898
4.8096
4.541
4.126
4.3213
4.4434
4.7852
4.248
4.2236
4.4189
4.8584
4.4678
4.3457
4.1016
4.4922
2.6123
1.0498
0.36621
0.12207
-0.073242
-0.29297
-0.36621
-0.24414
-0.39063
-0.46387
-0.46387
-0.14648
-0.14648
-0.048828
-0.048828
0
0
0
0
-0.048828
0
-0.024414
0
-0.024414
-0.024414
-0.048828
-0.048828
-0.024414
-0.048828
-0.024414
1.0498
4.3213
5.6152
8.0811
11.133
12.573
10.327
10.669
12.036
12.964
13.037
13.257
13.94
14.478
14.453
14.063
14.526
14.526
15.015
15.405
15.479
15.186
15.039
15.454
15.283
14.99
14.6
14.771
14.868
15.332
13.062
6.4209
1.8311
0.3418
-1.5625
-1.0986
0.12207
0
-1.5869
-2.71
-2.2461
-2.4902
-1.6846
-1.8311
-2.417
-1.6846
-2.3682
-2.5879
-2.1729
-2.3682
-1.7334
-2.0996
-2.2217
-1.2451
-2.0752
-2.124
-1.6113
-1.9287
-1.7822
-0.75684
-2.3682
-4.3945
-5.3711
-8.8867
-9.6436
-9.4971
-10.84
-12.915
-13.501
-13.94
-14.697
-14.844
-13.843
-14.624
-15.063
-14.771
-14.38
-14.624
-14.844
-13.892
-14.551
-14.917
-14.941
-14.99
-14.331
-14.307
-14.331
-14.917
-14.868
-14.795
-13.257
-7.0068
-1.9043
-2.1729
-0.24414
0
0.048828
0
0
0.1709
0.31738
0.48828
0.56152
0.36621
0.24414
0.19531
0.073242
0.024414
0.024414
0
0
0
0
0
0
0
0
0
0
0
0.70801
3.1738
6.5918
9.6191
10.449
10.938
9.8145
10.62
11.646
11.572
12.402
13.232
13.696
13.184
13.501
13.257
13.477
13.77
14.038
13.843
13.501
13.135
13.354
13.623
13.818
14.38
14.233
13.867
13.843
13.916
13.062
8.7646
6.2256
5.6885
4.4678
4.1016
3.5156
2.7344
2.2949
1.8555
0.97656
0.26855
0.024414
0.024414
0.024414
0
0
0
0
0
0
0
0
0
0
0
0
0
0
0
0.19531
3.7598
5.7861
9.1064
9.2285
10.278
11.523
12.109
13.257
13.501
12.964
14.258
14.722
14.819
14.966
14.746
15.186
15.234
15.381
15.112
15.479
15.723
15.698
15.601
15.674
15.796
15.479
15.723
15.918
15.601
14.087
5.9814
0.21973
-0.68359
-3.4668
-4.1748
-2.124
-0.90332
-4.248
-6.1035
-6.5918
-5.9814
-4.9316
-2.6123
-5.249
-6.9092
-6.9336
-6.6162
-6.5186
-6.8848
-6.7383
-6.5918
-6.6162
-6.7627
-6.8604
-6.8359
-7.373
-7.251
-6.9336
-6.4697
-6.0303
1.6846
5.1758
8.7158
12.646
10.938
7.2754
10.498
12.646
14.502
10.767
10.4
13.11
14.697
16.162
16.553
13.965
13.916
15.381
15.869
16.089
15.796
15.381
15.698
16.211
16.113
16.528
16.602
16.528
16.26
15.527
8.0811
3.4668
0.83008
-0.83008
-1.4404
0.048828
-0.58594
-0.024414
-1.0986
-1.709
-0.56152
-2.9297
-2.1484
-3.0762
-2.7588
-3.2959
-2.5635
-3.1494
-3.3203
-3.1494
-2.6855
-3.1006
-2.4658
-3.0273
-2.8076
-3.3691
-3.125
-3.4912
-2.9297
-3.4912
-3.1738
-2.5391
-2.3682
-2.3926
-2.0264
-2.3926
-2.2461
-1.6357
-1.7822
-2.0752
-1.9043
-2.0752
-1.9043
-1.8799
-2.1729
-2.0752
-1.6113
-1.7334
-2.0752
-2.0752
-2.002
-1.8066
-1.2207
-1.8799
-2.124
-1.4648
-1.1719
-1.5137
-1.7822
-1.1475
-3.0029
-3.2959
-5.5908
-7.3486
-7.3486
-8.7646
-9.9854
-10.645
-10.889
-11.67
-11.353
-11.45
-11.768
-11.987
-11.548
-11.621
-11.621
-11.548
-11.45
-10.889
-10.938
-10.913
-11.353
-11.621
-11.621
-11.548
-11.45
-11.426
-11.377
-10.84
-1.2695
1.4893
5.2246
9.1064
8.5693
9.2285
10.62
11.255
11.499
8.1543
8.96
9.8877
10.913
11.694
11.572
11.792
11.548
11.694
12.183
12.231
12.524
12.72
12.866
12.769
12.549
12.72
12.915
12.939
12.354
11.279
3.2227
-0.63477
-3.5156
-4.9805
-5.7861
-6.9336
-6.3721
-4.4434
-4.7607
-7.0068
-9.7412
-9.1797
-7.9102
-7.9834
-9.5703
-9.6924
-9.4238
-9.8145
-9.9121
-9.7656
-9.8145
-9.7168
-9.6436
-10.254
-10.059
-10.156
-9.8877
-9.6436
-9.8633
-9.4971
-3.54
-0.12207
1.1963
2.2217
1.6846
0.58594
0.80566
1.9775
2.5146
3.5889
3.2227
3.5645
3.6133
3.5156
3.9795
3.4912
3.6377
3.9795
3.54
3.5156
3.9795
3.5156
3.7109
4.0283
3.1494
3.8574
3.3691
3.3203
3.833
3.3691
3.9063
5.7373
7.6904
9.5947
9.3994
9.5947
11.084
11.523
12.036
12.231
12.549
13.135
13.135
12.671
12.378
12.695
12.939
13.086
13.086
13.11
12.964
12.915
13.013
13.33
13.135
13.11
12.891
12.573
12.866
12.817
11.499
9.8389
9.082
8.667
8.252
7.9346
7.3242
6.8115
6.25
5.6641
5.6396
5.7129
5.6885
5.6152
5.5908
5.1514
5.0293
4.9561
4.9072
4.9561
4.8828
5.2979
5.0293
5.0049
4.7852
4.7119
4.7607
5.0537
5.0781
4.2969
-0.63477
-6.7139
-9.6191
-13.94
-14.307
-12.817
-14.526
-15.186
-13.208
-14.526
-16.089
-17.773
-18.506
-18.896
-17.603
-17.944
-19.189
-18.628
-17.822
-18.311
-18.677
-18.359
-19.189
-19.458
-19.019
-18.677
-18.872
-19.165
-19.263
-19.312
-15.234
-9.6436
-6.3721
-3.8574
-1.9531
-1.6846
-2.2705
-2.2461
-1.2695
-0.5127
-0.21973
-0.12207
0.024414
0.097656
0
-0.024414
0
0
0
0
0
0
0
0
0
0
0
0
0
0.024414
0.63477
2.0508
2.8564
4.8096
4.9805
6.1523
6.3477
6.665
7.0557
7.0313
7.2998
7.5439
7.7637
7.6904
7.6416
7.5195
7.4463
7.7148
7.8857
7.8857
7.7393
7.8125
7.8369
7.373
7.4951
7.5928
7.3975
7.6904
7.4463
7.8857
3.1494
0.58594
-0.19531
-0.73242
-0.80566
-1.3672
-2.1729
-1.2451
-2.5635
-1.9287
-2.4658
-2.7832
-2.8076
-2.3682
-2.417
-3.0273
-2.3682
-2.7588
-2.6855
-3.0273
-2.6123
-2.9297
-2.71
-2.5391
-3.0518
-2.6855
-2.8564
-2.3926
-3.0518
-1.9043
-2.4658
-2.1484
-1.6113
-1.1719
-1.0254
-0.92773
-0.68359
-0.31738
-0.31738
-0.31738
-0.48828
-0.56152
-0.63477
-0.48828
-0.1709
-0.1709
-0.1709
-0.29297
-0.46387
-0.21973
-0.19531
-0.48828
-0.048828
0
0
0
0
0
0
0
-3.1494
-7.3486
-9.9609
-13.794
-16.138
-14.111
-15.21
-16.797
-17.065
-16.577
-17.603
-18.579
-18.774
-18.921
-19.287
-19.067
-18.823
-19.604
-19.702
-19.824
-19.849
-19.775
-19.629
-20.068
-19.434
-19.092
-18.872
-19.849
-20.459
-16.577
-10.327
-6.2012
-3.3691
-1.8311
-1.7822
-1.6602
-1.123
-0.53711
-0.24414
-0.024414
0
0
0
0
0
0
0.024414
0
0
0
0
0
0
0
0
0
0
0
0
2.6367
7.9346
10.791
14.648
15.137
14.771
14.551
14.331
14.966
15.747
15.967
16.87
17.188
17.7
18.188
18.457
18.652
18.677
19.214
18.994
19.019
18.97
18.921
18.896
19.116
19.141
18.994
18.75
18.652
18.652
15.454
11.523
9.8389
7.8613
6.958
6.8359
6.0547
5.4688
5.249
4.834
3.6377
3.125
3.0762
3.0029
2.9785
2.3438
2.1973
1.9531
1.6113
2.1729
2.0508
1.4404
1.9287
1.9775
1.4404
1.9043
1.8799
1.3184
1.9287
1.9287
1.5381
3.8086
5.835
8.0566
8.8135
8.9111
9.3262
10.107
11.011
11.523
11.621
11.768
11.841
11.816
11.89
11.792
11.743
11.816
12.012
12.183
12.158
12.061
11.938
12.134
12.158
12.207
12.354
12.28
12.231
12.231
6.6895
1.8555
-2.2949
-2.9053
-2.002
-1.6602
-1.8799
-5.3467
-3.9063
-2.5635
-3.3447
-5.249
-5.7373
-6.0547
-6.4209
-6.0059
-6.1035
-6.7139
-7.1777
-7.4463
-7.3242
-7.4463
-7.251
-7.5684
-7.7637
-7.5684
-7.373
-7.3242
-7.1533
-6.9336
-5.7861
-6.8848
-6.7383
-8.2275
-8.1543
-8.7402
-8.5449
-9.082
-9.1797
-9.6436
-9.668
-9.9854
-10.083
-10.376
-10.303
-9.7656
-9.3262
-10.01
-9.7168
-9.1797
-9.3506
-9.4482
-9.79
-9.082
-9.4482
-9.7656
-10.059
-10.034
-10.034
-10.083
-9.3018
-8.1299
-7.5928
-7.2266
-7.0068
-6.3232
-5.6152
-5.2734
-5.127
-4.9316
-4.5898
-4.7363
-4.3213
-4.5898
-4.4189
-4.5166
-4.4434
-3.8818
-4.0283
-4.1992
-4.4434
-3.9307
-4.0527
-4.3213
-4.248
-4.1748
-4.2969
-4.5166
-4.3457
-4.3945
-5.0781
-7.2998
-10.254
-13.037
-14.209
-12.134
-14.453
-15.918
-16.479
-16.284
-17.48
-18.506
-17.896
-16.968
-18.384
-19.263
-19.116
-18.823
-19.189
-19.238
-19.067
-18.677
-18.359
-18.945
-19.507
-19.629
-19.653
-19.336
-19.58
-19.214
-15.112
-7.3975
-2.8809
-1.1719
0.26855
0.31738
-0.024414
0.78125
1.7578
1.8799
0.53711
0.5127
1.4648
1.8066
1.6602
1.4648
1.6357
1.416
2.002
1.8066
1.4404
1.8799
1.9775
1.5137
1.3916
2.002
2.1484
1.5869
1.6602
1.709
0.65918
-0.36621
-1.709
-2.6611
-2.6367
-3.833
-5.5664
-5.3711
-6.6895
-6.7627
-6.7627
-7.2754
-7.4707
-7.2754
-7.4951
-7.5928
-7.3486
-7.8613
-7.8613
-7.373
-7.6172
-7.7148
-7.7148
-7.6416
-7.666
-7.9834
-7.5195
-7.7393
-7.8613
-7.5439
-6.3721
-7.4463
-9.4971
-11.084
-11.377
-13.599
-14.038
-14.868
-15.698
-15.796
-16.04
-15.845
-16.211
-16.406
-16.992
-16.87
-17.163
-17.139
-16.309
-16.431
-16.724
-16.65
-17.285
-17.48
-17.114
-17.358
-17.603
-17.188
-16.895
-17.432
-16.309
-10.693
-6.3477
-3.418
-1.6113
-1.4404
-1.7334
-1.0742
-0.5127
-0.24414
-0.073242
0
0.024414
0
0
0
0
0
0
0
0
0
0
0
0
0
0
0
0
0
0.3418
0.80566
3.1494
2.6855
4.7852
6.0059
6.2988
6.7139
7.3242
7.2754
7.251
7.5928
7.4951
7.8125
7.9102
7.8613
8.0078
8.252
8.2275
7.9834
7.7148
7.7393
7.4951
7.959
7.8125
7.9102
7.9346
8.2031
8.2031
8.0811
7.1289
7.1289
9.375
10.01
10.864
11.182
11.548
12.061
12.061
12.305
12.622
12.476
12.988
13.354
13.135
12.646
12.744
13.013
12.866
12.695
12.939
12.744
12.769
12.891
13.354
13.281
12.793
12.598
12.915
12.671
10.742
5.2734
1.9287
0.87891
0.21973
0.14648
-0.85449
-1.3672
-1.416
-0.87891
-0.24414
-0.87891
-0.85449
-1.0742
-1.2207
-0.97656
0
-0.41504
-0.83008
-0.83008
-0.95215
-1.0254
-1.0742
-0.41504
-0.90332
-0.92773
-0.92773
-0.83008
-0.83008
-0.75684
0.48828
4.6631
7.8369
12.012
15.259
16.724
14.063
14.429
16.748
18.555
18.384
16.602
17.505
18.799
19.214
19.092
19.58
19.751
19.556
19.434
19.678
19.849
19.873
20.117
20.288
20.386
20.41
20.093
20.166
20.386
18.53
11.108
5.7861
2.0508
0.48828
0.75684
0.048828
-0.61035
-1.3672
-1.1963
0.1709
-0.1709
-0.95215
-1.0498
-1.2451
-1.4648
-1.2695
-1.7578
-1.5137
-1.2695
-1.0742
-1.416
-1.5137
-1.5625
-1.0986
-1.4893
-1.3916
-1.4404
-0.73242
-1.4404
-1.3428
-1.7334
-3.0029
-3.6133
-3.7109
-4.5166
-5.249
-6.8604
-7.1045
-7.0313
-7.2266
-7.7637
-8.2031
-8.3984
-8.2031
-8.252
-8.3984
-8.3984
-8.3008
-8.1543
-8.2764
-8.1055
-7.7148
-7.8857
-7.666
-7.5684
-7.7881
-7.959
-7.7881
-8.0322
-7.5195
-7.4219
-7.1289
-6.7871
-6.3232
-5.4932
-5.4688
-4.9316
-4.9805
-4.6631
-4.7852
-4.6387
-4.4189
-4.0039
-4.0771
-4.248
-4.3457
-4.0771
-4.4678
-3.9307
-3.7109
-4.1748
-3.9307
-3.9307
-3.5156
-4.3701
-4.248
-4.541
-4.7607
-4.7119
-4.7607
-4.3701
-3.9307
-3.4912
-2.8809
-2.6855
-2.2217
-1.8799
-2.3438
-1.5869
-1.2939
-1.8799
-1.9287
-1.7334
-1.9043
-1.8555
-1.6357
-2.2461
-1.8066
-1.1963
-2.1484
-2.2217
-1.416
-2.002
-2.0508
-1.6602
-2.1484
-2.0752
-1.2207
-2.0508
-2.0508
-1.0498
-0.39063
-0.073242
0
0.024414
0.024414
0
0
0
0
0
0
0
0
0
0
0
0
0
0
0
0
0
0
0
0
0
0
0
-0.073242
-3.3936
-7.8857
-10.303
-15.039
-13.403
-14.331
-15.796
-17.163
-17.432
-17.261
-17.383
-18.286
-17.944
-18.359
-19.263
-19.019
-18.726
-18.164
-18.359
-19.214
-19.019
-18.945
-19.165
-19.751
-19.775
-18.994
-19.092
-19.141
-19.385
-19.141
-16.211
-14.404
-13.379
-12.842
-12.28
-11.841
-11.401
-10.84
-10.254
-9.4482
-9.0576
-8.5693
-8.5205
-8.2031
-7.9346
-7.7881
-7.7148
-7.2266
-7.6172
-7.6172
-7.3486
-7.7637
-7.666
-8.1787
-8.3008
-8.0811
-8.0811
-8.2275
-8.5205
-8.1299
-5.9814
-4.5166
-3.9307
-3.2959
-2.71
-2.2705
-1.7334
-1.1719
-0.90332
-0.80566
-0.80566
-0.58594
-0.39063
-0.31738
-0.024414
0
0
0
0
0
0
0
0
0
0
0
0
0
0
0
0.46387
0.68359
0.41504
0.19531
0.19531
0.48828
0.85449
0.80566
0.65918
0.73242
0.61035
0.70801
0.58594
0.29297
0.5127
0.68359
0.58594
0.61035
0.65918
0.63477
0.73242
0.73242
0.5127
0.65918
0.80566
0.78125
0.68359
0.68359
0.56152
0.5127
1.1719
2.9785
4.248
4.6875
6.1035
6.3232
6.4209
7.0068
6.8848
7.1045
7.3242
7.5684
7.7881
7.7148
7.3975
7.5439
7.6172
7.4951
7.1777
7.7148
7.7148
7.3975
7.373
8.0322
8.0811
8.0078
8.252
8.1787
7.9102
7.9102
8.3984
10.083
12.036
12.793
13.574
14.429
15.503
16.187
16.333
16.528
16.553
16.675
16.846
16.87
16.943
16.943
17.017
17.285
17.456
17.09
16.748
17.09
17.212
17.017
16.821
16.968
17.48
17.822
17.554
17.48
14.355
12.036
10.986
10.107
9.3262
8.8135
7.9346
7.1777
6.7383
6.2988
6.0059
5.5908
5.3955
4.9316
4.9805
4.7852
5.0293
4.6631
4.1504
4.4434
4.126
4.5166
4.6143
4.6631
4.4922
4.5654
4.3701
4.9072
4.4189
4.3213
1.709
1.1719
0.46387
0.21973
-0.12207
-0.24414
-0.14648
-0.26855
-0.3418
-0.29297
-0.12207
-0.073242
-0.1709
-0.21973
-0.19531
-0.024414
0
0
0
0
0
0
0
0
0
0
0
0
0
0
2.5879
5.0049
7.0068
10.864
11.963
10.229
11.523
12.646
13.721
13.525
13.965
15.186
15.161
15.332
15.845
16.016
16.357
16.65
16.87
16.333
16.089
16.235
16.528
16.162
16.089
15.967
15.698
16.235
16.455
12.842
8.2275
5.8105
4.248
3.5889
4.0771
3.6621
2.9053
2.6855
2.2949
1.7334
1.0986
0.73242
0.53711
0.3418
0.14648
0.024414
0
0
0
0
0
0
0
0
0
0
0
0
0
-0.39063
-1.8799
-1.8311
-4.5654
-6.2256
-5.7373
-6.7383
-8.0566
-8.1543
-8.0078
-8.4961
-8.3252
-8.1299
-8.3008
-8.0811
-8.374
-8.1543
-7.373
-8.2031
-7.8857
-7.8857
-8.1299
-8.5205
-8.5693
-8.3984
-8.1787
-8.7158
-8.1787
-8.4961
-8.5693
-3.1494
0.61035
3.125
5.4199
5.2246
5.1025
6.4453
7.9834
5.957
5.3955
7.8613
8.4961
8.0078
8.9355
8.96
9.1553
8.7891
9.1797
9.7412
9.9854
9.6191
9.8389
10.132
10.01
9.1309
9.1797
9.5703
10.132
9.9121
9.5459
9.5947
9.1797
9.2529
9.3506
9.6191
9.2041
9.2773
8.8379
9.3506
9.0088
8.7891
8.4961
9.082
8.9355
9.1309
8.667
9.2285
8.7891
8.8867
8.4717
8.7891
8.7891
9.1553
9.3018
9.6436
9.6924
9.4482
8.8867
9.1064
9.082
8.4229
5.957
5.4199
4.834
4.5898
4.1748
3.5156
3.0762
2.2949
1.8555
1.6602
1.123
1.5381
1.3428
1.123
1.001
0.56152
0.68359
0.97656
1.001
0.95215
0.92773
0.78125
0.53711
0.97656
0.95215
0.95215
1.0498
1.0742
0.58594
0.70801
2.1973
2.0508
2.5879
2.8076
3.54
3.3447
3.5645
4.126
3.8574
3.8574
4.3457
3.7598
3.9307
4.2725
4.0283
4.0039
4.126
4.4922
3.9307
3.7354
4.2969
3.6133
3.7598
4.1504
3.8574
3.6621
4.1016
4.0283
3.5645
4.1504
3.4668
3.418
3.3691
2.8564
3.3203
2.4902
3.0518
2.5635
2.8809
2.1973
2.8809
2.4902
2.2461
2.8076
2.124
2.3438
2.002
2.7588
2.71
2.7344
2.9785
2.4658
2.7832
2.7344
3.0273
2.3926
2.9297
2.5146
2.9297
0.65918
-0.85449
-2.6855
-5.6641
-7.9346
-5.3711
-6.7627
-8.7402
-8.8379
-9.2285
-9.5215
-9.6436
-9.4482
-9.3994
-10.059
-10.229
-9.7412
-10.01
-10.229
-9.6436
-10.107
-10.205
-10.034
-10.156
-10.059
-10.107
-9.8877
-10.303
-10.229
-10.156
-9.4727
-10.669
-10.669
-11.035
-11.694
-11.475
-11.914
-11.816
-12.012
-12.109
-12.476
-12.573
-12.085
-12.158
-12.524
-12.378
-12.402
-12.134
-11.865
-12.256
-12.524
-12.402
-12.28
-12.207
-12.354
-12.5
-12.134
-12.256
-12.305
-12.256
-7.666
-0.29297
4.3945
7.4219
10.254
6.1279
6.2256
8.5693
11.304
12.939
8.8623
6.6895
9.082
11.523
13.037
13.696
13.232
11.597
12.256
13.086
13.306
12.866
12.549
12.988
13.135
13.281
13.574
13.452
13.403
13.159
13.55
13.672
13.11
12.671
12.695
12.793
12.671
12.646
12.671
12.573
12.427
12.402
12.793
12.72
13.013
12.939
12.866
12.842
12.964
12.939
13.11
12.72
12.573
12.866
12.817
12.671
12.988
13.086
12.329
12.109
12.402
12.866
13.013
12.842
12.695
12.695
12.744
12.744
13.354
13.501
13.062
12.646
12.842
12.915
12.744
12.451
12.744
12.842
12.72
12.793
13.11
13.257
13.184
12.671
12.476
12.354
12.622
12.695
12.354
12.5
10.156
3.1494
0.58594
-0.97656
-0.12207
-0.14648
-1.7578
-1.4648
-1.6602
-2.4414
-3.8818
-3.6865
-4.2725
-4.7363
-5.2002
-4.9805
-4.7607
-4.9316
-4.9072
-4.9072
-4.9316
-4.8096
-4.4678
-4.6143
-4.7119
-5.2979
-4.9561
-4.9561
-5.1758
-5.127
-4.9805
-8.5693
-10.376
-13.477
-15.967
-14.526
-15.698
-16.162
-16.748
-17.236
-18.433
-19.092
-18.799
-19.36
-19.653
-19.214
-19.043
-19.824
-20.728
-20.728
-19.873
-19.873
-19.678
-19.775
-19.775
-20.02
-20.825
-21.094
-20.532
-20.361
-18.945
-12.622
-8.8135
-5.9326
-3.8818
-3.6377
-3.5645
-2.6123
-2.1729
-2.2217
-2.0752
-1.8311
-1.5869
-1.5137
-0.97656
-0.12207
0
0
0
0
0
0
0
0
0
0
0
0
0
0
-0.31738
-3.7109
-3.6865
-6.4941
-9.9609
-7.0557
-8.0811
-10.4
-11.353
-11.06
-11.768
-12.964
-13.208
-13.232
-13.403
-13.452
-13.599
-13.574
-13.55
-13.062
-13.306
-13.745
-13.721
-13.574
-13.696
-13.379
-13.232
-13.794
-13.647
-13.306
-10.986
-3.6133
0.43945
3.2227
6.2744
7.5684
4.2725
4.126
5.9326
7.8613
9.0088
7.1777
5.3223
7.1777
8.3496
9.1797
8.0566
8.7402
8.374
9.1797
9.0332
9.4727
9.0332
8.9111
9.2773
9.5459
9.5459
9.0088
9.3994
9.2529
8.252
9.4727
10.791
11.938
13.354
14.478
14.478
14.966
15.479
15.918
15.137
15.21
15.674
15.845
16.016
15.82
15.625
15.991
16.113
16.162
15.845
15.698
15.942
15.649
15.771
15.625
15.723
16.04
15.674
16.016
14.038
3.2959
-2.8809
-9.0332
-12.402
-12.378
-8.9844
-12.964
-15.894
-16.577
-18.237
-18.799
-13.159
-11.694
-15.479
-17.529
-19.507
-19.507
-19.702
-19.507
-15.21
-15.674
-18.042
-19.897
-20.63
-20.63
-20.776
-19.531
-19.067
-20.044
-20.142
-14.16
-9.1064
-5.4199
-3.1982
-2.4902
-1.3672
-0.58594
-0.19531
-0.24414
-0.70801
-0.68359
-0.24414
-0.073242
-0.1709
-0.21973
-0.14648
0
0
0.097656
0.024414
0
0
0
0
0
0
0
0
0
-0.097656
-1.123
-0.80566
-1.2207
-1.6602
-2.0752
-2.9297
-3.1738
-3.2715
-3.6133
-3.3203
-3.6377
-3.2471
-2.6855
-3.4668
-3.5889
-3.8574
-3.833
-3.4424
-4.0039
-3.6377
-2.9541
-3.6133
-3.3203
-3.5156
-3.3691
-2.6123
-3.5889
-3.1982
-3.5645
-2.7832
0
0.12207
1.2207
1.9287
1.9531
2.5635
2.5879
3.2471
2.9785
3.7842
3.4424
3.9551
3.9551
3.8086
4.0283
4.0283
4.0771
3.8086
3.9063
3.7842
3.9063
3.6133
3.1982
3.8818
3.3447
3.833
3.4668
3.4424
4.1016
3.1006
-1.416
-2.6123
-5.1514
-7.3242
-5.3223
-8.252
-9.3018
-8.0811
-8.9355
-10.01
-10.547
-10.742
-11.401
-12.012
-12.158
-11.987
-12.012
-12.085
-11.792
-11.816
-12.085
-11.865
-11.816
-11.768
-10.986
-11.108
-11.719
-11.89
-12.109
-12.036
-10.718
-12.72
-13.525
-14.16
-15.015
-14.917
-15.259
-15.186
-15.869
-16.187
-15.43
-15.869
-15.308
-15.845
-16.602
-16.211
-15.21
-15.82
-16.26
-15.991
-16.113
-16.162
-16.235
-16.406
-16.65
-16.162
-15.942
-16.016
-15.869
-15.283
-11.157
-7.4951
-5.1758
-4.0527
-3.1738
-2.9541
-2.9053
-2.4658
-2.1484
-1.6602
-0.5127
-0.19531
-0.1709
-0.12207
-0.14648
-0.1709
-0.12207
-0.14648
-0.1709
-0.12207
-0.048828
0
0
0
0
0
0
0
0
0
-0.58594
-1.2695
-1.6113
-1.3184
-2.7588
-2.1484
-3.54
-3.54
-3.1494
-3.6621
-3.3936
-3.7109
-3.6621
-3.3447
-3.9063
-3.5645
-3.3447
-3.7598
-3.5156
-3.4912
-3.9307
-3.5156
-3.7842
-3.6865
-3.5645
-4.0527
-3.1738
-3.4668
-3.9551
-3.2471
-3.6621
-6.3965
-7.1533
-9.0332
-9.3262
-10.718
-12.378
-12.964
-13.184
-13.086
-12.769
-13.403
-13.745
-13.379
-13.55
-13.916
-14.258
-13.818
-14.209
-14.282
-13.55
-13.452
-13.672
-13.916
-14.258
-14.16
-13.892
-14.014
-14.331
-13.794
-4.8096
1.3428
4.1504
6.8359
5.542
6.2988
9.1553
10.718
12.012
6.7139
5.4443
8.5449
11.084
12.5
13.232
13.135
9.9121
10.327
11.89
12.695
13.281
13.062
12.476
12.671
13.037
12.915
12.5
12.427
12.793
12.769
6.1035
1.2207
-2.124
-4.0039
-6.2256
-2.6123
-2.1484
-4.6631
-6.4941
-6.8115
-7.9346
-7.0557
-4.3457
-5.5908
-7.2998
-7.7393
-8.0566
-8.0078
-7.5439
-8.1299
-8.3984
-7.8857
-8.0566
-8.0078
-8.0322
-8.374
-7.6904
-8.0322
-8.4473
-8.3008
-6.8359
-5.1758
-4.6387
-4.126
-3.6133
-3.1738
-2.7344
-1.6602
-1.2939
-1.3672
-0.80566
-0.95215
-0.83008
-0.78125
-0.68359
-0.63477
-0.63477
-0.48828
-0.048828
0
-0.1709
-0.63477
-0.65918
-0.48828
-0.26855
-0.29297
-0.61035
-0.68359
-0.29297
0.95215
1.123
2.2949
2.9297
3.9795
4.7119
4.4189
4.9072
5.3223
5.4199
5.249
5.2002
5.3955
5.0781
5.1514
5.3711
5.3223
5.3955
5.2734
5.2002
5.2002
5.0293
5.249
5.4199
5.2979
5.249
5.3711
5.3711
5.4199
5.4932
0.61035
-1.3672
-3.9307
-7.3975
-8.4229
-5.3467
-5.8594
-9.2285
-10.449
-9.79
-10.01
-10.767
-10.986
-10.913
-10.791
-11.06
-11.401
-11.328
-11.133
-10.864
-10.938
-11.23
-11.328
-11.328
-11.304
-11.572
-10.791
-10.889
-11.426
-11.304
-9.3262
-6.9092
-5.3955
-4.6631
-4.126
-3.7842
-3.3691
-2.8809
-1.8555
-0.80566
-0.83008
-1.0254
-0.5127
-0.87891
-0.56152
-0.073242
-0.024414
-0.048828
-0.073242
-0.073242
-0.097656
-0.21973
-0.24414
-0.41504
-0.43945
-0.43945
-0.29297
0
0
0
1.3672
6.0059
7.6416
12.085
14.063
15.283
11.108
11.499
14.868
15.552
14.819
15.332
16.187
17.041
17.065
16.772
16.821
16.943
16.87
17.09
17.383
17.529
17.725
18.018
18.14
17.383
17.578
17.896
17.505
17.285
17.627
17.871
17.944
17.847
17.651
17.358
17.554
17.456
17.456
17.529
17.725
17.798
17.871
17.48
17.31
17.261
17.529
17.627
17.31
17.139
17.676
17.749
17.554
17.456
17.993
18.14
18.018
17.773
17.676
17.944
13.77
6.7139
2.417
-0.36621
-1.8311
-1.4404
0.097656
-0.097656
-2.2949
-2.2217
-3.9307
-3.54
-2.2705
-2.3193
-2.3438
-2.124
-2.7344
-3.54
-3.6133
-3.6377
-3.3936
-3.125
-3.6865
-3.7354
-3.4912
-3.5156
-3.7354
-3.6377
-3.4668
-3.6377
-2.5635
-3.7598
-5.2246
-6.3477
-7.1045
-7.8613
-8.2764
-8.4961
-8.96
-9.0332
-9.2285
-9.1064
-9.1797
-9.1797
-8.667
-8.5205
-8.7158
-8.374
-8.1787
-8.4229
-8.2275
-8.6914
-8.0078
-8.667
-8.8135
-8.8867
-9.1064
-8.667
-8.6426
-8.5938
-9.0332
-8.4473
-8.4717
-8.0811
-7.7637
-8.0322
-7.7148
-8.2275
-8.1299
-7.959
-8.2275
-8.0566
-8.4961
-8.5693
-8.5205
-8.7891
-8.667
-8.7402
-8.5449
-8.4961
-8.3252
-8.1299
-8.3496
-8.2764
-7.7637
-7.6904
-7.9834
-7.5195
-8.0811
-7.959
-2.6367
1.2939
6.3965
8.7158
8.2275
7.0801
9.0576
12.378
14.014
10.596
10.156
12.573
14.453
15.454
15.015
12.939
13.818
14.966
15.796
15.234
15.479
15.454
15.674
15.82
15.894
15.771
15.723
16.064
15.649
15.747
16.382
15.918
15.454
15.234
15.015
15.063
14.795
14.429
14.185
14.258
14.355
14.185
14.331
14.771
14.624
14.209
14.038
14.111
13.696
13.965
14.038
13.672
13.55
14.16
14.453
14.331
14.429
14.307
14.038
14.063
11.377
3.2227
-0.024414
-1.709
-1.9775
-1.3428
-3.0518
-4.6631
-2.832
-2.417
-4.1748
-5.9326
-6.3477
-5.835
-7.0068
-7.1777
-6.8359
-6.6406
-7.2021
-7.373
-7.1777
-7.3242
-7.2021
-6.8848
-6.6162
-7.0557
-7.0313
-6.3965
-6.8359
-6.8848
-4.7119
2.3193
5.4443
6.3232
7.4707
8.2275
10.156
11.011
9.9609
11.011
12.231
13.135
13.354
13.354
14.014
13.965
14.502
14.624
14.99
15.356
15.259
15.234
14.966
15.137
14.575
14.941
14.453
14.575
14.575
14.551
14.819
15.43
15.991
16.504
17.529
17.603
17.041
17.456
17.871
17.993
18.066
17.92
17.92
18.14
17.822
17.578
17.798
17.7
17.969
18.335
18.408
18.555
18.53
18.555
18.335
17.969
18.213
18.506
18.628
18.359
17.944
17.651
17.163
16.504
15.894
15.649
15.186
15.21
15.137
15.161
14.868
14.819
14.526
14.38
14.16
14.233
14.307
13.965
14.331
14.307
14.282
14.746
14.6
14.673
14.697
14.282
14.282
14.307
14.307
14.429
11.768
3.2471
-3.3447
-4.3701
-4.126
-5.5176
-8.96
-9.2285
-10.718
-6.1035
-5.7129
-8.7158
-11.353
-11.719
-11.987
-12.012
-9.9609
-10.84
-11.694
-12.207
-12.402
-12.622
-12.134
-11.938
-12.109
-12.354
-12.5
-12.28
-12.305
-12.109
-9.7168
0.1709
4.3457
8.4229
10.718
9.3994
9.1553
11.597
13.525
10.181
6.7139
9.5947
12.842
14.355
14.795
14.063
10.962
12.549
14.014
15.161
15.576
14.771
14.282
14.6
15.405
15.771
15.698
15.527
15.503
15.576
12.964
3.4912
-3.6621
-7.2754
-10.522
-11.938
-9.0088
-7.5928
-12.646
-12.354
-13.989
-13.623
-8.0811
-10.938
-13.452
-14.771
-15.576
-15.674
-15.771
-13.403
-13.525
-15.674
-15.869
-16.284
-16.675
-15.747
-15.625
-16.187
-15.43
-16.113
-16.235
-12.646
-10.864
-9.9609
-9.3262
-8.8623
-8.3496
-7.7881
-7.3242
-6.5918
-6.0547
-5.7373
-5.6396
-5.6152
-5.5908
-5.3467
-5.2002
-5.2246
-5.2002
-5.1758
-5.2002
-5.1758
-5.0537
-4.834
-5.0293
-4.6143
-4.9805
-5.1758
-5.2002
-5.0537
-5.249
-4.0039
-3.1738
-2.9053
-2.3438
-1.5625
-1.2451
-1.0254
-1.001
-0.58594
-0.61035
-0.5127
-0.46387
-0.36621
-0.39063
-0.31738
-0.26855
-0.1709
-0.097656
-0.024414
-0.024414
-0.024414
-0.073242
-0.073242
-0.14648
-0.19531
-0.19531
-0.048828
0
0
-0.024414
0
0
0
0
0
0
0
0
0
0
0
0
0
0
0
0
0
0
0
0
0
0
0
0
0
0
0
0
0
0.26855
4.6387
7.5928
11.523
14.575
16.919
14.111
13.281
15.625
17.773
18.164
16.357
17.212
18.506
18.896
19.067
19.336
19.922
19.312
19.409
19.507
19.702
19.751
20.117
20.264
20.215
19.971
19.8
19.653
19.702
18.433
7.6904
1.5381
-3.6377
-6.4697
-6.3965
-7.0557
-9.79
-9.2285
-6.4209
-9.2041
-11.816
-12.061
-14.16
-14.185
-12.158
-9.5703
-12.158
-14.429
-14.868
-15.088
-13.672
-13.647
-13.94
-14.746
-14.575
-14.551
-14.868
-14.551
-14.38
-14.429
-12.646
-11.401
-10.596
-9.9121
-9.6191
-9.4482
-8.8135
-8.3252
-8.0811
-7.5928
-7.3242
-6.9092
-6.8359
-6.3965
-5.7861
-5.542
-5.9326
-5.7861
-5.6641
-5.7129
-5.8594
-5.7861
-5.7129
-6.2744
-6.5674
-6.4941
-6.3477
-6.4697
-6.3965
-5.0293
-2.2705
-0.87891
0.073242
0.39063
0.43945
0.5127
0.85449
1.001
1.0498
0.68359
0.95215
1.0254
0.90332
0.83008
0.95215
0.78125
0.61035
1.0498
1.0986
1.0742
1.0986
0.73242
0.65918
1.0254
1.0742
1.123
1.0986
0.75684
0.87891
1.0498
0.048828
-0.63477
-0.36621
-0.19531
-0.31738
-0.39063
-0.29297
-0.21973
-0.31738
-0.31738
-0.097656
-0.12207
-0.26855
-0.31738
-0.21973
-0.1709
-0.097656
-0.097656
-0.048828
-0.048828
-0.024414
0
-0.024414
-0.048828
-0.048828
-0.073242
0
-0.024414
0
0.024414
3.1494
7.9102
10.84
14.136
15.137
12.72
14.453
16.064
15.356
14.966
16.626
17.236
17.383
17.725
18.14
18.945
19.116
18.97
19.092
18.994
19.189
19.214
19.067
19.653
19.702
19.995
19.604
19.116
19.458
19.702
16.699
14.136
12.476
11.499
11.157
10.913
10.303
9.8145
9.0576
8.2275
7.6904
7.373
6.8115
6.5918
6.5186
6.2744
6.0059
6.0059
5.8594
5.835
5.9082
5.8594
5.9082
5.835
6.0547
6.2988
6.4453
6.2988
6.3477
6.1279
0.90332
-1.1475
-2.4658
-4.8828
-5.0781
-3.418
-5.127
-7.4707
-7.3486
-7.3975
-7.5439
-9.2529
-8.8379
-9.6436
-10.278
-10.449
-10.156
-9.9121
-10.107
-10.4
-9.9854
-10.278
-9.9365
-9.8145
-9.6436
-9.8633
-9.9854
-10.498
-10.327
-10.376
-9.8633
-10.474
-10.815
-11.06
-10.913
-10.742
-11.06
-11.182
-11.133
-11.279
-11.328
-11.108
-11.035
-11.304
-11.255
-11.108
-11.255
-11.475
-11.548
-11.597
-11.743
-11.719
-11.23
-11.206
-11.279
-11.45
-11.621
-11.45
-11.45
-11.011
-11.475
-10.84
-10.352
-9.9609
-9.9365
-9.6436
-8.9111
-8.4473
-8.3984
-8.4717
-8.6182
-8.4961
-8.9111
-9.1064
-9.1553
-9.082
-9.2041
-9.082
-8.6182
-8.3252
-8.9844
-8.8379
-8.6182
-8.4717
-8.5449
-8.4229
-8.8867
-8.5449
-8.3984
-2.3682
3.7842
6.0303
8.3252
8.8623
9.9609
11.548
12.891
10.62
9.8389
11.743
13.135
13.281
14.014
15.015
15.723
15.576
15.747
16.187
15.771
15.698
15.698
15.698
16.089
16.162
16.064
16.162
16.211
16.235
16.064
8.3252
1.5381
-3.2471
-6.543
-8.3008
-4.5654
-4.9316
-10.059
-10.62
-11.646
-8.4717
-4.2725
-9.0332
-11.426
-12.5
-12.549
-12.573
-10.718
-11.011
-12.158
-12.28
-11.914
-11.548
-12.109
-12.671
-11.987
-11.841
-12.793
-13.086
-12.671
-10.962
-12.109
-14.38
-16.04
-16.553
-16.724
-18.262
-18.408
-17.48
-17.822
-18.896
-19.043
-18.823
-18.823
-19.287
-19.458
-19.214
-19.141
-19.678
-19.507
-19.653
-19.629
-19.727
-19.287
-19.214
-19.214
-18.921
-19.287
-19.336
-18.579
-16.968
-10.449
-6.0547
-3.3447
-1.6846
-1.2207
-1.5625
-0.97656
-0.41504
-0.14648
-0.073242
-0.5127
-0.63477
-0.36621
-0.21973
-0.12207
-0.024414
0.097656
0.14648
0.097656
0
0
0
0
0
0
0
0
0
0
2.124
3.54
4.9316
6.9092
8.4717
9.6191
9.7168
10.132
11.108
12.036
12.109
11.792
11.89
12.329
12.378
12.207
12.085
12.402
12.427
12.524
12.695
13.184
13.159
12.573
12.256
12.598
12.646
12.476
12.769
12.939
11.06
6.5918
4.1504
2.1973
1.8555
1.9531
1.5625
1.1719
0.68359
0.12207
0
0
0
0
0
0
0
0
0
0
0
0
0
0
0
0
0
0
0
0
0
-0.46387
-0.58594
-0.63477
-0.92773
-0.95215
-1.1475
-0.75684
-1.1963
-0.83008
-0.65918
-0.85449
-0.97656
-0.58594
-0.80566
-0.85449
-0.95215
-1.1475
-1.001
-0.63477
-1.0498
-1.1475
-1.1719
-1.2207
-0.73242
-0.24414
-0.73242
-0.95215
-0.97656
