0
-1.4648
-424.81
-637.2
-871.56
-1021
-1148.5
-1218.8
-1273
-1290.5
-1296.4
-1316.9
-1300.8
-1331.5
-1319.8
-1338.8
-1330.1
-1347.7
-1346.2
-1357.9
-1352
-1363.7
-1359.4
-1366.7
-1368.2
-1362.3
-1366.7
-1366.7
-1371.1
-1366.7
-1363.7
-1308.1
-1040
-878.88
-735.36
-643.08
-590.33
-561.04
-537.6
-515.63
-496.58
-489.26
-476.08
-470.21
-461.42
-455.57
-451.17
-443.85
-442.38
-436.52
-437.99
-429.2
-429.2
-416.02
-424.81
-426.27
-417.48
-413.09
-411.62
-401.37
-401.37
-420.41
-333.98
-295.9
-266.6
-249.02
-231.44
-218.26
-205.08
-196.29
-186.04
-177.25
-168.46
-164.06
-149.41
-130.37
-150.88
-120.12
-147.95
-139.16
-124.51
-145.02
-118.65
-150.88
-145.02
-120.12
-149.41
-118.65
-149.41
-149.41
-117.19
-106.93
21.973
127.44
210.94
235.84
235.84
247.56
279.79
253.42
253.42
257.81
282.71
256.35
257.81
253.42
282.71
260.74
256.35
259.28
285.64
263.67
263.67
265.13
275.39
265.13
266.6
262.21
271
287.11
268.07
203.62
-33.691
-219.73
-353.03
-462.89
-495.12
-512.69
-524.41
-527.35
-539.06
-536.13
-536.13
-537.6
-537.6
-541.99
-537.6
-539.06
-540.53
-541.99
-546.38
-546.38
-544.92
-541.99
-543.46
-541.99
-543.46
-541.99
-539.06
-540.53
-533.2
-524.41
-657.72
-871.56
-1056.2
-1171.9
-1239.2
-1290.5
-1308.1
-1327.1
-1337.4
-1337.4
-1349.1
-1347.7
-1357.9
-1353.5
-1362.3
-1356.4
-1365.2
-1356.4
-1366.7
-1363.7
-1366.7
-1366.7
-1366.7
-1365.2
-1368.2
-1372.6
-1365.2
-1374
-1368.2
-1368.2
-1328.6
-1290.5
-1262.7
-1233.4
-1223.2
-1207
-1193.8
-1189.4
-1176.2
-1174.8
-1168.9
-1164.5
-1163.1
-1152.8
-1147
-1149.9
-1142.6
-1154.3
-1145.5
-1145.5
-1144
-1144
-1149.9
-1141.1
-1139.6
-1144
-1136.7
-1141.1
-1141.1
-1066.4
-632.82
-291.5
-74.706
-99.612
-35.156
-4.3945
7.3242
14.648
13.184
10.254
5.8594
1.4648
1.4648
0
0
0
0
0
0
0
0
0
0
0
0
0
0
0
0
1.4648
46.875
79.104
96.678
74.706
112.79
109.87
84.96
114.26
118.65
98.142
105.47
118.65
109.87
98.142
118.65
117.19
90.822
121.58
118.65
89.358
118.65
120.12
87.888
120.12
118.65
89.358
121.58
117.19
92.286
120.12
120.12
92.286
109.87
115.72
108.4
92.286
115.72
114.26
83.496
114.26
115.72
80.568
114.26
114.26
90.822
104
112.79
109.87
86.424
114.26
114.26
79.104
115.72
112.79
86.424
108.4
112.79
105.47
89.358
86.424
-137.69
-284.18
-479
-632.82
-726.54
-750
-769.02
-793.92
-795.42
-791.04
-802.74
-801.24
-813
-805.68
-810.06
-817.38
-821.76
-817.38
-814.44
-818.82
-824.7
-818.82
-814.44
-811.5
-815.94
-817.38
-815.94
-827.64
-815.94
-785.16
-785.16
-884.76
-947.76
-977.04
-984.36
-1000.5
-1026.8
-1023.9
-1025.4
-1038.6
-1032.7
-1045.9
-1041.5
-1041.5
-1043
-1056.2
-1048.8
-1056.2
-1054.7
-1051.7
-1059.1
-1057.6
-1056.2
-1053.2
-1051.7
-1053.2
-1062
-1059.1
-1059.1
-1051.7
-755.88
-424.81
-221.19
-105.47
-46.875
-16.113
-1.4648
2.9297
10.254
11.719
7.3242
2.9297
-2.9297
-2.9297
-1.4648
0
1.4648
0
0
0
0
0
0
0
0
0
0
0
0
0
-19.043
-55.664
-117.19
-128.9
-108.4
-140.63
-140.63
-114.26
-143.56
-128.9
-136.23
-142.09
-120.12
-143.56
-143.56
-120.12
-142.09
-118.65
-143.56
-142.09
-112.79
-142.09
-128.9
-128.9
-143.56
-114.26
-146.48
-145.02
-115.72
-149.41
-323.73
-591.8
-827.64
-999
-1079.6
-1139.6
-1168.9
-1177.7
-1192.4
-1198.3
-1201.2
-1204.1
-1202.6
-1217.3
-1214.3
-1220.2
-1220.2
-1220.2
-1217.3
-1210
-1215.8
-1220.2
-1212.9
-1224.6
-1223.2
-1226.1
-1227.5
-1227.5
-1233.4
-1226.1
-1221.7
-1207
-1190.9
-1189.4
-1177.7
-1173.4
-1164.5
-1160.2
-1163.1
-1157.2
-1160.2
-1148.5
-1149.9
-1157.2
-1148.5
-1152.8
-1149.9
-1148.5
-1148.5
-1145.5
-1133.8
-1145.5
-1136.7
-1142.6
-1145.5
-1133.8
-1141.1
-1136.7
-1138.2
-1135.3
-446.78
60.06
388.18
625.5
846.66
952.14
1021
1066.4
1086.9
1101.5
1111.8
1107.4
1117.7
1127.9
1129.4
1145.5
1141.1
1154.3
1149.9
1149.9
1151.3
1152.8
1160.2
1157.2
1157.2
1154.3
1151.3
1163.1
1158.7
1160.2
675.3
158.2
-60.06
-166.99
-332.52
-426.27
-449.71
-481.93
-486.33
-490.72
-500.98
-503.9
-495.12
-508.3
-506.84
-509.77
-514.16
-505.37
-511.23
-511.23
-502.44
-512.69
-506.84
-505.37
-506.84
-505.37
-512.69
-512.69
-515.63
-500.98
-221.19
35.156
186.04
276.86
325.19
353.03
363.28
375
370.61
375
385.25
380.86
379.39
366.21
383.79
379.39
392.58
389.65
392.58
396.97
395.51
399.9
392.58
389.65
391.12
379.39
379.39
380.86
380.86
369.14
388.18
417.48
430.66
443.85
432.13
462.89
461.42
459.96
464.36
467.29
479
476.08
483.4
481.93
468.75
479
481.93
474.61
470.21
474.61
470.21
454.1
471.68
468.75
462.89
458.5
465.82
467.29
458.5
473.14
164.06
-43.945
-231.44
-331.06
-396.97
-421.88
-433.6
-440.92
-451.17
-449.71
-454.1
-454.1
-452.63
-454.1
-458.5
-458.5
-457.03
-458.5
-457.03
-459.96
-458.5
-459.96
-462.89
-457.03
-457.03
-452.63
-455.57
-457.03
-455.57
-399.9
-597.65
-744.12
-801.24
-833.52
-843.78
-856.92
-865.74
-870.12
-871.56
-870.12
-874.5
-870.12
-876
-883.32
-877.44
-881.82
-884.76
-884.76
-876
-887.7
-887.7
-878.88
-881.82
-876
-873.06
-873.06
-877.44
-881.82
-880.38
-688.5
-440.92
-282.71
-218.26
-159.67
-142.09
-125.98
-109.87
-101.08
-89.358
-80.568
-68.85
-57.129
-54.199
-48.34
-41.015
-36.621
-35.156
-35.156
-29.297
-16.113
-23.438
-32.227
-32.227
-30.762
-33.691
-32.227
-33.691
-32.227
-30.762
46.875
229.98
376.46
454.1
511.23
527.35
547.85
544.92
556.64
561.04
566.89
562.5
566.89
556.64
559.57
558.11
562.5
558.11
559.57
552.25
563.96
555.17
565.43
555.17
563.96
563.96
568.36
563.96
569.83
562.5
561.04
544.92
530.27
515.63
500.98
492.19
486.33
481.93
477.54
468.75
461.42
457.03
458.5
462.89
458.5
465.82
464.36
462.89
461.42
459.96
458.5
457.03
455.57
457.03
451.17
452.63
455.57
455.57
455.57
455.57
395.51
571.29
654.78
732.42
752.94
763.2
771.96
771.96
771.96
767.58
773.46
767.58
779.28
777.84
786.6
792.48
791.04
793.92
796.86
786.6
783.72
791.04
789.54
785.16
788.1
791.04
792.48
786.6
791.04
799.8
461.42
1.4648
-171.38
-322.27
-502.44
-615.24
-638.7
-650.4
-673.8
-672.36
-687
-691.38
-687
-676.74
-685.56
-691.38
-701.64
-701.64
-701.64
-713.4
-706.08
-708.96
-695.82
-700.2
-707.52
-704.58
-717.78
-700.2
-695.82
-703.14
-547.85
-307.62
-178.71
-123.05
-76.17
-71.778
-60.06
-51.269
-38.086
-30.762
-23.438
-17.578
-10.254
-1.4648
2.9297
5.8594
2.9297
0
0
0
0
0
0
0
0
0
0
0
0
0
65.916
445.31
634.26
829.08
947.76
1019.5
1047.4
1064.9
1075.2
1089.8
1092.8
1106
1114.7
1106
1125
1117.7
1120.6
1127.9
1123.6
1125
1135.3
1135.3
1129.4
1125
1127.9
1127.9
1130.9
1133.8
1123.6
1122.1
1010.8
777.84
647.46
559.57
506.84
473.14
448.24
427.73
416.02
402.83
395.51
383.79
380.86
375
366.21
366.21
360.35
357.42
360.35
347.17
344.24
342.77
328.13
326.66
323.73
331.06
325.19
320.8
319.34
319.34
323.73
377.93
413.09
411.62
445.31
449.71
458.5
442.38
468.75
471.68
470.21
477.54
483.4
480.47
480.47
477.54
473.14
464.36
477.54
465.82
462.89
461.42
470.21
467.29
459.96
464.36
474.61
458.5
464.36
479
383.79
212.4
153.81
106.93
79.104
64.452
54.199
43.945
38.086
27.832
23.438
16.113
7.3242
5.8594
1.4648
0
0
-1.4648
0
0
0
0
0
0
0
0
0
0
0
0
-38.086
-152.35
-310.55
-464.36
-512.69
-555.17
-555.17
-571.29
-571.29
-577.15
-584.47
-581.54
-591.8
-583.01
-594.73
-593.26
-594.73
-599.12
-597.65
-606.42
-604.98
-591.8
-600.6
-596.19
-596.19
-600.6
-597.65
-599.12
-594.73
-599.12
-345.7
215.33
388.18
634.26
821.76
922.86
982.92
1022.5
1035.7
1053.2
1053.2
1056.2
1060.6
1063.5
1062
1073.8
1073.8
1070.8
1069.3
1070.8
1073.8
1078.1
1070.8
1076.6
1069.3
1079.6
1079.6
1070.8
1078.1
1079.6
811.5
254.88
-19.043
-210.94
-383.79
-503.9
-603.54
-618.18
-635.76
-638.7
-651.84
-654.78
-659.16
-665.04
-663.6
-673.8
-675.3
-670.92
-666.48
-667.98
-675.3
-685.56
-666.48
-681.18
-685.56
-676.74
-676.74
-675.3
-679.68
-689.94
-644.52
-574.22
-530.27
-499.51
-477.54
-461.42
-443.85
-429.2
-423.34
-414.55
-411.62
-404.3
-399.9
-398.44
-391.12
-380.86
-377.93
-376.46
-364.75
-363.28
-360.35
-360.35
-354.49
-355.96
-358.88
-361.82
-360.35
-360.35
-355.96
-360.35
-300.29
-386.72
-527.35
-675.3
-711.9
-739.74
-755.88
-769.02
-774.9
-776.34
-780.78
-780.78
-785.16
-788.1
-796.86
-796.86
-793.92
-799.8
-802.74
-801.24
-796.86
-799.8
-804.18
-802.74
-799.8
-802.74
-804.18
-801.24
-799.8
-802.74
-719.22
-512.69
-382.33
-306.15
-256.35
-229.98
-213.87
-197.75
-184.57
-171.38
-164.06
-153.81
-143.56
-137.69
-115.72
-111.33
-121.58
-106.93
-99.612
-115.72
-112.79
-84.96
-114.26
-115.72
-84.96
-114.26
-114.26
-92.286
-108.4
-115.72
-105.47
-435.06
-593.26
-776.34
-916.98
-984.36
-1018.1
-1029.8
-1044.4
-1032.7
-1051.7
-1054.7
-1059.1
-1070.8
-1062
-1069.3
-1078.1
-1069.3
-1073.8
-1079.6
-1070.8
-1069.3
-1075.2
-1075.2
-1084
-1084
-1078.1
-1082.5
-1078.1
-1081.1
-905.28
-452.63
-32.227
43.945
130.37
222.65
238.77
265.13
273.92
279.79
281.25
282.71
282.71
282.71
282.71
284.18
284.18
282.71
282.71
287.11
285.64
285.64
285.64
284.18
287.11
285.64
288.58
288.58
290.04
290.04
290.04
373.54
591.8
738.3
805.68
856.92
874.5
881.82
890.64
896.46
895.02
903.78
908.22
906.72
911.16
912.6
905.28
909.66
912.6
912.6
908.22
906.72
914.04
906.72
914.04
916.98
911.16
911.16
909.66
912.6
873.06
703.14
571.29
503.9
459.96
427.73
414.55
395.51
383.79
375
364.75
358.88
348.63
339.85
326.66
323.73
326.66
320.8
314.94
316.4
314.94
306.15
312.01
307.62
303.22
304.69
304.69
306.15
313.48
309.08
206.54
-227.05
-558.11
-774.9
-943.38
-1097.2
-1179.2
-1223.2
-1261.3
-1267.1
-1296.4
-1293.5
-1297.9
-1299.3
-1316.9
-1319.8
-1322.8
-1330.1
-1330.1
-1328.6
-1334.5
-1334.5
-1325.7
-1328.6
-1334.5
-1338.8
-1336
-1327.1
-1340.3
-1334.5
-1333
-1283.2
-1246.6
-1218.8
-1186.5
-1171.9
-1154.3
-1138.2
-1133.8
-1119.1
-1116.2
-1111.8
-1104.5
-1108.9
-1101.5
-1100.1
-1101.5
-1097.2
-1089.8
-1098.7
-1089.8
-1089.8
-1095.7
-1082.5
-1089.8
-1086.9
-1085.5
-1089.8
-1086.9
-1081.1
-1044.4
-821.76
-669.42
-565.43
-521.48
-480.47
-452.63
-436.52
-420.41
-407.23
-399.9
-386.72
-382.33
-372.07
-366.21
-364.75
-355.96
-351.56
-342.77
-332.52
-328.13
-326.66
-323.73
-323.73
-320.8
-325.19
-333.98
-322.27
-319.34
-325.19
-194.83
1.4648
228.52
426.27
536.13
600.6
616.68
638.7
656.28
651.84
669.42
669.42
675.3
676.74
679.68
673.8
670.92
675.3
675.3
676.74
670.92
676.74
673.8
678.24
675.3
676.74
685.56
687
684.06
684.06
572.75
183.11
-7.3242
-186.04
-294.43
-376.46
-418.94
-443.85
-449.71
-442.38
-451.17
-465.82
-471.68
-451.17
-473.14
-468.75
-458.5
-461.42
-464.36
-465.82
-461.42
-468.75
-471.68
-458.5
-467.29
-477.54
-467.29
-474.61
-479
-470.21
-451.17
-480.47
-499.51
-490.72
-512.69
-505.37
-522.95
-517.09
-518.56
-530.27
-525.88
-531.74
-525.88
-534.67
-528.81
-540.53
-537.6
-533.2
-528.81
-528.81
-541.99
-531.74
-536.13
-528.81
-528.81
-520.02
-530.27
-528.81
-527.35
-533.2
-467.29
26.367
487.79
688.5
953.64
1060.6
1132.3
1190.9
1207
1229
1234.9
1249.5
1258.3
1259.8
1268.6
1265.6
1275.9
1273
1275.9
1275.9
1274.4
1281.7
1273
1281.7
1280.3
1286.2
1280.3
1275.9
1283.2
1277.3
1261.3
1120.6
975.6
897.96
836.4
793.92
769.02
751.44
730.98
714.84
706.08
700.2
689.94
681.18
681.18
678.24
682.62
670.92
667.98
669.42
662.1
662.1
657.72
657.72
657.72
656.28
656.28
653.34
650.4
659.16
602.04
659.16
840.84
938.94
988.74
1032.7
1050.3
1056.2
1067.9
1079.6
1076.6
1091.3
1085.5
1088.4
1095.7
1095.7
1095.7
1100.1
1100.1
1097.2
1106
1103
1107.4
1104.5
1108.9
1108.9
1097.2
1106
1110.4
1110.4
1114.7
1108.9
1101.5
1104.5
1100.1
1092.8
1095.7
1088.4
1092.8
1086.9
1081.1
1084
1084
1073.8
1084
1079.6
1073.8
1081.1
1081.1
1075.2
1079.6
1076.6
1079.6
1076.6
1073.8
1072.3
1081.1
1084
1079.6
1073.8
1016.6
590.33
240.23
90.822
-1.4648
-60.06
-86.424
-99.612
-77.634
-109.87
-112.79
-84.96
-115.72
-115.72
-93.75
-108.4
-115.72
-108.4
-93.75
-117.19
-115.72
-87.888
-115.72
-115.72
-84.96
-115.72
-114.26
-102.54
-111.33
-115.72
-99.612
-112.79
-273.92
-338.38
-366.21
-382.33
-391.12
-394.04
-395.51
-396.97
-398.44
-402.83
-402.83
-405.76
-404.3
-399.9
-399.9
-398.44
-398.44
-398.44
-401.37
-399.9
-398.44
-396.97
-396.97
-398.44
-399.9
-398.44
-399.9
-401.37
-366.21
-361.82
-515.63
-585.94
-619.62
-632.82
-637.2
-644.52
-647.46
-651.84
-650.4
-650.4
-656.28
-657.72
-656.28
-654.78
-656.28
-660.66
-662.1
-660.66
-659.16
-663.6
-665.04
-662.1
-659.16
-659.16
-662.1
-663.6
-659.16
-657.72
-659.16
-648.9
-629.88
-612.3
-602.04
-593.26
-585.94
-583.01
-571.29
-565.43
-562.5
-562.5
-558.11
-553.71
-549.32
-550.78
-550.78
-550.78
-544.92
-549.32
-543.46
-544.92
-549.32
-546.38
-544.92
-547.85
-546.38
-543.46
-547.85
-541.99
-543.46
-539.06
-536.13
-533.2
-531.74
-527.35
-522.95
-520.02
-524.41
-524.41
-521.48
-518.56
-517.09
-518.56
-518.56
-518.56
-517.09
-512.69
-514.16
-514.16
-517.09
-517.09
-514.16
-512.69
-514.16
-514.16
-517.09
-518.56
-517.09
-512.69
-512.69
-530.27
-559.57
-575.68
-578.62
-580.08
-575.68
-593.26
-585.94
-588.87
-588.87
-593.26
-597.65
-596.19
-590.33
-596.19
-591.8
-596.19
-588.87
-584.47
-588.87
-584.47
-591.8
-584.47
-581.54
-585.94
-583.01
-593.26
-581.54
-590.33
-587.4
-575.68
-591.8
-588.87
-596.19
-604.98
-607.92
-613.74
-624
-607.92
-609.36
-619.62
-615.24
-609.36
-621.12
-610.86
-606.42
-619.62
-618.18
-612.3
-618.18
-618.18
-619.62
-612.3
-624
-609.36
-619.62
-618.18
-618.18
-612.3
-625.5
-492.19
-380.86
-323.73
-279.79
-256.35
-241.7
-229.98
-216.8
-208.01
-199.22
-188.96
-183.11
-177.25
-172.85
-164.06
-142.09
-155.27
-124.51
-150.88
-145.02
-125.98
-147.95
-118.65
-149.41
-143.56
-120.12
-143.56
-115.72
-143.56
-143.56
-84.96
-244.63
-307.62
-341.31
-360.35
-358.88
-373.54
-372.07
-369.14
-373.54
-375
-372.07
-373.54
-377.93
-373.54
-385.25
-392.58
-382.33
-380.86
-386.72
-385.25
-383.79
-395.51
-383.79
-380.86
-383.79
-380.86
-379.39
-380.86
-389.65
-637.2
-881.82
-1000.5
-1108.9
-1141.1
-1171.9
-1183.6
-1190.9
-1205.6
-1212.9
-1230.5
-1227.5
-1237.8
-1237.8
-1227.5
-1246.6
-1239.2
-1246.6
-1242.2
-1245.1
-1248.1
-1252.4
-1258.3
-1248.1
-1249.5
-1252.4
-1253.9
-1256.8
-1256.8
-830.58
-420.41
-58.594
17.578
105.47
178.71
200.68
215.33
219.73
224.12
227.05
219.73
225.59
219.73
221.19
228.52
219.73
222.65
219.73
210.94
229.98
213.87
219.73
219.73
213.87
225.59
213.87
216.8
225.59
215.33
171.38
82.032
35.156
11.719
4.3945
0
0
-1.4648
0
0
0
0
0
0
0
0
0
0
0
0
0
0
0
0
0
0
0
0
0
0
-114.26
-290.04
-512.69
-637.2
-722.16
-750
-764.64
-776.34
-785.16
-786.6
-789.54
-793.92
-796.86
-795.42
-795.42
-798.36
-801.24
-798.36
-799.8
-802.74
-804.18
-795.42
-799.8
-804.18
-796.86
-793.92
-798.36
-801.24
-795.42
-799.8
-534.67
-139.16
-87.888
16.113
67.38
90.822
98.142
79.104
111.33
112.79
82.032
115.72
112.79
89.358
108.4
112.79
105.47
90.822
114.26
111.33
82.032
114.26
111.33
83.496
112.79
111.33
114.26
114.26
115.72
111.33
2.9297
-104
-213.87
-350.1
-398.44
-407.23
-421.88
-426.27
-421.88
-423.34
-432.13
-437.99
-439.45
-426.27
-437.99
-442.38
-439.45
-443.85
-427.73
-436.52
-436.52
-436.52
-435.06
-427.73
-440.92
-442.38
-439.45
-439.45
-445.31
-448.24
-253.42
87.888
225.59
375
471.68
518.56
537.6
549.32
553.71
559.57
561.04
558.11
558.11
558.11
565.43
561.04
565.43
568.36
571.29
571.29
569.83
569.83
571.29
566.89
568.36
568.36
563.96
559.57
562.5
558.11
301.76
-209.47
-329.59
-581.54
-730.98
-853.98
-899.4
-936.06
-952.14
-959.46
-974.1
-975.6
-982.92
-982.92
-993.18
-993.18
-993.18
-999
-996.12
-999
-1000.5
-994.62
-999
-1004.9
-997.56
-1001.9
-1004.9
-997.56
-1003.4
-1000.5
-619.62
-26.367
278.32
521.48
758.76
870.12
949.2
997.56
1028.3
1047.4
1060.6
1062
1066.4
1073.8
1069.3
1075.2
1075.2
1070.8
1078.1
1076.6
1078.1
1078.1
1078.1
1072.3
1079.6
1069.3
1079.6
1078.1
1076.6
1072.3
682.62
108.4
-291.5
-481.93
-758.76
-853.98
-962.4
-1022.5
-1032.7
-1054.7
-1059.1
-1063.5
-1081.1
-1081.1
-1082.5
-1094.2
-1091.3
-1094.2
-1103
-1100.1
-1106
-1101.5
-1103
-1111.8
-1104.5
-1100.1
-1107.4
-1103
-1106
-1108.9
-1086.9
-1031.3
-985.86
-952.14
-933.12
-912.6
-892.08
-883.32
-876
-864.24
-859.86
-856.92
-851.1
-845.22
-848.16
-846.66
-839.34
-834.96
-842.28
-840.84
-836.4
-837.9
-837.9
-832.02
-830.58
-836.4
-836.4
-832.02
-832.02
-834.96
-761.7
-870.12
-1026.8
-1108.9
-1138.2
-1167.5
-1183.6
-1192.4
-1201.2
-1202.6
-1211.4
-1208.5
-1214.3
-1211.4
-1212.9
-1220.2
-1218.8
-1214.3
-1217.3
-1210
-1218.8
-1211.4
-1223.2
-1224.6
-1218.8
-1227.5
-1226.1
-1223.2
-1212.9
-1215.8
-887.7
-191.89
288.58
550.78
769.02
937.5
1043
1101.5
1123.6
1148.5
1158.7
1170.4
1168.9
1185.1
1196.8
1198.3
1204.1
1205.6
1204.1
1207
1208.5
1190.9
1210
1207
1210
1192.4
1208.5
1207
1208.5
1220.2
1122.1
707.52
394.04
202.15
95.214
41.015
16.113
2.9297
-1.4648
-8.7888
-5.8594
-1.4648
1.4648
2.9297
0
0
-1.4648
0
0
0
0
0
0
0
0
0
0
0
0
0
-55.664
-134.77
-367.67
-484.87
-536.13
-559.57
-575.68
-585.94
-584.47
-588.87
-590.33
-585.94
-593.26
-593.26
-591.8
-588.87
-587.4
-596.19
-590.33
-594.73
-585.94
-590.33
-593.26
-587.4
-597.65
-593.26
-594.73
-596.19
-596.19
-591.8
-543.46
-629.88
-707.52
-748.56
-770.52
-774.9
-783.72
-789.54
-792.48
-807.12
-808.62
-815.94
-807.12
-815.94
-811.5
-813
-818.82
-820.32
-808.62
-817.38
-818.82
-823.26
-821.76
-821.76
-826.2
-823.26
-820.32
-824.7
-823.26
-823.26
-602.04
8.7888
396.97
632.82
867.18
1009.3
1108.9
1173.4
1188
1188
1224.6
1226.1
1234.9
1237.8
1255.4
1248.1
1253.9
1267.1
1252.4
1265.6
1265.6
1273
1267.1
1267.1
1273
1259.8
1277.3
1268.6
1280.3
1283.2
1078.1
449.71
39.551
-143.56
-398.44
-521.48
-603.54
-634.26
-656.28
-666.48
-667.98
-672.36
-675.3
-681.18
-675.3
-679.68
-679.68
-687
-684.06
-681.18
-685.56
-685.56
-689.94
-687
-682.62
-688.5
-688.5
-684.06
-685.56
-685.56
-473.14
68.85
440.92
691.38
893.58
1028.3
1098.7
1135.3
1170.4
1179.2
1195.3
1193.8
1212.9
1214.3
1215.8
1234.9
1234.9
1233.4
1234.9
1233.4
1246.6
1243.7
1253.9
1251
1248.1
1246.6
1245.1
1248.1
1245.1
1245.1
1195.3
792.48
449.71
234.38
115.72
51.269
19.043
7.3242
0
0
-4.3945
-1.4648
-1.4648
0
0
0
0
0
0
0
0
0
0
0
0
0
0
0
0
0
2.9297
58.594
73.242
87.888
106.93
108.4
98.142
114.26
111.33
101.08
112.79
115.72
109.87
98.142
115.72
111.33
90.822
114.26
112.79
83.496
114.26
114.26
93.75
101.08
114.26
109.87
84.96
115.72
115.72
83.496
143.56
281.25
471.68
700.2
785.16
840.84
864.24
880.38
892.08
890.64
889.14
897.96
900.9
895.02
892.08
909.66
896.46
902.34
908.22
902.34
903.78
902.34
909.66
905.28
914.04
909.66
912.6
906.72
914.04
911.16
873.06
949.2
1010.8
1057.6
1089.8
1098.7
1113.3
1123.6
1120.6
1144
1138.2
1141.1
1152.8
1142.6
1151.3
1154.3
1149.9
1163.1
1161.6
1154.3
1151.3
1151.3
1164.5
1157.2
1160.2
1161.6
1160.2
1161.6
1160.2
1158.7
1064.9
581.54
216.8
87.888
17.578
-45.41
-68.85
-73.242
-82.032
-68.85
-84.96
-86.424
-87.888
-77.634
-74.706
-89.358
-86.424
-89.358
-68.85
-87.888
-89.358
-86.424
-89.358
-87.888
-90.822
-86.424
-60.06
-86.424
-89.358
-87.888
-93.75
-386.72
-508.3
-733.86
-931.62
-1003.4
-1054.7
-1097.2
-1103
-1114.7
-1126.4
-1130.9
-1149.9
-1149.9
-1157.2
-1163.1
-1160.2
-1164.5
-1164.5
-1163.1
-1166
-1157.2
-1166
-1168.9
-1160.2
-1167.5
-1164.5
-1157.2
-1170.4
-1164.5
-1167.5
-1158.7
-1166
-1168.9
-1171.9
-1185.1
-1190.9
-1188
-1196.8
-1192.4
-1201.2
-1195.3
-1192.4
-1201.2
-1190.9
-1198.3
-1193.8
-1192.4
-1204.1
-1188
-1192.4
-1196.8
-1192.4
-1201.2
-1190.9
-1202.6
-1202.6
-1198.3
-1202.6
-1198.3
-1202.6
-1188
-1170.4
-1166
-1148.5
-1151.3
-1142.6
-1135.3
-1138.2
-1123.6
-1127.9
-1129.4
-1122.1
-1123.6
-1123.6
-1117.7
-1119.1
-1116.2
-1117.7
-1119.1
-1110.4
-1120.6
-1114.7
-1108.9
-1119.1
-1114.7
-1110.4
-1113.3
-1107.4
-1110.4
-1043
-590.33
-247.56
-131.84
0
7.3242
26.367
51.269
54.199
54.199
58.594
57.129
38.086
45.41
60.06
57.129
58.594
58.594
51.269
33.691
58.594
58.594
57.129
58.594
58.594
58.594
57.129
58.594
55.664
57.129
57.129
48.34
41.015
32.227
24.902
16.113
11.719
7.3242
1.4648
0
0
0
0
0
0
0
0
0
0
0
0
0
0
0
0
0
0
0
0
0
2.9297
125.98
188.96
272.46
314.94
331.06
335.45
331.06
336.91
338.38
338.38
342.77
344.24
348.63
354.49
353.03
353.03
350.1
351.56
348.63
348.63
361.82
367.67
360.35
353.03
342.77
345.7
339.85
344.24
345.7
347.17
319.34
583.01
703.14
764.64
795.42
815.94
834.96
840.84
853.98
865.74
867.18
868.68
868.68
874.5
870.12
874.5
876
881.82
881.82
883.32
886.26
884.76
881.82
884.76
884.76
881.82
881.82
886.26
883.32
821.76
437.99
84.96
-11.719
-139.16
-181.64
-249.02
-235.84
-244.63
-279.79
-254.88
-257.81
-251.95
-281.25
-259.28
-259.28
-253.42
-276.86
-265.13
-254.88
-257.81
-271
-272.46
-260.74
-259.28
-263.67
-282.71
-262.21
-256.35
-259.28
-249.02
-424.81
-631.32
-880.38
-1044.4
-1152.8
-1214.3
-1249.5
-1267.1
-1265.6
-1281.7
-1296.4
-1289
-1300.8
-1294.9
-1316.9
-1308.1
-1327.1
-1316.9
-1321.3
-1325.7
-1322.8
-1327.1
-1337.4
-1333
-1319.8
-1336
-1322.8
-1336
-1322.8
-1321.3
-618.18
-24.902
313.48
537.6
769.02
870.12
943.38
988.74
999
1013.7
1043
1034.2
1047.4
1045.9
1059.1
1060.6
1062
1056.2
1073.8
1072.3
1069.3
1070.8
1078.1
1073.8
1084
1079.6
1078.1
1079.6
1082.5
1054.7
572.75
150.88
-136.23
-190.43
-376.46
-446.78
-476.08
-490.72
-493.65
-500.98
-509.77
-511.23
-509.77
-508.3
-508.3
-506.84
-514.16
-514.16
-514.16
-512.69
-512.69
-515.63
-517.09
-518.56
-517.09
-514.16
-514.16
-515.63
-515.63
-517.09
-484.87
-445.31
-421.88
-407.23
-391.12
-376.46
-366.21
-354.49
-347.17
-341.31
-335.45
-331.06
-329.59
-323.73
-322.27
-319.34
-322.27
-317.87
-319.34
-319.34
-317.87
-319.34
-317.87
-314.94
-314.94
-314.94
-313.48
-312.01
-313.48
-309.08
89.358
423.34
689.94
897.96
1031.3
1070.8
1117.7
1129.4
1158.7
1171.9
1180.7
1192.4
1199.7
1204.1
1205.6
1208.5
1211.4
1207
1218.8
1214.3
1214.3
1223.2
1217.3
1224.6
1221.7
1221.7
1223.2
1221.7
1229
1221.7
922.86
646.02
474.61
350.1
279.79
244.63
218.26
206.54
194.83
180.17
172.85
165.53
152.35
147.95
140.63
133.3
128.9
125.98
121.58
121.58
121.58
120.12
118.65
118.65
117.19
118.65
117.19
115.72
118.65
118.65
114.26
234.38
254.88
273.92
292.97
309.08
294.43
294.43
297.37
295.9
306.15
304.69
303.22
304.69
301.76
307.62
307.62
309.08
306.15
306.15
309.08
306.15
313.48
312.01
313.48
312.01
309.08
313.48
313.48
-11.719
-301.76
-555.17
-717.78
-900.9
-956.52
-991.68
-1015.1
-1019.5
-1031.3
-1041.5
-1038.6
-1044.4
-1044.4
-1047.4
-1048.8
-1054.7
-1051.7
-1053.2
-1054.7
-1044.4
-1051.7
-1053.2
-1054.7
-1063.5
-1054.7
-1060.6
-1063.5
-1051.7
-1060.6
-988.74
-867.18
-802.74
-757.32
-726.54
-698.76
-682.62
-667.98
-657.72
-646.02
-637.2
-625.5
-625.5
-622.56
-613.74
-606.42
-606.42
-604.98
-602.04
-602.04
-591.8
-596.19
-597.65
-593.26
-597.65
-590.33
-596.19
-594.73
-588.87
-590.33
-500.98
-401.37
-347.17
-306.15
-284.18
-265.13
-249.02
-237.31
-227.05
-216.8
-208.01
-200.68
-194.83
-175.78
-184.57
-149.41
-177.25
-142.09
-177.25
-147.95
-168.46
-164.06
-153.81
-172.85
-143.56
-174.32
-142.09
-172.85
-147.95
-174.32
-238.77
-445.31
-694.32
-871.56
-990.24
-1067.9
-1108.9
-1130.9
-1132.3
-1147
-1158.7
-1148.5
-1173.4
-1174.8
-1179.2
-1180.7
-1177.7
-1186.5
-1185.1
-1186.5
-1189.4
-1185.1
-1193.8
-1192.4
-1198.3
-1198.3
-1192.4
-1199.7
-1196.8
-1199.7
-823.26
-345.7
-14.648
178.71
282.71
350.1
386.72
404.3
398.44
429.2
429.2
435.06
435.06
426.27
436.52
440.92
440.92
433.6
413.09
442.38
437.99
427.73
440.92
420.41
436.52
435.06
442.38
443.85
440.92
448.24
231.44
-159.67
-470.21
-629.88
-776.34
-880.38
-916.98
-962.4
-962.4
-972.66
-997.56
-985.86
-994.62
-1007.8
-994.62
-1013.7
-1016.6
-1010.8
-1016.6
-1021
-1013.7
-1022.5
-1021
-1016.6
-1019.5
-1019.5
-1013.7
-1023.9
-1025.4
-1018.1
-955.08
-1059.1
-1148.5
-1214.3
-1245.1
-1262.7
-1271.5
-1286.2
-1292
-1302.2
-1316.9
-1308.1
-1312.5
-1306.6
-1312.5
-1322.8
-1318.4
-1318.4
-1313.9
-1324.2
-1311.1
-1328.6
-1328.6
-1343.3
-1328.6
-1334.5
-1331.5
-1331.5
-1341.8
-1330.1
-1321.3
-1265.6
-1234.9
-1205.6
-1180.7
-1167.5
-1144
-1136.7
-1127.9
-1117.7
-1119.1
-1106
-1106
-1103
-1092.8
-1100.1
-1100.1
-1092.8
-1098.7
-1097.2
-1088.4
-1092.8
-1079.6
-1079.6
-1088.4
-1082.5
-1089.8
-1091.3
-1084
-1085.5
-714.84
-186.04
95.214
386.72
524.41
653.34
706.08
723.66
730.98
745.62
757.32
758.76
770.52
776.34
777.84
774.9
780.78
791.04
780.78
792.48
791.04
785.16
786.6
795.42
795.42
791.04
789.54
789.54
788.1
785.16
722.16
547.85
417.48
351.56
309.08
282.71
265.13
249.02
237.31
229.98
215.33
208.01
200.68
196.29
186.04
178.71
177.25
174.32
172.85
150.88
171.38
145.02
171.38
147.95
169.92
161.13
159.67
169.92
149.41
171.38
136.23
250.49
405.76
455.57
468.75
490.72
508.3
495.12
515.63
515.63
521.48
521.48
520.02
531.74
517.09
531.74
511.23
527.35
524.41
517.09
527.35
518.56
525.88
522.95
528.81
533.2
533.2
534.67
525.88
530.27
358.88
52.735
-149.41
-253.42
-369.14
-423.34
-440.92
-457.03
-461.42
-468.75
-459.96
-473.14
-471.68
-473.14
-474.61
-476.08
-481.93
-468.75
-481.93
-481.93
-461.42
-471.68
-473.14
-468.75
-471.68
-471.68
-476.08
-457.03
-468.75
-470.21
-380.86
-509.77
-698.76
-820.32
-878.88
-893.58
-915.54
-916.98
-934.56
-938.94
-950.7
-938.94
-949.2
-960.96
-952.14
-965.34
-966.78
-965.34
-963.84
-966.78
-962.4
-963.84
-968.28
-960.96
-962.4
-971.22
-962.4
-963.84
-968.28
-965.34
-903.78
-568.36
-375
-240.23
-200.68
-159.67
-137.69
-118.65
-108.4
-98.142
-86.424
-76.17
-68.85
-51.269
-30.762
-42.481
-41.015
-36.621
-32.227
-33.691
-30.762
-33.691
-32.227
-29.297
-14.648
-21.973
-33.691
-30.762
-30.762
-32.227
-14.648
93.75
190.43
278.32
284.18
304.69
316.4
323.73
328.13
332.52
342.77
332.52
338.38
332.52
335.45
335.45
339.85
342.77
341.31
338.38
333.98
338.38
331.06
329.59
328.13
332.52
331.06
328.13
328.13
326.66
303.22
578.62
785.16
960.96
1081.1
1155.8
1199.7
1224.6
1239.2
1245.1
1258.3
1256.8
1262.7
1259.8
1253.9
1258.3
1259.8
1273
1267.1
1278.8
1261.3
1271.5
1274.4
1261.3
1275.9
1270
1271.5
1271.5
1271.5
1278.8
1127.9
533.2
106.93
-140.63
-276.86
-452.63
-531.74
-591.8
-585.94
-607.92
-621.12
-615.24
-621.12
-628.44
-647.46
-625.5
-631.32
-640.14
-643.08
-640.14
-638.7
-651.84
-648.9
-648.9
-646.02
-647.46
-653.34
-651.84
-647.46
-643.08
-638.7
-539.06
-474.61
-433.6
-401.37
-385.25
-366.21
-357.42
-342.77
-335.45
-328.13
-320.8
-316.4
-309.08
-304.69
-300.29
-298.83
-285.64
-297.37
-276.86
-269.53
-260.74
-273.92
-275.39
-265.13
-263.67
-259.28
-287.11
-263.67
-265.13
-203.62
-272.46
-373.54
-421.88
-440.92
-457.03
-446.78
-471.68
-468.75
-467.29
-470.21
-480.47
-479
-479
-483.4
-479
-467.29
-483.4
-481.93
-483.4
-480.47
-476.08
-479
-479
-483.4
-486.33
-486.33
-484.87
-484.87
-484.87
-391.12
-477.54
-657.72
-747.06
-791.04
-813
-832.02
-832.02
-839.34
-845.22
-845.22
-845.22
-849.6
-848.16
-845.22
-852.54
-856.92
-848.16
-851.1
-853.98
-858.42
-846.66
-849.6
-853.98
-848.16
-851.1
-853.98
-846.66
-846.66
-848.16
-744.12
-162.6
168.46
389.65
659.16
793.92
865.74
922.86
941.88
952.14
963.84
963.84
968.28
977.04
977.04
977.04
987.3
978.54
977.04
988.74
984.36
982.92
990.24
982.92
985.86
994.62
988.74
987.3
990.24
991.68
941.88
609.36
373.54
203.62
153.81
102.54
74.706
60.06
46.875
36.621
26.367
14.648
13.184
7.3242
0
-1.4648
-4.3945
0
1.4648
1.4648
0
0
-1.4648
0
0
0
0
0
0
0
0
208.01
414.55
657.72
801.24
865.74
903.78
928.74
944.82
941.88
946.26
962.4
960.96
977.04
975.6
971.22
985.86
979.98
982.92
985.86
978.54
979.98
988.74
987.3
984.36
997.56
987.3
990.24
993.18
990.24
956.52
333.98
-117.19
-395.51
-593.26
-755.88
-873.06
-919.92
-943.38
-962.4
-971.22
-975.6
-982.92
-987.3
-984.36
-991.68
-994.62
-993.18
-997.56
-994.62
-990.24
-994.62
-996.12
-991.68
-996.12
-994.62
-996.12
-1003.4
-1004.9
-999
-941.88
-386.72
-13.184
210.94
443.85
581.54
648.9
713.4
738.3
744.12
750
754.38
760.26
760.26
760.26
761.7
766.14
766.14
766.14
766.14
773.46
766.14
766.14
767.58
767.58
770.52
769.02
766.14
770.52
766.14
742.68
716.28
949.2
1034.2
1092.8
1144
1168.9
1186.5
1193.8
1195.3
1207
1202.6
1211.4
1210
1211.4
1214.3
1212.9
1220.2
1215.8
1220.2
1221.7
1218.8
1223.2
1218.8
1221.7
1220.2
1214.3
1220.2
1217.3
1218.8
1221.7
944.82
559.57
295.9
145.02
65.916
26.367
5.8594
1.4648
0
-1.4648
0
0
0
0
0
0
0
0
0
0
0
0
0
0
0
0
0
0
0
0
0
0
0
0
0
0
0
0
0
0
0
0
0
0
0
0
0
0
0
0
0
0
0
0
0
0
0
0
0
0
-145.02
-375
-562.5
-748.56
-839.34
-912.6
-915.54
-952.14
-953.64
-956.52
-962.4
-968.28
-978.54
-978.54
-978.54
-985.86
-982.92
-991.68
-984.36
-977.04
-990.24
-985.86
-987.3
-996.12
-988.74
-990.24
-997.56
-997.56
-994.62
-600.6
-174.32
-13.184
123.05
180.17
240.23
263.67
265.13
265.13
271
282.71
269.53
266.6
273.92
285.64
266.6
276.86
269.53
288.58
263.67
262.21
262.21
281.25
271
254.88
263.67
271
273.92
257.81
256.35
48.34
-38.086
-218.26
-262.21
-335.45
-348.63
-364.75
-361.82
-369.14
-367.67
-372.07
-363.28
-364.75
-375
-372.07
-380.86
-372.07
-373.54
-372.07
-370.61
-375
-375
-373.54
-373.54
-379.39
-386.72
-385.25
-370.61
-375
-373.54
-77.634
41.015
260.74
413.09
489.26
512.69
547.85
536.13
547.85
562.5
555.17
581.54
575.68
584.47
587.4
578.62
593.26
581.54
588.87
575.68
571.29
594.73
581.54
588.87
575.68
575.68
587.4
580.08
583.01
583.01
322.27
174.32
58.594
21.973
-10.254
-24.902
-24.902
-13.184
-23.438
-33.691
-35.156
-30.762
-35.156
-29.297
-33.691
-33.691
-33.691
-32.227
-19.043
-19.043
-32.227
-32.227
-33.691
-33.691
-30.762
-35.156
-33.691
-33.691
-29.297
-24.902
-77.634
-275.39
-465.82
-641.58
-692.88
-720.72
-733.86
-750
-755.88
-760.26
-760.26
-764.64
-766.14
-767.58
-764.64
-763.2
-771.96
-769.02
-763.2
-761.7
-773.46
-764.64
-760.26
-766.14
-766.14
-766.14
-766.14
-774.9
-771.96
-769.02
-736.8
-688.5
-654.78
-625.5
-603.54
-588.87
-577.15
-569.83
-555.17
-546.38
-539.06
-533.2
-525.88
-522.95
-511.23
-518.56
-514.16
-509.77
-512.69
-505.37
-511.23
-508.3
-493.65
-505.37
-500.98
-508.3
-508.3
-489.26
-500.98
-496.58
-467.29
-413.09
-367.67
-342.77
-326.66
-312.01
-295.9
-287.11
-275.39
-268.07
-257.81
-249.02
-237.31
-234.38
-209.47
-231.44
-203.62
-200.68
-227.05
-200.68
-222.65
-203.62
-200.68
-229.98
-200.68
-213.87
-216.8
-203.62
-229.98
-200.68
-98.142
-11.719
73.242
93.75
108.4
133.3
117.19
133.3
140.63
114.26
142.09
139.16
114.26
142.09
114.26
137.69
142.09
108.4
143.56
133.3
117.19
143.56
108.4
142.09
142.09
109.87
142.09
127.44
128.9
142.09
86.424
306.15
493.65
610.86
638.7
673.8
687
697.26
701.64
711.9
725.1
725.1
722.16
723.66
719.22
725.1
735.36
735.36
736.8
733.86
741.24
732.42
733.86
728.04
735.36
733.86
736.8
729.48
725.1
722.16
499.51
83.496
-175.78
-225.59
-402.83
-534.67
-549.32
-584.47
-575.68
-580.08
-596.19
-599.12
-600.6
-607.92
-606.42
-613.74
-621.12
-613.74
-607.92
-618.18
-613.74
-612.3
-618.18
-615.24
-609.36
-610.86
-613.74
-607.92
-622.56
-612.3
-511.23
-694.32
-840.84
-1025.4
-1125
-1171.9
-1190.9
-1208.5
-1233.4
-1233.4
-1240.7
-1249.5
-1245.1
-1264.1
-1251
-1264.1
-1262.7
-1264.1
-1277.3
-1271.5
-1281.7
-1277.3
-1283.2
-1271.5
-1275.9
-1284.7
-1278.8
-1290.5
-1278.8
-1283.2
-997.56
-260.74
216.8
566.89
745.62
974.1
1089.8
1145.5
1174.8
1202.6
1202.6
1227.5
1237.8
1245.1
1258.3
1261.3
1259.8
1265.6
1267.1
1271.5
1267.1
1277.3
1274.4
1274.4
1281.7
1271.5
1277.3
1273
1275.9
1277.3
1028.3
332.52
-145.02
-514.16
-675.3
-864.24
-974.1
-1044.4
-1072.3
-1095.7
-1104.5
-1114.7
-1119.1
-1119.1
-1126.4
-1127.9
-1122.1
-1132.3
-1129.4
-1133.8
-1138.2
-1133.8
-1138.2
-1129.4
-1129.4
-1126.4
-1132.3
-1136.7
-1139.6
-1133.8
-877.44
-175.78
205.08
537.6
773.46
892.08
1009.3
1040
1076.6
1098.7
1111.8
1125
1136.7
1138.2
1147
1151.3
1144
1161.6
1154.3
1155.8
1163.1
1160.2
1164.5
1160.2
1163.1
1166
1160.2
1166
1166
1160.2
1164.5
1136.7
1116.2
1103
1079.6
1075.2
1063.5
1053.2
1054.7
1045.9
1040
1043
1034.2
1025.4
1035.7
1023.9
1032.7
1031.3
1026.8
1025.4
1025.4
1016.6
1021
1016.6
1009.3
1012.2
1015.1
1018.1
1018.1
1019.5
892.08
417.48
62.988
-42.481
-46.875
-222.65
-227.05
-237.31
-273.92
-254.88
-254.88
-254.88
-282.71
-256.35
-262.21
-257.81
-284.18
-257.81
-257.81
-254.88
-281.25
-259.28
-253.42
-253.42
-276.86
-265.13
-260.74
-259.28
-266.6
-279.79
-156.74
152.35
323.73
581.54
729.48
815.94
843.78
858.42
884.76
895.02
883.32
903.78
905.28
912.6
922.86
924.3
914.04
924.3
924.3
925.8
925.8
930.18
916.98
930.18
928.74
931.62
931.62
931.62
925.8
934.56
919.92
952.14
1037.1
1063.5
1082.5
1107.4
1114.7
1119.1
1130.9
1138.2
1145.5
1154.3
1145.5
1154.3
1151.3
1157.2
1163.1
1154.3
1164.5
1167.5
1164.5
1166
1161.6
1164.5
1166
1160.2
1168.9
1164.5
1167.5
1168.9
1158.7
1141.1
1120.6
1098.7
1091.3
1070.8
1062
1062
1051.7
1045.9
1045.9
1043
1043
1040
1032.7
1037.1
1035.7
1029.8
1031.3
1028.3
1021
1026.8
1028.3
1019.5
1022.5
1018.1
1022.5
1025.4
1018.1
1007.8
919.92
347.17
-102.54
-257.81
-435.06
-635.76
-713.4
-742.68
-764.64
-774.9
-777.84
-777.84
-788.1
-789.54
-783.72
-789.54
-791.04
-792.48
-795.42
-798.36
-802.74
-798.36
-789.54
-788.1
-788.1
-783.72
-789.54
-793.92
-791.04
-788.1
-789.54
-766.14
-905.28
-941.88
-982.92
-990.24
-993.18
-1007.8
-1025.4
-1019.5
-1029.8
-1026.8
-1041.5
-1047.4
-1034.2
-1037.1
-1045.9
-1043
-1048.8
-1041.5
-1038.6
-1045.9
-1043
-1048.8
-1056.2
-1045.9
-1050.3
-1053.2
-1050.3
-1054.7
-1022.5
-711.9
-454.1
-313.48
-250.49
-203.62
-175.78
-162.6
-146.48
-134.77
-121.58
-114.26
-104
-93.75
-84.96
-79.104
-71.778
-65.916
-64.452
-61.524
-61.524
-61.524
-60.06
-58.594
-58.594
-60.06
-60.06
-58.594
-58.594
-58.594
-46.875
178.71
473.14
657.72
811.5
876
914.04
953.64
965.34
969.72
979.98
981.42
982.92
993.18
990.24
987.3
993.18
991.68
990.24
1000.5
996.12
988.74
994.62
996.12
993.18
988.74
991.68
987.3
988.74
993.18
960.96
307.62
-109.87
-417.48
-600.6
-814.44
-918.48
-984.36
-1018.1
-1040
-1048.8
-1059.1
-1066.4
-1062
-1072.3
-1073.8
-1073.8
-1082.5
-1078.1
-1081.1
-1086.9
-1078.1
-1081.1
-1084
-1079.6
-1084
-1082.5
-1084
-1086.9
-1082.5
-1081.1
-1084
-1078.1
-1089.8
-1098.7
-1091.3
-1101.5
-1095.7
-1097.2
-1098.7
-1098.7
-1101.5
-1108.9
-1098.7
-1111.8
-1107.4
-1110.4
-1116.2
-1108.9
-1106
-1119.1
-1110.4
-1113.3
-1113.3
-1110.4
-1116.2
-1110.4
-1107.4
-1111.8
-1103
-1086.9
-459.96
8.7888
377.93
558.11
745.62
834.96
892.08
927.24
937.5
955.08
972.66
962.4
979.98
979.98
979.98
991.68
990.24
988.74
993.18
996.12
991.68
994.62
993.18
991.68
999
999
991.68
997.56
999
996.12
877.44
754.38
665.04
613.74
581.54
562.5
546.38
525.88
511.23
499.51
493.65
487.79
484.87
480.47
476.08
471.68
470.21
470.21
464.36
461.42
458.5
457.03
455.57
455.57
457.03
454.1
452.63
452.63
449.71
448.24
42.481
-366.21
-650.4
-855.48
-1040
-1119.1
-1168.9
-1204.1
-1207
-1231.9
-1236.3
-1234.9
-1246.6
-1249.5
-1264.1
-1267.1
-1268.6
-1264.1
-1264.1
-1261.3
-1267.1
-1273
-1273
-1274.4
-1273
-1270
-1277.3
-1281.7
-1262.7
-1261.3
-745.62
-254.88
64.452
208.01
377.93
471.68
530.27
552.25
566.89
578.62
585.94
587.4
587.4
590.33
591.8
594.73
596.19
594.73
596.19
599.12
603.54
600.6
594.73
594.73
599.12
600.6
596.19
593.26
596.19
200.68
-276.86
-612.3
-856.92
-1053.2
-1166
-1242.2
-1270
-1294.9
-1309.6
-1312.5
-1321.3
-1328.6
-1333
-1336
-1336
-1336
-1341.8
-1350.6
-1343.3
-1353.5
-1357.9
-1356.4
-1352
-1366.7
-1363.7
-1353.5
-1369.6
-1355
-1352
-853.98
-306.15
21.973
206.54
364.75
476.08
550.78
572.75
599.12
602.04
606.42
612.3
616.68
618.18
621.12
618.18
613.74
622.56
625.5
624
622.56
625.5
629.88
626.94
628.44
624
626.94
631.32
625.5
626.94
254.88
-281.25
-539.06
-767.58
-974.1
-1057.6
-1126.4
-1151.3
-1167.5
-1182.1
-1182.1
-1198.3
-1201.2
-1204.1
-1201.2
-1199.7
-1207
-1208.5
-1211.4
-1214.3
-1208.5
-1218.8
-1210
-1212.9
-1215.8
-1212.9
-1218.8
-1220.2
-1223.2
-1221.7
-716.28
-152.35
101.08
366.21
575.68
701.64
761.7
796.86
802.74
829.08
845.22
848.16
855.48
874.5
870.12
876
878.88
874.5
873.06
878.88
878.88
876
874.5
878.88
880.38
878.88
876
884.76
878.88
878.88
698.76
467.29
294.43
184.57
137.69
106.93
89.358
76.17
67.38
51.269
45.41
35.156
24.902
20.508
13.184
5.8594
2.9297
0
0
0
0
0
0
0
0
0
0
0
0
0
45.41
152.35
342.77
411.62
423.34
464.36
479
477.54
480.47
499.51
486.33
508.3
503.9
495.12
500.98
496.58
492.19
500.98
493.65
495.12
503.9
492.19
500.98
496.58
496.58
498.05
502.44
496.58
503.9
503.9
445.31
609.36
757.32
842.28
893.58
918.48
938.94
936.06
956.52
960.96
959.46
978.54
977.04
975.6
978.54
982.92
988.74
991.68
982.92
978.54
988.74
988.74
991.68
981.42
990.24
984.36
987.3
990.24
991.68
991.68
619.62
-13.184
-398.44
-682.62
-861.3
-1032.7
-1136.7
-1186.5
-1218.8
-1234.9
-1252.4
-1252.4
-1264.1
-1264.1
-1277.3
-1293.5
-1287.6
-1286.2
-1294.9
-1277.3
-1289
-1296.4
-1306.6
-1303.7
-1308.1
-1302.2
-1283.2
-1292
-1299.3
-1312.5
-1293.5
-1256.8
-1220.2
-1192.4
-1179.2
-1148.5
-1142.6
-1132.3
-1116.2
-1119.1
-1108.9
-1111.8
-1103
-1097.2
-1095.7
-1092.8
-1091.3
-1098.7
-1094.2
-1091.3
-1097.2
-1089.8
-1086.9
-1086.9
-1084
-1082.5
-1081.1
-1084
-1091.3
-1082.5
-1067.9
-1107.4
-1135.3
-1157.2
-1168.9
-1167.5
-1185.1
-1195.3
-1204.1
-1207
-1204.1
-1211.4
-1207
-1199.7
-1207
-1207
-1212.9
-1212.9
-1227.5
-1218.8
-1224.6
-1221.7
-1221.7
-1230.5
-1211.4
-1221.7
-1215.8
-1224.6
-1230.5
-1224.6
-1223.2
-1195.3
-1170.4
-1161.6
-1139.6
-1133.8
-1127.9
-1116.2
-1113.3
-1108.9
-1103
-1104.5
-1101.5
-1094.2
-1095.7
-1091.3
-1097.2
-1092.8
-1089.8
-1091.3
-1086.9
-1085.5
-1089.8
-1086.9
-1088.4
-1091.3
-1086.9
-1094.2
-1088.4
-1085.5
-1015.1
-1094.2
-1189.4
-1240.7
-1280.3
-1294.9
-1312.5
-1315.4
-1324.2
-1327.1
-1336
-1336
-1355
-1352
-1353.5
-1350.6
-1356.4
-1356.4
-1366.7
-1365.2
-1363.7
-1362.3
-1363.7
-1371.1
-1362.3
-1372.6
-1363.7
-1372.6
-1363.7
-1371.1
-1088.4
-402.83
147.95
455.57
703.14
914.04
1038.6
1116.2
1164.5
1186.5
1196.8
1204.1
1210
1215.8
1223.2
1227.5
1227.5
1226.1
1233.4
1240.7
1242.2
1234.9
1246.6
1242.2
1239.2
1245.1
1236.3
1248.1
1245.1
1245.1
1089.8
562.5
205.08
67.38
-23.438
-106.93
-115.72
-149.41
-161.13
-136.23
-168.46
-140.63
-171.38
-139.16
-174.32
-143.56
-168.46
-164.06
-156.74
-174.32
-152.35
-175.78
-161.13
-175.78
-161.13
-172.85
-162.6
-168.46
-158.2
-171.38
-90.822
191.89
394.04
632.82
747.06
824.7
855.48
864.24
890.64
878.88
908.22
911.16
914.04
915.54
925.8
927.24
916.98
922.86
924.3
924.3
925.8
924.3
927.24
930.18
934.56
928.74
922.86
928.74
924.3
933.12
889.14
666.48
530.27
443.85
388.18
358.88
335.45
319.34
306.15
294.43
282.71
276.86
266.6
259.28
259.28
254.88
237.31
246.1
228.52
224.12
232.91
210.94
213.87
221.19
206.54
225.59
203.62
196.29
229.98
197.75
209.47
98.142
26.367
-8.7888
-24.902
-29.297
-26.367
-33.691
-30.762
-30.762
-35.156
-30.762
-17.578
-21.973
-32.227
-32.227
-32.227
-33.691
-33.691
-33.691
-35.156
-32.227
-30.762
-21.973
-16.113
-30.762
-33.691
-35.156
-33.691
-32.227
-55.664
-125.98
-383.79
-486.33
-594.73
-618.18
-638.7
-659.16
-662.1
-648.9
-662.1
-662.1
-667.98
-672.36
-660.66
-660.66
-665.04
-675.3
-675.3
-679.68
-675.3
-676.74
-670.92
-675.3
-678.24
-676.74
-676.74
-665.04
-675.3
-670.92
-669.42
-646.02
-615.24
-593.26
-571.29
-555.17
-547.85
-537.6
-530.27
-518.56
-511.23
-506.84
-505.37
-502.44
-495.12
-492.19
-483.4
-477.54
-479
-477.54
-467.29
-477.54
-479
-467.29
-476.08
-476.08
-471.68
-473.14
-476.08
-474.61
-442.38
-83.496
-7.3242
64.452
90.822
147.95
142.09
145.02
165.53
143.56
168.46
153.81
174.32
158.2
174.32
164.06
174.32
175.78
169.92
177.25
172.85
172.85
175.78
172.85
172.85
169.92
172.85
168.46
171.38
169.92
145.02
263.67
518.56
700.2
818.82
877.44
916.98
924.3
940.44
953.64
952.14
952.14
959.46
956.52
956.52
960.96
963.84
959.46
968.28
968.28
963.84
969.72
966.78
963.84
969.72
968.28
966.78
968.28
971.22
968.28
906.72
354.49
-70.314
-180.17
-417.48
-574.22
-704.58
-738.3
-766.14
-767.58
-785.16
-785.16
-795.42
-801.24
-813
-811.5
-813
-808.62
-820.32
-818.82
-814.44
-818.82
-823.26
-818.82
-817.38
-821.76
-820.32
-814.44
-817.38
-821.76
-771.96
-744.12
-952.14
-1084
-1189.4
-1242.2
-1264.1
-1296.4
-1299.3
-1316.9
-1318.4
-1328.6
-1334.5
-1346.2
-1352
-1353.5
-1362.3
-1344.7
-1357.9
-1357.9
-1357.9
-1360.9
-1360.9
-1366.7
-1359.4
-1371.1
-1360.9
-1371.1
-1360.9
-1371.1
-1360.9
-1283.2
-1198.3
-1133.8
-1098.7
-1063.5
-1040
-1023.9
-1003.4
-996.12
-988.74
-974.1
-969.72
-969.72
-962.4
-959.46
-960.96
-953.64
-950.7
-955.08
-947.76
-940.44
-946.26
-941.88
-936.06
-943.38
-938.94
-941.88
-943.38
-944.82
-892.08
-558.11
-190.43
-10.254
-10.254
33.691
43.945
77.634
82.032
84.96
64.452
77.634
87.888
87.888
77.634
67.38
87.888
87.888
87.888
60.06
89.358
90.822
92.286
58.594
90.822
90.822
92.286
60.06
92.286
92.286
89.358
172.85
389.65
622.56
706.08
752.94
792.48
810.06
813
814.44
824.7
834.96
837.9
851.1
853.98
849.6
849.6
855.48
851.1
846.66
851.1
845.22
846.66
851.1
853.98
843.78
845.22
853.98
843.78
843.78
848.16
824.7
779.28
748.56
725.1
711.9
695.82
681.18
672.36
672.36
662.1
657.72
648.9
647.46
644.52
634.26
629.88
626.94
621.12
625.5
629.88
613.74
613.74
631.32
621.12
619.62
622.56
616.68
615.24
621.12
619.62
540.53
465.82
414.55
380.86
363.28
345.7
329.59
316.4
306.15
300.29
291.5
288.58
281.25
271
262.21
259.28
265.13
256.35
247.56
241.7
257.81
240.23
238.77
263.67
231.44
232.91
256.35
231.44
225.59
253.42
-83.496
-364.75
-616.68
-821.76
-978.54
-1062
-1101.5
-1111.8
-1130.9
-1141.1
-1158.7
-1171.9
-1164.5
-1171.9
-1180.7
-1174.8
-1177.7
-1177.7
-1186.5
-1188
-1190.9
-1185.1
-1193.8
-1183.6
-1188
-1193.8
-1192.4
-1192.4
-1195.3
-1177.7
-1214.3
-1234.9
-1239.2
-1256.8
-1271.5
-1275.9
-1286.2
-1255.4
-1281.7
-1303.7
-1296.4
-1300.8
-1299.3
-1299.3
-1302.2
-1300.8
-1311.1
-1293.5
-1305.2
-1305.2
-1303.7
-1311.1
-1309.6
-1312.5
-1305.2
-1313.9
-1302.2
-1309.6
-1308.1
-848.16
-360.35
-61.524
121.58
259.28
338.38
376.46
386.72
398.44
421.88
420.41
427.73
418.94
408.69
423.34
432.13
430.66
429.2
424.81
435.06
435.06
439.45
433.6
437.99
443.85
448.24
443.85
440.92
451.17
449.71
452.63
437.99
424.81
414.55
398.44
392.58
382.33
383.79
372.07
369.14
358.88
354.49
355.96
345.7
354.49
354.49
358.88
357.42
364.75
355.96
348.63
358.88
360.35
360.35
364.75
360.35
351.56
351.56
345.7
345.7
360.35
421.88
448.24
439.45
476.08
481.93
471.68
495.12
495.12
477.54
502.44
503.9
496.58
505.37
499.51
499.51
508.3
496.58
506.84
500.98
492.19
505.37
502.44
498.05
500.98
495.12
500.98
503.9
498.05
502.44
276.86
-215.33
-257.81
-521.48
-654.78
-752.94
-770.52
-795.42
-807.12
-824.7
-821.76
-820.32
-837.9
-842.28
-836.4
-843.78
-848.16
-842.28
-845.22
-853.98
-846.66
-851.1
-852.54
-851.1
-853.98
-853.98
-852.54
-855.48
-851.1
-851.1
-851.1
-824.7
-801.24
-791.04
-773.46
-763.2
-752.94
-751.44
-742.68
-735.36
-732.42
-729.48
-722.16
-723.66
-711.9
-717.78
-714.84
-720.72
-707.52
-713.4
-713.4
-719.22
-704.58
-714.84
-707.52
-707.52
-707.52
-714.84
-698.76
-708.96
-328.13
106.93
347.17
613.74
817.38
895.02
944.82
993.18
1010.8
1025.4
1034.2
1035.7
1038.6
1043
1041.5
1044.4
1048.8
1043
1047.4
1051.7
1048.8
1056.2
1053.2
1047.4
1057.6
1051.7
1053.2
1056.2
1053.2
1053.2
729.48
80.568
-358.88
-524.41
-729.48
-905.28
-1021
-1078.1
-1107.4
-1138.2
-1141.1
-1154.3
-1154.3
-1161.6
-1173.4
-1177.7
-1186.5
-1177.7
-1183.6
-1189.4
-1185.1
-1196.8
-1192.4
-1196.8
-1198.3
-1195.3
-1199.7
-1193.8
-1195.3
-1196.8
-1170.4
-1086.9
-1022.5
-977.04
-952.14
-928.74
-906.72
-895.02
-884.76
-870.12
-867.18
-862.8
-852.54
-846.66
-845.22
-843.78
-837.9
-830.58
-830.58
-833.52
-824.7
-826.2
-832.02
-824.7
-820.32
-821.76
-815.94
-817.38
-817.38
-829.08
-801.24
-730.98
-681.18
-647.46
-625.5
-604.98
-587.4
-580.08
-566.89
-556.64
-544.92
-540.53
-527.35
-533.2
-527.35
-520.02
-515.63
-508.3
-512.69
-506.84
-511.23
-512.69
-505.37
-517.09
-515.63
-509.77
-508.3
-496.58
-503.9
-505.37
-338.38
-60.06
-57.129
23.438
58.594
39.551
80.568
82.032
86.424
70.314
71.778
89.358
86.424
83.496
61.524
89.358
87.888
87.888
57.129
89.358
89.358
89.358
58.594
90.822
90.822
90.822
70.314
86.424
92.286
92.286
46.875
-35.156
-212.4
-320.8
-394.04
-413.09
-436.52
-439.45
-445.31
-439.45
-439.45
-449.71
-452.63
-457.03
-455.57
-457.03
-452.63
-457.03
-458.5
-459.96
-461.42
-458.5
-457.03
-454.1
-452.63
-454.1
-457.03
-457.03
-455.57
-451.17
-417.48
-237.31
-117.19
-51.269
-16.113
-7.3242
0
4.3945
1.4648
0
0
0
0
0
0
0
0
0
0
0
0
0
0
0
0
0
0
0
0
0
0
-164.06
-357.42
-593.26
-764.64
-852.54
-902.34
-921.36
-931.62
-949.2
-952.14
-950.7
-959.46
-962.4
-959.46
-965.34
-969.72
-965.34
-969.72
-974.1
-966.78
-969.72
-975.6
-969.72
-969.72
-975.6
-974.1
-969.72
-977.04
-972.66
-969.72
-905.28
-808.62
-745.62
-710.46
-687
-663.6
-641.58
-632.82
-622.56
-616.68
-607.92
-600.6
-594.73
-587.4
-580.08
-577.15
-574.22
-577.15
-565.43
-574.22
-568.36
-565.43
-559.57
-565.43
-566.89
-559.57
-559.57
-563.96
-571.29
-559.57
-462.89
-687
-865.74
-988.74
-1048.8
-1079.6
-1100.1
-1113.3
-1125
-1120.6
-1136.7
-1145.5
-1144
-1152.8
-1142.6
-1152.8
-1160.2
-1157.2
-1158.7
-1163.1
-1157.2
-1161.6
-1158.7
-1163.1
-1163.1
-1161.6
-1167.5
-1154.3
-1152.8
-1154.3
-514.16
17.578
458.5
651.84
881.82
1001.9
1085.5
1123.6
1158.7
1182.1
1190.9
1195.3
1205.6
1202.6
1211.4
1210
1211.4
1215.8
1214.3
1220.2
1217.3
1217.3
1217.3
1214.3
1220.2
1220.2
1214.3
1215.8
1218.8
644.52
130.37
-213.87
-457.03
-651.84
-817.38
-876
-936.06
-946.26
-966.78
-981.42
-985.86
-990.24
-997.56
-1003.4
-1003.4
-1015.1
-1010.8
-1003.4
-1013.7
-1018.1
-1019.5
-1023.9
-1019.5
-1019.5
-1026.8
-1021
-1023.9
-1022.5
-1021
-565.43
-130.37
89.358
235.84
392.58
486.33
528.81
544.92
553.71
556.64
558.11
561.04
565.43
563.96
565.43
565.43
565.43
571.29
571.29
572.75
569.83
566.89
571.29
572.75
571.29
569.83
568.36
568.36
572.75
569.83
187.5
-180.17
-329.59
-518.56
-679.68
-769.02
-811.5
-827.64
-817.38
-836.4
-845.22
-849.6
-861.3
-865.74
-868.68
-868.68
-874.5
-876
-877.44
-871.56
-874.5
-876
-871.56
-876
-880.38
-876
-880.38
-887.7
-883.32
-883.32
-801.24
-914.04
-1009.3
-1053.2
-1075.2
-1095.7
-1104.5
-1107.4
-1120.6
-1126.4
-1127.9
-1133.8
-1130.9
-1130.9
-1141.1
-1135.3
-1139.6
-1141.1
-1141.1
-1145.5
-1141.1
-1141.1
-1144
-1141.1
-1144
-1142.6
-1144
-1147
-1142.6
-1141.1
-659.16
-62.988
177.25
367.67
629.88
728.04
796.86
833.52
843.78
842.28
861.3
868.68
859.86
867.18
876
871.56
874.5
878.88
881.82
877.44
881.82
889.14
883.32
880.38
886.26
880.38
873.06
884.76
886.26
881.82
566.89
281.25
137.69
67.38
32.227
2.9297
-11.719
-16.113
-14.648
-11.719
-5.8594
-4.3945
-4.3945
-2.9297
-5.8594
-5.8594
-7.3242
-5.8594
-5.8594
-1.4648
0
0
0
0
0
0
0
0
0
0
150.88
559.57
767.58
940.44
1048.8
1107.4
1145.5
1168.9
1189.4
1199.7
1192.4
1223.2
1227.5
1218.8
1239.2
1234.9
1242.2
1242.2
1246.6
1249.5
1245.1
1253.9
1242.2
1251
1251
1251
1252.4
1246.6
1253.9
1245.1
834.96
196.29
-136.23
-396.97
-572.75
-773.46
-864.24
-903.78
-921.36
-938.94
-949.2
-947.76
-953.64
-958.02
-956.52
-962.4
-965.34
-963.84
-965.34
-974.1
-966.78
-969.72
-974.1
-969.72
-965.34
-974.1
-968.28
-966.78
-972.66
-968.28
-919.92
-814.44
-742.68
-694.32
-660.66
-641.58
-624
-607.92
-596.19
-583.01
-581.54
-572.75
-568.36
-561.04
-559.57
-559.57
-555.17
-553.71
-549.32
-543.46
-540.53
-541.99
-536.13
-539.06
-520.02
-534.67
-525.88
-534.67
-525.88
-525.88
-287.11
0
193.36
366.21
476.08
505.37
534.67
541.99
555.17
546.38
574.22
571.29
588.87
569.83
580.08
575.68
577.15
594.73
583.01
583.01
578.62
572.75
587.4
583.01
581.54
584.47
581.54
591.8
587.4
588.87
556.64
666.48
763.2
805.68
845.22
848.16
859.86
868.68
878.88
878.88
887.7
895.02
896.46
889.14
899.4
905.28
893.58
902.34
892.08
897.96
900.9
900.9
900.9
906.72
911.16
905.28
902.34
909.66
900.9
902.34
628.44
269.53
95.214
-10.254
-82.032
-115.72
-117.19
-133.3
-139.16
-130.37
-142.09
-143.56
-133.3
-145.02
-142.09
-143.56
-143.56
-143.56
-142.09
-143.56
-143.56
-145.02
-143.56
-145.02
-143.56
-143.56
-146.48
-143.56
-146.48
-145.02
-232.91
-372.07
-590.33
-776.34
-874.5
-952.14
-971.22
-993.18
-1007.8
-1010.8
-1028.3
-1028.3
-1037.1
-1043
-1041.5
-1048.8
-1043
-1041.5
-1051.7
-1045.9
-1045.9
-1053.2
-1051.7
-1054.7
-1060.6
-1051.7
-1056.2
-1057.6
-1051.7
-1054.7
-927.24
-679.68
-524.41
-429.2
-369.14
-331.06
-312.01
-292.97
-281.25
-268.07
-253.42
-246.1
-240.23
-227.05
-221.19
-215.33
-191.89
-206.54
-175.78
-200.68
-171.38
-199.22
-168.46
-199.22
-169.92
-199.22
-169.92
-197.75
-174.32
-183.11
-177.25
-155.27
-136.23
-120.12
-112.79
-98.142
-87.888
-79.104
-71.778
-52.735
-35.156
-49.805
-43.945
-41.015
-35.156
-35.156
-33.691
-33.691
-30.762
-16.113
-23.438
-33.691
-33.691
-30.762
-33.691
-32.227
-33.691
-33.691
-33.691
-30.762
-89.358
-322.27
-544.92
-760.26
-842.28
-908.22
-944.82
-952.14
-958.02
-975.6
-969.72
-978.54
-984.36
-982.92
-987.3
-996.12
-994.62
-991.68
-994.62
-981.42
-985.86
-988.74
-981.42
-990.24
-991.68
-990.24
-987.3
-990.24
-984.36
-985.86
-761.7
-102.54
125.98
342.77
543.46
656.28
707.52
752.94
769.02
770.52
777.84
788.1
791.04
788.1
791.04
795.42
793.92
791.04
795.42
798.36
796.86
795.42
799.8
799.8
799.8
799.8
802.74
801.24
796.86
796.86
782.22
688.5
625.5
588.87
566.89
550.78
533.2
515.63
503.9
498.05
495.12
489.26
484.87
474.61
470.21
465.82
464.36
462.89
458.5
458.5
455.57
455.57
457.03
459.96
457.03
458.5
457.03
455.57
452.63
457.03
276.86
35.156
-67.38
-272.46
-350.1
-388.18
-396.97
-410.15
-413.09
-413.09
-418.94
-418.94
-421.88
-420.41
-423.34
-421.88
-424.81
-429.2
-424.81
-426.27
-424.81
-426.27
-426.27
-427.73
-433.6
-432.13
-430.66
-432.13
-429.2
-430.66
-282.71
196.29
555.17
729.48
915.54
984.36
1041.5
1079.6
1089.8
1107.4
1123.6
1120.6
1130.9
1135.3
1141.1
1149.9
1151.3
1149.9
1154.3
1144
1157.2
1161.6
1151.3
1164.5
1154.3
1164.5
1166
1157.2
1168.9
1157.2
1010.8
454.1
142.09
-52.735
-168.46
-256.35
-306.15
-320.8
-329.59
-333.98
-335.45
-338.38
-339.85
-339.85
-338.38
-341.31
-342.77
-339.85
-339.85
-341.31
-339.85
-339.85
-341.31
-344.24
-342.77
-341.31
-341.31
-341.31
-338.38
-342.77
-235.84
-380.86
-547.85
-648.9
-701.64
-708.96
-722.16
-723.66
-733.86
-735.36
-758.76
-751.44
-757.32
-757.32
-763.2
-758.76
-760.26
-767.58
-769.02
-766.14
-766.14
-767.58
-764.64
-766.14
-763.2
-766.14
-767.58
-771.96
-767.58
-773.46
-703.14
-783.72
-927.24
-1031.3
-1081.1
-1108.9
-1126.4
-1141.1
-1154.3
-1160.2
-1170.4
-1176.2
-1166
-1180.7
-1179.2
-1179.2
-1189.4
-1183.6
-1182.1
-1188
-1192.4
-1186.5
-1188
-1192.4
-1189.4
-1190.9
-1195.3
-1196.8
-1195.3
-1185.1
-1073.8
-583.01
-209.47
-8.7888
5.8594
38.086
84.96
101.08
108.4
77.634
112.79
114.26
87.888
111.33
117.19
101.08
99.612
115.72
114.26
86.424
117.19
115.72
84.96
117.19
118.65
90.822
120.12
118.65
87.888
117.19
68.85
-246.1
-439.45
-666.48
-833.52
-940.44
-1018.1
-1034.2
-1045.9
-1062
-1067.9
-1067.9
-1091.3
-1088.4
-1092.8
-1103
-1098.7
-1107.4
-1111.8
-1108.9
-1110.4
-1107.4
-1108.9
-1111.8
-1107.4
-1114.7
-1113.3
-1110.4
-1116.2
-1111.8
-941.88
-202.15
263.67
544.92
757.32
963.84
1106
1166
1201.2
1214.3
1245.1
1249.5
1248.1
1268.6
1253.9
1277.3
1287.6
1278.8
1275.9
1299.3
1277.3
1286.2
1286.2
1290.5
1292
1294.9
1308.1
1297.9
1281.7
1296.4
1293.5
1278.8
1246.6
1230.5
1212.9
1195.3
1190.9
1174.8
1173.4
1170.4
1163.1
1158.7
1152.8
1154.3
1154.3
1147
1148.5
1141.1
1145.5
1148.5
1139.6
1136.7
1141.1
1132.3
1132.3
1125
1136.7
1144
1135.3
1136.7
1025.4
341.31
-168.46
-565.43
-771.96
-999
-1132.3
-1214.3
-1243.7
-1284.7
-1287.6
-1312.5
-1308.1
-1322.8
-1344.7
-1330.1
-1338.8
-1341.8
-1343.3
-1352
-1350.6
-1347.7
-1356.4
-1365.2
-1338.8
-1360.9
-1359.4
-1369.6
-1350.6
-1368.2
-1359.4
-1347.7
-1318.4
-1300.8
-1293.5
-1273
-1270
-1258.3
-1256.8
-1251
-1240.7
-1245.1
-1234.9
-1239.2
-1231.9
-1236.3
-1236.3
-1231.9
-1234.9
-1224.6
-1227.5
-1223.2
-1224.6
-1230.5
-1226.1
-1231.9
-1224.6
-1223.2
-1229
-1212.9
-1223.2
-1142.6
-1069.3
-1028.3
-988.74
-963.84
-944.82
-922.86
-911.16
-903.78
-895.02
-887.7
-886.26
-884.76
-873.06
-864.24
-873.06
-864.24
-865.74
-868.68
-865.74
-856.92
-859.86
-856.92
-855.48
-855.48
-858.42
-855.48
-848.16
-849.6
-801.24
-783.72
-974.1
-1114.7
-1204.1
-1265.6
-1284.7
-1309.6
-1318.4
-1313.9
-1341.8
-1340.3
-1346.2
-1347.7
-1356.4
-1353.5
-1356.4
-1360.9
-1360.9
-1366.7
-1357.9
-1365.2
-1366.7
-1366.7
-1363.7
-1369.6
-1363.7
-1366.7
-1363.7
-1357.9
-1292
-681.18
-216.8
48.34
225.59
395.51
468.75
515.63
540.53
552.25
558.11
559.57
562.5
565.43
568.36
571.29
571.29
568.36
569.83
571.29
566.89
566.89
565.43
566.89
569.83
568.36
568.36
566.89
566.89
569.83
522.95
187.5
-106.93
-177.25
-353.03
-448.24
-464.36
-498.05
-495.12
-499.51
-517.09
-506.84
-524.41
-520.02
-528.81
-527.35
-536.13
-533.2
-536.13
-533.2
-536.13
-543.46
-531.74
-540.53
-533.2
-539.06
-539.06
-528.81
-534.67
-527.35
-479
-142.09
162.6
325.19
443.85
536.13
552.25
587.4
585.94
596.19
606.42
612.3
616.68
621.12
621.12
619.62
619.62
622.56
615.24
615.24
615.24
619.62
621.12
621.12
622.56
622.56
628.44
621.12
625.5
626.94
624
89.358
-142.09
-369.14
-544.92
-688.5
-757.32
-785.16
-802.74
-815.94
-830.58
-834.96
-830.58
-837.9
-842.28
-842.28
-848.16
-856.92
-853.98
-851.1
-855.48
-856.92
-853.98
-852.54
-859.86
-856.92
-853.98
-856.92
-861.3
-855.48
-858.42
-795.42
-717.78
-666.48
-635.76
-616.68
-599.12
-581.54
-568.36
-558.11
-550.78
-544.92
-544.92
-533.2
-531.74
-530.27
-533.2
-525.88
-514.16
-514.16
-506.84
-512.69
-512.69
-505.37
-506.84
-496.58
-499.51
-502.44
-495.12
-511.23
-489.26
-142.09
1.4648
187.5
256.35
316.4
341.31
350.1
357.42
361.82
366.21
366.21
370.61
367.67
372.07
375
372.07
367.67
376.46
367.67
364.75
367.67
388.18
383.79
391.12
392.58
394.04
394.04
391.12
388.18
369.14
86.424
-136.23
-284.18
-465.82
-568.36
-600.6
-634.26
-646.02
-640.14
-635.76
-659.16
-665.04
-672.36
-654.78
-667.98
-670.92
-666.48
-670.92
-675.3
-681.18
-679.68
-681.18
-676.74
-679.68
-669.42
-669.42
-672.36
-663.6
-662.1
-670.92
-320.8
-36.621
46.875
175.78
209.47
256.35
271
275.39
279.79
281.25
281.25
282.71
281.25
282.71
282.71
285.64
284.18
284.18
288.58
284.18
285.64
287.11
285.64
290.04
284.18
285.64
287.11
291.5
287.11
281.25
58.594
-5.8594
-86.424
-121.58
-149.41
-155.27
-164.06
-171.38
-169.92
-172.85
-175.78
-175.78
-174.32
-169.92
-172.85
-171.38
-168.46
-172.85
-168.46
-169.92
-169.92
-165.53
-171.38
-161.13
-169.92
-164.06
-171.38
-161.13
-171.38
-171.38
-304.69
-546.38
-779.28
-931.62
-1023.9
-1076.6
-1107.4
-1126.4
-1135.3
-1141.1
-1144
-1151.3
-1151.3
-1160.2
-1155.8
-1151.3
-1163.1
-1161.6
-1161.6
-1161.6
-1158.7
-1171.9
-1161.6
-1167.5
-1171.9
-1168.9
-1168.9
-1163.1
-1170.4
-673.8
-229.98
30.762
165.53
317.87
395.51
429.2
446.78
459.96
451.17
462.89
462.89
465.82
451.17
473.14
468.75
468.75
473.14
473.14
479
479
489.26
483.4
467.29
476.08
481.93
467.29
473.14
471.68
471.68
131.84
-263.67
-446.78
-657.72
-834.96
-912.6
-975.6
-981.42
-990.24
-1007.8
-1012.2
-1010.8
-1023.9
-1034.2
-1037.1
-1041.5
-1040
-1043
-1050.3
-1043
-1044.4
-1048.8
-1044.4
-1040
-1051.7
-1041.5
-1041.5
-1044.4
-1045.9
-1045.9
-919.92
-741.24
-640.14
-588.87
-546.38
-517.09
-495.12
-481.93
-470.21
-459.96
-451.17
-440.92
-432.13
-427.73
-421.88
-414.55
-411.62
-401.37
-401.37
-394.04
-391.12
-395.51
-396.97
-398.44
-396.97
-394.04
-389.65
-395.51
-392.58
-399.9
-104
309.08
522.95
720.72
845.22
897.96
937.5
953.64
975.6
979.98
991.68
1006.3
1004.9
1012.2
1013.7
1009.3
1021
1016.6
1016.6
1022.5
1021
1023.9
1028.3
1019.5
1021
1023.9
1022.5
1019.5
1028.3
1022.5
940.44
783.72
673.8
604.98
561.04
539.06
522.95
502.44
489.26
474.61
467.29
461.42
455.57
451.17
439.45
430.66
435.06
430.66
430.66
437.99
437.99
435.06
433.6
429.2
430.66
429.2
427.73
427.73
426.27
423.34
411.62
462.89
486.33
496.58
500.98
503.9
505.37
506.84
509.77
514.16
515.63
515.63
515.63
517.09
517.09
514.16
514.16
511.23
509.77
511.23
514.16
512.69
511.23
511.23
511.23
511.23
515.63
514.16
514.16
514.16
511.23
503.9
499.51
492.19
484.87
476.08
470.21
470.21
467.29
464.36
458.5
454.1
454.1
455.57
454.1
457.03
454.1
457.03
451.17
454.1
458.5
459.96
459.96
458.5
457.03
457.03
454.1
455.57
455.57
454.1
445.31
498.05
547.85
569.83
578.62
585.94
584.47
590.33
591.8
597.65
600.6
596.19
596.19
597.65
600.6
597.65
594.73
596.19
596.19
596.19
596.19
596.19
593.26
594.73
599.12
599.12
597.65
597.65
600.6
606.42
399.9
46.875
-36.621
-142.09
-210.94
-249.02
-243.16
-249.02
-282.71
-260.74
-260.74
-262.21
-278.32
-268.07
-259.28
-260.74
-265.13
-275.39
-262.21
-260.74
-257.81
-282.71
-257.81
-256.35
-259.28
-285.64
-259.28
-262.21
-257.81
-285.64
-98.142
172.85
322.27
493.65
565.43
619.62
632.82
650.4
654.78
659.16
666.48
672.36
673.8
673.8
672.36
670.92
665.04
672.36
672.36
673.8
672.36
670.92
673.8
673.8
681.18
682.62
681.18
679.68
676.74
684.06
653.34
577.15
524.41
492.19
473.14
457.03
442.38
427.73
417.48
408.69
404.3
399.9
396.97
388.18
383.79
385.25
377.93
372.07
369.14
367.67
363.28
363.28
363.28
350.1
345.7
347.17
344.24
345.7
341.31
345.7
345.7
282.71
244.63
218.26
206.54
190.43
181.64
168.46
161.13
152.35
143.56
133.3
127.44
124.51
90.822
117.19
121.58
95.214
109.87
118.65
104
105.47
118.65
111.33
96.678
120.12
120.12
108.4
118.65
118.65
159.67
474.61
697.26
864.24
934.56
994.62
1031.3
1034.2
1053.2
1056.2
1069.3
1081.1
1082.5
1091.3
1088.4
1092.8
1101.5
1092.8
1098.7
1103
1095.7
1104.5
1101.5
1098.7
1108.9
1104.5
1103
1108.9
1104.5
1106
1095.7
1123.6
1176.2
1188
1210
1236.3
1236.3
1251
1252.4
1252.4
1262.7
1265.6
1273
1262.7
1273
1270
1277.3
1273
1274.4
1274.4
1270
1281.7
1273
1275.9
1274.4
1280.3
1284.7
1274.4
1286.2
1277.3
1278.8
1265.6
1251
1248.1
1233.4
1229
1223.2
1217.3
1218.8
1208.5
1212.9
1208.5
1205.6
1208.5
1199.7
1201.2
1195.3
1201.2
1201.2
1198.3
1205.6
1198.3
1198.3
1202.6
1190.9
1204.1
1196.8
1199.7
1199.7
1195.3
960.96
269.53
-166.99
-490.72
-706.08
-856.92
-979.98
-1019.5
-1045.9
-1070.8
-1079.6
-1081.1
-1092.8
-1091.3
-1095.7
-1106
-1098.7
-1106
-1106
-1104.5
-1108.9
-1101.5
-1095.7
-1111.8
-1104.5
-1111.8
-1114.7
-1111.8
-1120.6
-1114.7
-1038.6
-859.86
-711.9
-607.92
-563.96
-528.81
-509.77
-490.72
-471.68
-458.5
-452.63
-443.85
-439.45
-433.6
-423.34
-413.09
-411.62
-404.3
-396.97
-394.04
-386.72
-386.72
-383.79
-379.39
-382.33
-380.86
-372.07
-370.61
-380.86
-376.46
-278.32
99.612
254.88
459.96
593.26
666.48
691.38
708.96
723.66
725.1
729.48
729.48
736.8
741.24
738.3
739.74
741.24
741.24
739.74
736.8
741.24
739.74
739.74
739.74
742.68
744.12
741.24
741.24
745.62
742.68
590.33
268.07
127.44
-2.9297
-60.06
-89.358
-80.568
-99.612
-109.87
-114.26
-83.496
-114.26
-115.72
-86.424
-117.19
-115.72
-87.888
-112.79
-117.19
-99.612
-102.54
-115.72
-114.26
-93.75
-120.12
-118.65
-92.286
-120.12
-120.12
-89.358
-58.594
146.48
297.37
443.85
530.27
565.43
590.33
585.94
606.42
610.86
610.86
612.3
607.92
613.74
621.12
625.5
622.56
624
634.26
631.32
631.32
628.44
629.88
629.88
628.44
625.5
625.5
629.88
629.88
626.94
625.5
659.16
728.04
755.88
767.58
774.9
783.72
783.72
786.6
791.04
795.42
789.54
792.48
799.8
801.24
793.92
795.42
798.36
798.36
795.42
798.36
801.24
793.92
796.86
796.86
804.18
793.92
793.92
799.8
796.86
641.58
181.64
-58.594
-253.42
-398.44
-514.16
-550.78
-562.5
-572.75
-571.29
-580.08
-575.68
-585.94
-580.08
-584.47
-587.4
-581.54
-590.33
-583.01
-588.87
-587.4
-591.8
-597.65
-587.4
-596.19
-597.65
-594.73
-593.26
-588.87
-591.8
-489.26
-158.2
-5.8594
71.778
146.48
150.88
184.57
162.6
194.83
166.99
197.75
168.46
197.75
177.25
181.64
191.89
172.85
202.15
174.32
202.15
171.38
205.08
174.32
205.08
178.71
196.29
188.96
172.85
199.22
181.64
131.84
-259.28
-424.81
-640.14
-818.82
-936.06
-990.24
-1029.8
-1044.4
-1051.7
-1063.5
-1066.4
-1066.4
-1072.3
-1059.1
-1064.9
-1073.8
-1066.4
-1076.6
-1073.8
-1066.4
-1078.1
-1078.1
-1081.1
-1085.5
-1075.2
-1075.2
-1079.6
-1078.1
-1078.1
-919.92
-225.59
197.75
451.17
710.46
849.6
958.02
994.62
1022.5
1035.7
1051.7
1067.9
1070.8
1085.5
1082.5
1082.5
1092.8
1088.4
1094.2
1098.7
1094.2
1103
1103
1100.1
1098.7
1103
1106
1101.5
1100.1
1106
1066.4
853.98
722.16
616.68
549.32
506.84
480.47
465.82
448.24
435.06
424.81
413.09
405.76
401.37
395.51
395.51
386.72
388.18
383.79
380.86
377.93
377.93
380.86
376.46
375
369.14
367.67
366.21
367.67
369.14
366.21
309.08
256.35
231.44
215.33
197.75
186.04
177.25
162.6
156.74
147.95
140.63
131.84
127.44
123.05
121.58
118.65
117.19
117.19
117.19
115.72
118.65
115.72
117.19
114.26
118.65
115.72
117.19
115.72
120.12
96.678
-111.33
-319.34
-541.99
-701.64
-754.38
-789.54
-801.24
-814.44
-813
-826.2
-832.02
-834.96
-832.02
-842.28
-843.78
-842.28
-851.1
-852.54
-848.16
-849.6
-851.1
-845.22
-849.6
-851.1
-855.48
-848.16
-849.6
-852.54
-851.1
-833.52
-730.98
-659.16
-597.65
-561.04
-536.13
-520.02
-508.3
-496.58
-484.87
-470.21
-461.42
-457.03
-452.63
-445.31
-439.45
-426.27
-433.6
-426.27
-424.81
-427.73
-426.27
-413.09
-423.34
-421.88
-424.81
-424.81
-427.73
-426.27
-418.94
-404.3
-46.875
70.314
232.91
345.7
408.69
430.66
442.38
443.85
436.52
443.85
446.78
449.71
449.71
446.78
445.31
446.78
446.78
446.78
449.71
452.63
448.24
452.63
449.71
448.24
458.5
457.03
454.1
448.24
445.31
391.12
-52.735
-423.34
-638.7
-862.8
-974.1
-1054.7
-1095.7
-1107.4
-1125
-1135.3
-1132.3
-1151.3
-1149.9
-1154.3
-1161.6
-1151.3
-1158.7
-1163.1
-1161.6
-1166
-1163.1
-1163.1
-1167.5
-1161.6
-1171.9
-1167.5
-1164.5
-1171.9
-1167.5
-1103
-616.68
-123.05
17.578
171.38
294.43
347.17
379.39
401.37
408.69
414.55
410.15
417.48
423.34
417.48
420.41
418.94
417.48
417.48
402.83
414.55
414.55
416.02
414.55
416.02
414.55
408.69
417.48
418.94
421.88
369.14
137.69
-21.973
-108.4
-178.71
-225.59
-263.67
-249.02
-251.95
-257.81
-282.71
-257.81
-253.42
-254.88
-284.18
-259.28
-254.88
-256.35
-284.18
-256.35
-259.28
-259.28
-275.39
-262.21
-259.28
-256.35
-269.53
-269.53
-257.81
-259.28
-246.1
-279.79
-483.4
-697.26
-798.36
-845.22
-862.8
-877.44
-890.64
-892.08
-896.46
-905.28
-899.4
-903.78
-911.16
-908.22
-909.66
-908.22
-911.16
-908.22
-908.22
-915.54
-903.78
-911.16
-909.66
-912.6
-897.96
-916.98
-915.54
-909.66
-903.78
-449.71
-175.78
-61.524
2.9297
51.269
54.199
60.06
82.032
83.496
86.424
54.199
89.358
86.424
87.888
62.988
82.032
87.888
89.358
73.242
71.778
90.822
89.358
80.568
67.38
87.888
89.358
89.358
65.916
89.358
89.358
90.822
76.17
92.286
90.822
90.822
89.358
90.822
92.286
92.286
92.286
90.822
92.286
92.286
90.822
92.286
89.358
90.822
93.75
92.286
92.286
93.75
79.104
93.75
92.286
92.286
79.104
79.104
92.286
92.286
83.496
-159.67
-533.2
-665.04
-851.1
-958.02
-1037.1
-1070.8
-1089.8
-1111.8
-1126.4
-1141.1
-1152.8
-1148.5
-1158.7
-1149.9
-1154.3
-1154.3
-1151.3
-1160.2
-1160.2
-1163.1
-1164.5
-1160.2
-1166
-1160.2
-1161.6
-1158.7
-1164.5
-1168.9
-1149.9
-490.72
43.945
440.92
651.84
864.24
999
1073.8
1108.9
1136.7
1149.9
1171.9
1173.4
1171.9
1192.4
1189.4
1204.1
1198.3
1214.3
1207
1212.9
1211.4
1208.5
1220.2
1208.5
1220.2
1217.3
1215.8
1224.6
1217.3
1221.7
1025.4
848.16
719.22
640.14
584.47
553.71
527.35
511.23
499.51
483.4
474.61
464.36
458.5
452.63
449.71
446.78
442.38
437.99
424.81
429.2
429.2
429.2
432.13
432.13
421.88
418.94
423.34
411.62
423.34
416.02
355.96
561.04
641.58
697.26
728.04
738.3
747.06
766.14
770.52
776.34
777.84
782.22
782.22
782.22
788.1
786.6
786.6
783.72
786.6
793.92
792.48
788.1
795.42
793.92
788.1
793.92
789.54
789.54
793.92
490.72
171.38
86.424
8.7888
-8.7888
-26.367
-51.269
-54.199
-58.594
-57.129
-58.594
-42.481
-45.41
-61.524
-58.594
-58.594
-60.06
-54.199
-35.156
-60.06
-60.06
-60.06
-58.594
-60.06
-32.227
-58.594
-58.594
-60.06
-60.06
-58.594
-79.104
-276.86
-465.82
-616.68
-689.94
-707.52
-728.04
-726.54
-745.62
-754.38
-744.12
-760.26
-771.96
-761.7
-757.32
-766.14
-766.14
-769.02
-763.2
-760.26
-769.02
-763.2
-761.7
-766.14
-771.96
-758.76
-757.32
-760.26
-767.58
-755.88
-253.42
188.96
515.63
795.42
985.86
1088.4
1164.5
1193.8
1215.8
1245.1
1237.8
1243.7
1258.3
1267.1
1270
1274.4
1296.4
1289
1300.8
1290.5
1294.9
1299.3
1296.4
1305.2
1297.9
1294.9
1299.3
1293.5
1305.2
1299.3
1063.5
681.18
417.48
266.6
184.57
131.84
106.93
92.286
79.104
67.38
57.129
48.34
39.551
29.297
21.973
14.648
11.719
7.3242
4.3945
0
0
0
0
0
0
0
0
0
0
0
152.35
528.81
730.98
946.26
1078.1
1164.5
1217.3
1245.1
1270
1270
1280.3
1284.7
1281.7
1296.4
1283.2
1292
1296.4
1302.2
1289
1294.9
1297.9
1290.5
1305.2
1296.4
1311.1
1293.5
1308.1
1300.8
1299.3
1294.9
1211.4
1060.6
978.54
905.28
870.12
837.9
810.06
793.92
782.22
767.58
758.76
750
742.68
739.74
732.42
728.04
720.72
722.16
714.84
714.84
714.84
717.78
708.96
714.84
704.58
710.46
707.52
703.14
704.58
713.4
588.87
388.18
246.1
197.75
156.74
134.77
118.65
106.93
98.142
84.96
76.17
67.38
58.594
52.735
32.227
39.551
36.621
35.156
35.156
33.691
35.156
33.691
33.691
33.691
27.832
16.113
21.973
35.156
33.691
32.227
104
240.23
454.1
587.4
607.92
643.08
650.4
667.98
689.94
685.56
691.38
684.06
695.82
698.76
701.64
695.82
689.94
707.52
684.06
691.38
698.76
701.64
703.14
711.9
708.96
710.46
713.4
711.9
710.46
700.2
369.14
-143.56
-496.58
-634.26
-897.96
-1001.9
-1082.5
-1123.6
-1147
-1157.2
-1167.5
-1166
-1185.1
-1190.9
-1199.7
-1205.6
-1201.2
-1212.9
-1214.3
-1198.3
-1210
-1210
-1210
-1212.9
-1220.2
-1224.6
-1212.9
-1224.6
-1215.8
-1220.2
-944.82
-402.83
-42.481
99.612
215.33
312.01
333.98
350.1
367.67
358.88
355.96
367.67
372.07
373.54
380.86
383.79
382.33
386.72
386.72
386.72
383.79
382.33
382.33
391.12
388.18
386.72
389.65
382.33
388.18
389.65
388.18
437.99
474.61
473.14
502.44
496.58
521.48
524.41
515.63
524.41
521.48
534.67
525.88
536.13
527.35
527.35
527.35
539.06
536.13
531.74
531.74
525.88
533.2
531.74
525.88
531.74
520.02
528.81
524.41
537.6
257.81
-232.91
-561.04
-814.44
-1026.8
-1133.8
-1212.9
-1251
-1275.9
-1290.5
-1308.1
-1300.8
-1311.1
-1315.4
-1321.3
-1322.8
-1322.8
-1334.5
-1327.1
-1337.4
-1325.7
-1334.5
-1328.6
-1331.5
-1336
-1338.8
-1337.4
-1333
-1338.8
-1334.5
-1234.9
-1007.8
-848.16
-736.8
-678.24
-632.82
-599.12
-581.54
-565.43
-552.25
-536.13
-527.35
-520.02
-515.63
-512.69
-508.3
-500.98
-496.58
-493.65
-490.72
-495.12
-492.19
-487.79
-481.93
-476.08
-480.47
-480.47
-473.14
-477.54
-476.08
-262.21
-20.508
146.48
297.37
369.14
410.15
429.2
435.06
443.85
439.45
445.31
448.24
451.17
452.63
454.1
454.1
454.1
451.17
439.45
443.85
448.24
446.78
448.24
435.06
442.38
449.71
446.78
445.31
446.78
445.31
300.29
-137.69
-363.28
-580.08
-752.94
-842.28
-897.96
-919.92
-936.06
-946.26
-974.1
-972.66
-969.72
-975.6
-974.1
-982.92
-988.74
-990.24
-993.18
-997.56
-996.12
-997.56
-997.56
-993.18
-994.62
-999
-993.18
-993.18
-999
-996.12
-892.08
-561.04
-348.63
-210.94
-164.06
-124.51
-101.08
-83.496
-73.242
-60.06
-52.735
-42.481
-23.438
-24.902
-19.043
-16.113
-10.254
-7.3242
-1.4648
-2.9297
-4.3945
-2.9297
-7.3242
-5.8594
-8.7888
-8.7888
-4.3945
-1.4648
0
0
11.719
181.64
291.5
369.14
410.15
407.23
442.38
451.17
454.1
443.85
462.89
468.75
457.03
462.89
465.82
462.89
457.03
468.75
468.75
458.5
465.82
461.42
468.75
462.89
464.36
479
461.42
476.08
477.54
468.75
376.46
48.34
-152.35
-202.15
-342.77
-389.65
-405.76
-405.76
-417.48
-424.81
-430.66
-430.66
-420.41
-421.88
-430.66
-430.66
-439.45
-418.94
-437.99
-442.38
-432.13
-432.13
-416.02
-448.24
-442.38
-449.71
-439.45
-442.38
-446.78
-454.1
-307.62
-133.3
-17.578
2.9297
33.691
24.902
48.34
57.129
55.664
58.594
60.06
45.41
38.086
60.06
60.06
60.06
61.524
55.664
33.691
64.452
62.988
61.524
64.452
55.664
36.621
64.452
62.988
64.452
62.988
60.06
29.297
-108.4
-115.72
-254.88
-265.13
-273.92
-278.32
-288.58
-307.62
-288.58
-287.11
-290.04
-290.04
-291.5
-307.62
-290.04
-290.04
-287.11
-292.97
-294.43
-312.01
-295.9
-298.83
-298.83
-298.83
-294.43
-314.94
-304.69
-303.22
-304.69
-228.52
193.36
377.93
629.88
801.24
864.24
912.6
947.76
960.96
966.78
979.98
981.42
982.92
991.68
988.74
987.3
994.62
994.62
988.74
996.12
994.62
993.18
1001.9
997.56
996.12
1000.5
999
993.18
1000.5
999
944.82
695.82
536.13
407.23
344.24
303.22
281.25
263.67
253.42
235.84
224.12
216.8
205.08
197.75
187.5
180.17
166.99
174.32
143.56
172.85
136.23
171.38
137.69
168.46
140.63
169.92
155.27
153.81
171.38
137.69
158.2
181.64
355.96
417.48
430.66
473.14
480.47
471.68
498.05
503.9
487.79
498.05
500.98
498.05
505.37
498.05
499.51
498.05
486.33
500.98
503.9
495.12
495.12
495.12
506.84
508.3
500.98
508.3
506.84
500.98
508.3
361.82
250.49
186.04
152.35
130.37
117.19
104
93.75
83.496
71.778
64.452
42.481
48.34
39.551
36.621
35.156
33.691
35.156
33.691
32.227
21.973
16.113
23.438
32.227
30.762
32.227
33.691
30.762
30.762
38.086
150.88
332.52
465.82
558.11
581.54
615.24
615.24
637.2
638.7
640.14
638.7
646.02
654.78
644.52
651.84
650.4
656.28
653.34
651.84
646.02
653.34
653.34
651.84
646.02
654.78
653.34
657.72
657.72
662.1
666.48
689.94
723.66
755.88
771.96
777.84
780.78
786.6
792.48
792.48
791.04
798.36
798.36
795.42
796.86
799.8
798.36
796.86
795.42
799.8
799.8
798.36
801.24
805.68
802.74
799.8
805.68
804.18
799.8
793.92
720.72
171.38
-314.94
-607.92
-852.54
-1029.8
-1152.8
-1210
-1251
-1256.8
-1275.9
-1249.5
-1297.9
-1292
-1305.2
-1318.4
-1319.8
-1315.4
-1316.9
-1336
-1319.8
-1322.8
-1327.1
-1333
-1327.1
-1331.5
-1327.1
-1324.2
-1331.5
-1328.6
-1312.5
-1006.3
-752.94
-600.6
-483.4
-435.06
-392.58
-367.67
-348.63
-332.52
-320.8
-309.08
-301.76
-294.43
-288.58
-281.25
-275.39
-272.46
-268.07
-265.13
-266.6
-262.21
-265.13
-262.21
-262.21
-263.67
-262.21
-262.21
-260.74
-257.81
-244.63
-30.762
145.02
266.6
338.38
382.33
407.23
414.55
420.41
420.41
421.88
421.88
423.34
426.27
427.73
424.81
424.81
424.81
421.88
423.34
429.2
426.27
427.73
424.81
424.81
427.73
427.73
432.13
433.6
432.13
417.48
158.2
-54.199
-159.67
-290.04
-316.4
-335.45
-348.63
-347.17
-347.17
-353.03
-351.56
-345.7
-348.63
-351.56
-353.03
-354.49
-358.88
-357.42
-358.88
-360.35
-360.35
-360.35
-360.35
-364.75
-364.75
-367.67
-369.14
-370.61
-367.67
-367.67
-369.14
-461.42
-489.26
-505.37
-514.16
-508.3
-525.88
-524.41
-534.67
-530.27
-533.2
-537.6
-540.53
-539.06
-539.06
-539.06
-544.92
-544.92
-544.92
-543.46
-541.99
-549.32
-546.38
-544.92
-541.99
-540.53
-541.99
-541.99
-544.92
-536.13
-136.23
231.44
413.09
635.76
725.1
793.92
829.08
849.6
858.42
864.24
871.56
868.68
868.68
873.06
877.44
874.5
876
880.38
880.38
877.44
884.76
886.26
880.38
883.32
887.7
880.38
881.82
884.76
881.82
881.82
848.16
988.74
1041.5
1091.3
1117.7
1125
1136.7
1141.1
1144
1154.3
1149.9
1163.1
1160.2
1157.2
1163.1
1160.2
1164.5
1164.5
1155.8
1170.4
1166
1170.4
1168.9
1163.1
1171.9
1164.5
1170.4
1170.4
1168.9
1174.8
657.72
98.142
-257.81
-669.42
-815.94
-876
-905.28
-934.56
-936.06
-944.82
-953.64
-949.2
-956.52
-962.4
-959.46
-963.84
-971.22
-962.4
-968.28
-971.22
-962.4
-969.72
-972.66
-966.78
-971.22
-972.66
-965.34
-969.72
-972.66
-934.56
-1057.6
-1154.3
-1188
-1218.8
-1230.5
-1234.9
-1252.4
-1246.6
-1262.7
-1249.5
-1255.4
-1261.3
-1264.1
-1270
-1264.1
-1268.6
-1274.4
-1277.3
-1278.8
-1275.9
-1281.7
-1277.3
-1281.7
-1274.4
-1274.4
-1275.9
-1270
-1278.8
-1271.5
-796.86
-164.06
225.59
452.63
644.52
755.88
846.66
889.14
903.78
912.6
936.06
930.18
940.44
940.44
955.08
950.7
953.64
952.14
955.08
962.4
956.52
952.14
959.46
953.64
959.46
959.46
968.28
965.34
968.28
971.22
659.16
300.29
133.3
32.227
-10.254
-35.156
-33.691
-54.199
-54.199
-58.594
-60.06
-61.524
-41.015
-51.269
-61.524
-58.594
-60.06
-58.594
-52.735
-36.621
-60.06
-61.524
-60.06
-60.06
-60.06
-29.297
-58.594
-60.06
-60.06
-60.06
1.4648
93.75
224.12
253.42
285.64
300.29
304.69
310.55
312.01
312.01
314.94
313.48
314.94
314.94
313.48
314.94
314.94
319.34
316.4
316.4
317.87
316.4
316.4
316.4
313.48
314.94
309.08
312.01
310.55
310.55
339.85
581.54
801.24
905.28
991.68
1028.3
1056.2
1069.3
1082.5
1092.8
1094.2
1113.3
1108.9
1116.2
1122.1
1122.1
1129.4
1127.9
1133.8
1141.1
1133.8
1135.3
1138.2
1138.2
1139.6
1135.3
1139.6
1136.7
1130.9
1138.2
1133.8
1130.9
1139.6
1135.3
1141.1
1138.2
1130.9
1138.2
1133.8
1127.9
1138.2
1127.9
1135.3
1142.6
1133.8
1142.6
1136.7
1136.7
1144
1139.6
1141.1
1141.1
1139.6
1135.3
1130.9
1135.3
1139.6
1126.4
1138.2
1133.8
732.42
124.51
-326.66
-651.84
-883.32
-1066.4
-1147
-1224.6
-1252.4
-1273
-1290.5
-1286.2
-1306.6
-1302.2
-1313.9
-1309.6
-1306.6
-1318.4
-1322.8
-1325.7
-1306.6
-1331.5
-1327.1
-1336
-1328.6
-1330.1
-1337.4
-1331.5
-1338.8
-1327.1
-994.62
-306.15
70.314
309.08
539.06
703.14
776.34
823.26
846.66
846.66
862.8
876
880.38
887.7
878.88
896.46
893.58
893.58
902.34
897.96
899.4
905.28
900.9
900.9
900.9
914.04
902.34
909.66
912.6
912.6
903.78
884.76
861.3
843.78
834.96
824.7
808.62
799.8
799.8
793.92
785.16
777.84
777.84
777.84
776.34
771.96
774.9
779.28
769.02
771.96
770.52
767.58
763.2
769.02
766.14
771.96
770.52
776.34
777.84
774.9
580.08
105.47
-161.13
-243.16
-407.23
-562.5
-583.01
-596.19
-621.12
-612.3
-613.74
-632.82
-635.76
-635.76
-632.82
-648.9
-641.58
-640.14
-641.58
-653.34
-647.46
-650.4
-648.9
-656.28
-654.78
-647.46
-646.02
-644.52
-653.34
-643.08
-404.3
26.367
268.07
474.61
666.48
738.3
785.16
814.44
824.7
826.2
836.4
845.22
839.34
837.9
845.22
848.16
848.16
846.66
855.48
852.54
853.98
852.54
852.54
851.1
855.48
848.16
849.6
848.16
849.6
851.1
638.7
17.578
-436.52
-676.74
-896.46
-1060.6
-1154.3
-1205.6
-1242.2
-1267.1
-1287.6
-1294.9
-1286.2
-1299.3
-1303.7
-1312.5
-1319.8
-1311.1
-1324.2
-1327.1
-1330.1
-1322.8
-1333
-1333
-1331.5
-1331.5
-1315.4
-1336
-1327.1
-1341.8
-1094.2
-297.37
118.65
540.53
773.46
955.08
1097.2
1164.5
1205.6
1243.7
1239.2
1275.9
1290.5
1286.2
1293.5
1313.9
1303.7
1303.7
1318.4
1321.3
1311.1
1316.9
1318.4
1327.1
1328.6
1319.8
1333
1327.1
1331.5
1325.7
1264.1
962.4
779.28
651.84
578.62
527.35
496.58
476.08
459.96
443.85
430.66
418.94
408.69
402.83
392.58
389.65
382.33
382.33
377.93
370.61
370.61
364.75
360.35
366.21
357.42
361.82
358.88
366.21
361.82
361.82
350.1
205.08
102.54
46.875
16.113
7.3242
2.9297
0
-1.4648
-1.4648
0
0
0
0
0
0
0
0
0
0
0
0
0
0
0
0
0
0
0
0
0
282.71
508.3
750
862.8
925.8
955.08
975.6
988.74
1000.5
1013.7
1021
1026.8
1023.9
1038.6
1035.7
1032.7
1043
1038.6
1050.3
1040
1040
1043
1045.9
1043
1050.3
1038.6
1040
1047.4
1048.8
994.62
667.98
442.38
276.86
215.33
166.99
140.63
123.05
112.79
99.612
89.358
80.568
70.314
52.735
33.691
45.41
39.551
35.156
32.227
33.691
33.691
32.227
30.762
24.902
14.648
19.043
32.227
30.762
30.762
33.691
36.621
314.94
530.27
771.96
946.26
1016.6
1051.7
1084
1098.7
1107.4
1120.6
1119.1
1127.9
1138.2
1138.2
1149.9
1151.3
1142.6
1158.7
1154.3
1155.8
1155.8
1149.9
1160.2
1158.7
1152.8
1170.4
1155.8
1166
1161.6
1119.1
799.8
530.27
392.58
294.43
235.84
208.01
188.96
175.78
168.46
153.81
145.02
136.23
130.37
121.58
105.47
111.33
105.47
95.214
76.17
95.214
93.75
79.104
68.85
89.358
86.424
87.888
54.199
89.358
86.424
98.142
210.94
398.44
618.18
733.86
791.04
810.06
813
837.9
839.34
852.54
865.74
864.24
871.56
874.5
870.12
871.56
876
876
874.5
878.88
881.82
876
876
877.44
878.88
878.88
881.82
874.5
877.44
883.32
849.6
814.44
791.04
774.9
752.94
741.24
729.48
723.66
714.84
707.52
704.58
698.76
695.82
689.94
689.94
685.56
689.94
691.38
688.5
692.88
687
675.3
684.06
685.56
684.06
681.18
681.18
682.62
689.94
654.78
681.18
801.24
873.06
908.22
925.8
940.44
946.26
949.2
952.14
949.2
956.52
950.7
953.64
952.14
952.14
960.96
960.96
959.46
962.4
966.78
959.46
968.28
969.72
959.46
966.78
965.34
960.96
966.78
971.22
940.44
959.46
1075.2
1141.1
1180.7
1198.3
1224.6
1230.5
1227.5
1245.1
1251
1258.3
1264.1
1249.5
1261.3
1261.3
1271.5
1268.6
1274.4
1273
1274.4
1271.5
1268.6
1280.3
1273
1270
1265.6
1274.4
1271.5
1271.5
1256.8
780.78
367.67
118.65
60.06
-19.043
-55.664
-42.481
-79.104
-82.032
-83.496
-77.634
-67.38
-86.424
-89.358
-86.424
-58.594
-87.888
-89.358
-86.424
-60.06
-86.424
-89.358
-86.424
-71.778
-74.706
-89.358
-89.358
-80.568
-64.452
-77.634
46.875
257.81
481.93
562.5
610.86
640.14
654.78
656.28
678.24
672.36
701.64
684.06
682.62
697.26
710.46
698.76
697.26
706.08
701.64
695.82
704.58
692.88
713.4
706.08
700.2
695.82
701.64
716.28
694.32
685.56
662.1
603.54
563.96
539.06
520.02
505.37
493.65
486.33
473.14
464.36
459.96
455.57
452.63
442.38
437.99
432.13
426.27
417.48
411.62
414.55
411.62
411.62
410.15
416.02
404.3
402.83
408.69
421.88
416.02
416.02
325.19
229.98
181.64
147.95
133.3
118.65
105.47
96.678
87.888
79.104
67.38
61.524
55.664
49.805
43.945
41.015
38.086
36.621
19.043
19.043
33.691
35.156
33.691
36.621
32.227
35.156
35.156
36.621
30.762
17.578
23.438
36.621
35.156
33.691
35.156
35.156
33.691
36.621
33.691
27.832
14.648
26.367
33.691
32.227
32.227
33.691
33.691
32.227
30.762
32.227
32.227
14.648
17.578
30.762
33.691
32.227
29.297
30.762
30.762
-38.086
-290.04
-511.23
-602.04
-676.74
-706.08
-720.72
-730.98
-735.36
-741.24
-748.56
-755.88
-744.12
-742.68
-754.38
-754.38
-757.32
-758.76
-761.7
-763.2
-752.94
-764.64
-767.58
-770.52
-763.2
-757.32
-766.14
-767.58
-763.2
-763.2
-745.62
-700.2
-666.48
-641.58
-624
-610.86
-599.12
-584.47
-578.62
-572.75
-569.83
-563.96
-558.11
-550.78
-550.78
-549.32
-552.25
-541.99
-547.85
-537.6
-546.38
-537.6
-539.06
-534.67
-527.35
-531.74
-520.02
-531.74
-520.02
-533.2
-373.54
-651.84
-818.82
-933.12
-988.74
-1031.3
-1035.7
-1057.6
-1070.8
-1066.4
-1088.4
-1082.5
-1088.4
-1098.7
-1086.9
-1097.2
-1100.1
-1098.7
-1101.5
-1098.7
-1097.2
-1100.1
-1101.5
-1104.5
-1110.4
-1103
-1106
-1107.4
-1103
-1107.4
-1056.2
-1139.6
-1207
-1233.4
-1267.1
-1274.4
-1271.5
-1293.5
-1286.2
-1315.4
-1318.4
-1331.5
-1312.5
-1308.1
-1303.7
-1321.3
-1331.5
-1334.5
-1328.6
-1330.1
-1343.3
-1330.1
-1343.3
-1331.5
-1337.4
-1337.4
-1336
-1337.4
-1336
-1343.3
-834.96
-145.02
243.16
549.32
795.42
993.18
1075.2
1151.3
1199.7
1223.2
1243.7
1242.2
1240.7
1253.9
1253.9
1262.7
1258.3
1258.3
1262.7
1267.1
1274.4
1264.1
1274.4
1268.6
1273
1270
1270
1277.3
1278.8
1278.8
1195.3
1050.3
949.2
878.88
837.9
808.62
782.22
763.2
752.94
739.74
728.04
714.84
713.4
710.46
701.64
689.94
692.88
691.38
697.26
678.24
675.3
670.92
684.06
688.5
685.56
678.24
675.3
679.68
669.42
679.68
379.39
-101.08
-285.64
-474.61
-660.66
-774.9
-840.84
-874.5
-877.44
-899.4
-900.9
-906.72
-914.04
-912.6
-921.36
-930.18
-933.12
-931.62
-936.06
-937.5
-937.5
-938.94
-940.44
-931.62
-930.18
-936.06
-936.06
-933.12
-940.44
-936.06
-747.06
-449.71
-266.6
-175.78
-87.888
-87.888
-65.916
-58.594
-45.41
-30.762
-24.902
-13.184
-2.9297
0
5.8594
5.8594
1.4648
1.4648
0
-1.4648
0
0
0
0
0
0
0
0
0
0
36.621
354.49
559.57
697.26
799.8
855.48
870.12
892.08
908.22
914.04
918.48
925.8
930.18
928.74
931.62
936.06
934.56
936.06
938.94
936.06
933.12
938.94
938.94
936.06
940.44
938.94
933.12
940.44
941.88
938.94
911.16
1004.9
1067.9
1126.4
1164.5
1176.2
1189.4
1193.8
1199.7
1208.5
1204.1
1211.4
1208.5
1210
1214.3
1207
1217.3
1212.9
1212.9
1215.8
1214.3
1215.8
1218.8
1214.3
1217.3
1214.3
1218.8
1205.6
1217.3
1215.8
944.82
375
-67.38
-190.43
-372.07
-575.68
-669.42
-691.38
-692.88
-714.84
-725.1
-736.8
-744.12
-744.12
-745.62
-751.44
-754.38
-764.64
-770.52
-769.02
-774.9
-767.58
-770.52
-770.52
-770.52
-764.64
-767.58
-769.02
-770.52
-763.2
-512.69
32.227
464.36
691.38
890.64
1018.1
1088.4
1148.5
1183.6
1193.8
1212.9
1212.9
1224.6
1226.1
1234.9
1237.8
1231.9
1248.1
1239.2
1248.1
1243.7
1243.7
1251
1242.2
1252.4
1248.1
1248.1
1251
1246.6
1252.4
1136.7
865.74
676.74
553.71
477.54
430.66
402.83
383.79
373.54
358.88
344.24
336.91
326.66
314.94
309.08
303.22
298.83
290.04
279.79
290.04
281.25
281.25
278.32
282.71
281.25
279.79
282.71
287.11
284.18
287.11
199.22
-146.48
-243.16
-481.93
-612.3
-676.74
-708.96
-708.96
-723.66
-733.86
-751.44
-750
-755.88
-766.14
-764.64
-769.02
-764.64
-757.32
-764.64
-763.2
-763.2
-761.7
-770.52
-767.58
-767.58
-761.7
-771.96
-769.02
-767.58
-769.02
-773.46
-769.02
-758.76
-760.26
-761.7
-755.88
-752.94
-754.38
-755.88
-750
-745.62
-748.56
-748.56
-747.06
-744.12
-744.12
-745.62
-742.68
-741.24
-745.62
-748.56
-745.62
-745.62
-745.62
-747.06
-741.24
-739.74
-744.12
-745.62
-745.62
-716.28
-606.42
-524.41
-473.14
-439.45
-418.94
-402.83
-388.18
-377.93
-364.75
-354.49
-348.63
-338.38
-336.91
-325.19
-317.87
-307.62
-314.94
-306.15
-291.5
-291.5
-290.04
-287.11
-295.9
-304.69
-285.64
-287.11
-292.97
-290.04
-295.9
-266.6
-437.99
-644.52
-827.64
-959.46
-999
-1035.7
-1059.1
-1060.6
-1078.1
-1085.5
-1082.5
-1092.8
-1094.2
-1091.3
-1094.2
-1092.8
-1100.1
-1098.7
-1097.2
-1098.7
-1106
-1106
-1111.8
-1100.1
-1108.9
-1113.3
-1104.5
-1108.9
-1114.7
-968.28
-355.96
2.9297
279.79
476.08
613.74
713.4
769.02
786.6
792.48
805.68
810.06
813
814.44
817.38
823.26
820.32
818.82
824.7
821.76
818.82
814.44
820.32
817.38
815.94
824.7
817.38
815.94
820.32
823.26
817.38
802.74
783.72
767.58
748.56
733.86
729.48
722.16
714.84
710.46
707.52
703.14
700.2
692.88
685.56
697.26
694.32
691.38
687
684.06
689.94
685.56
684.06
688.5
688.5
687
688.5
685.56
688.5
688.5
619.62
257.81
20.508
-33.691
-178.71
-206.54
-234.38
-232.91
-238.77
-250.49
-241.7
-240.23
-257.81
-243.16
-246.1
-259.28
-249.02
-238.77
-254.88
-243.16
-243.16
-237.31
-256.35
-241.7
-241.7
-254.88
-246.1
-250.49
-256.35
-251.95
-210.94
184.57
590.33
805.68
958.02
1056.2
1123.6
1151.3
1179.2
1199.7
1196.8
1214.3
1226.1
1230.5
1237.8
1234.9
1239.2
1237.8
1239.2
1243.7
1239.2
1249.5
1243.7
1246.6
1252.4
1245.1
1251
1246.6
1251
1245.1
1234.9
1091.3
949.2
862.8
805.68
764.64
738.3
719.22
704.58
687
678.24
667.98
663.6
653.34
650.4
641.58
634.26
635.76
637.2
629.88
628.44
632.82
626.94
621.12
625.5
621.12
624
631.32
629.88
626.94
587.4
612.3
876
991.68
1073.8
1126.4
1164.5
1180.7
1188
1196.8
1201.2
1204.1
1204.1
1205.6
1215.8
1214.3
1217.3
1218.8
1212.9
1220.2
1217.3
1221.7
1223.2
1218.8
1224.6
1220.2
1223.2
1221.7
1221.7
1221.7
1199.7
950.7
741.24
583.01
498.05
440.92
411.62
392.58
375
355.96
344.24
333.98
322.27
314.94
304.69
295.9
294.43
292.97
282.71
281.25
276.86
285.64
271
272.46
268.07
288.58
272.46
279.79
285.64
288.58
285.64
329.59
571.29
707.52
830.58
878.88
897.96
919.92
915.54
931.62
937.5
944.82
953.64
955.08
950.7
947.76
963.84
952.14
959.46
959.46
959.46
960.96
962.4
963.84
963.84
965.34
959.46
960.96
960.96
960.96
915.54
555.17
177.25
11.719
-84.96
-165.53
-166.99
-194.83
-202.15
-191.89
-224.12
-196.29
-218.26
-208.01
-199.22
-227.05
-200.68
-208.01
-221.19
-199.22
-229.98
-197.75
-199.22
-228.52
-200.68
-227.05
-202.15
-200.68
-231.44
-205.08
-222.65
-222.65
-209.47
-197.75
-186.04
-175.78
-165.53
-162.6
-152.35
-143.56
-139.16
-108.4
-124.51
-124.51
-95.214
-118.65
-120.12
-99.612
-108.4
-115.72
-108.4
-93.75
-117.19
-115.72
-87.888
-114.26
-114.26
-83.496
-115.72
-114.26
-92.286
-14.648
74.706
121.58
112.79
158.2
130.37
169.92
142.09
168.46
171.38
155.27
172.85
156.74
177.25
165.53
174.32
168.46
174.32
169.92
172.85
165.53
171.38
171.38
172.85
171.38
172.85
171.38
171.38
171.38
169.92
-4.3945
-143.56
-297.37
-423.34
-462.89
-484.87
-493.65
-503.9
-505.37
-511.23
-508.3
-506.84
-509.77
-512.69
-512.69
-514.16
-512.69
-511.23
-512.69
-512.69
-517.09
-517.09
-515.63
-512.69
-517.09
-518.56
-520.02
-517.09
-514.16
-511.23
-35.156
379.39
613.74
892.08
1051.7
1152.8
1205.6
1227.5
1253.9
1275.9
1284.7
1294.9
1306.6
1299.3
1309.6
1315.4
1315.4
1306.6
1325.7
1316.9
1311.1
1321.3
1324.2
1327.1
1325.7
1325.7
1321.3
1331.5
1327.1
1072.3
689.94
445.31
287.11
218.26
165.53
142.09
125.98
114.26
104
95.214
84.96
77.634
71.778
54.199
57.129
49.805
46.875
42.481
39.551
41.015
30.762
17.578
27.832
36.621
38.086
36.621
33.691
36.621
39.551
5.8594
-54.199
-115.72
-146.48
-130.37
-165.53
-140.63
-164.06
-164.06
-146.48
-169.92
-139.16
-169.92
-142.09
-169.92
-137.69
-172.85
-149.41
-161.13
-165.53
-145.02
-169.92
-143.56
-169.92
-140.63
-172.85
-140.63
-172.85
-143.56
-168.46
-169.92
-209.47
-205.08
-246.1
-224.12
-225.59
-256.35
-228.52
-229.98
-246.1
-246.1
-228.52
-235.84
-251.95
-232.91
-232.91
-259.28
-229.98
-235.84
-259.28
-229.98
-231.44
-244.63
-237.31
-225.59
-235.84
-246.1
-224.12
-229.98
-253.42
-213.87
-312.01
-581.54
-666.48
-736.8
-760.26
-782.22
-799.8
-811.5
-813
-817.38
-821.76
-821.76
-818.82
-824.7
-826.2
-823.26
-823.26
-827.64
-832.02
-826.2
-827.64
-834.96
-832.02
-823.26
-830.58
-832.02
-827.64
-827.64
-832.02
-518.56
-177.25
57.129
143.56
253.42
268.07
285.64
298.83
304.69
325.19
323.73
316.4
320.8
316.4
320.8
322.27
317.87
319.34
317.87
320.8
333.98
331.06
323.73
323.73
317.87
322.27
331.06
325.19
332.52
326.66
139.16
54.199
-42.481
-96.678
-89.358
-130.37
-137.69
-111.33
-142.09
-142.09
-115.72
-146.48
-117.19
-146.48
-145.02
-118.65
-147.95
-121.58
-139.16
-146.48
-114.26
-145.02
-131.84
-124.51
-142.09
-115.72
-143.56
-142.09
-112.79
-142.09
-46.875
92.286
184.57
225.59
268.07
281.25
279.79
275.39
281.25
292.97
312.01
295.9
301.76
288.58
288.58
290.04
312.01
288.58
285.64
292.97
285.64
284.18
307.62
281.25
282.71
281.25
285.64
281.25
307.62
287.11
183.11
-127.44
-178.71
-372.07
-464.36
-499.51
-515.63
-524.41
-528.81
-537.6
-539.06
-539.06
-539.06
-540.53
-541.99
-544.92
-541.99
-541.99
-539.06
-540.53
-540.53
-540.53
-541.99
-539.06
-537.6
-540.53
-541.99
-543.46
-543.46
-539.06
-276.86
86.424
268.07
537.6
631.32
691.38
723.66
726.54
752.94
760.26
761.7
769.02
770.52
773.46
780.78
782.22
791.04
792.48
792.48
789.54
786.6
788.1
780.78
791.04
796.86
796.86
796.86
799.8
798.36
795.42
701.64
508.3
383.79
303.22
251.95
228.52
208.01
191.89
183.11
169.92
161.13
152.35
143.56
136.23
128.9
125.98
121.58
120.12
120.12
115.72
117.19
117.19
105.47
99.612
118.65
115.72
90.822
120.12
118.65
89.358
74.706
1.4648
-60.06
-92.286
-101.08
-86.424
-104
-111.33
-109.87
-84.96
-115.72
-112.79
-82.032
-115.72
-112.79
-87.888
-111.33
-115.72
-101.08
-98.142
-115.72
-114.26
-84.96
-114.26
-115.72
-84.96
-114.26
-114.26
-92.286
-109.87
-45.41
19.043
117.19
159.67
147.95
188.96
159.67
197.75
166.99
199.22
172.85
194.83
180.17
186.04
194.83
175.78
206.54
180.17
200.68
174.32
202.15
178.71
200.68
186.04
205.08
184.57
196.29
199.22
196.29
202.15
181.64
265.13
313.48
336.91
350.1
360.35
363.28
366.21
364.75
366.21
363.28
358.88
360.35
360.35
357.42
363.28
360.35
358.88
360.35
360.35
358.88
360.35
364.75
367.67
366.21
367.67
367.67
367.67
373.54
373.54
251.95
-268.07
-561.04
-764.64
-960.96
-1104.5
-1190.9
-1236.3
-1246.6
-1278.8
-1265.6
-1297.9
-1290.5
-1306.6
-1312.5
-1312.5
-1311.1
-1302.2
-1311.1
-1300.8
-1322.8
-1319.8
-1325.7
-1325.7
-1327.1
-1334.5
-1333
-1341.8
-1328.6
-1340.3
-1186.5
-738.3
-474.61
-285.64
-161.13
-111.33
-87.888
-67.38
-57.129
-48.34
-38.086
-29.297
-19.043
-14.648
-5.8594
0
4.3945
4.3945
1.4648
0
-2.9297
0
0
1.4648
0
0
0
0
0
0
2.9297
326.66
565.43
801.24
924.3
991.68
1044.4
1051.7
1070.8
1088.4
1098.7
1104.5
1103
1108.9
1123.6
1117.7
1123.6
1120.6
1122.1
1129.4
1120.6
1125
1126.4
1123.6
1135.3
1127.9
1130.9
1135.3
1138.2
1142.6
1001.9
364.75
-127.44
-300.29
-452.63
-625.5
-742.68
-793.92
-817.38
-826.2
-840.84
-843.78
-845.22
-861.3
-862.8
-862.8
-874.5
-873.06
-867.18
-880.38
-874.5
-871.56
-877.44
-871.56
-874.5
-876
-876
-876
-878.88
-877.44
-764.64
-234.38
52.735
249.02
423.34
505.37
562.5
584.47
596.19
609.36
613.74
616.68
615.24
618.18
621.12
626.94
624
626.94
625.5
626.94
629.88
625.5
625.5
625.5
624
626.94
625.5
619.62
624
626.94
536.13
8.7888
-268.07
-462.89
-609.36
-771.96
-836.4
-865.74
-877.44
-895.02
-896.46
-915.54
-915.54
-925.8
-918.48
-925.8
-928.74
-930.18
-927.24
-936.06
-930.18
-931.62
-938.94
-940.44
-933.12
-937.5
-943.38
-936.06
-940.44
-943.38
-925.8
-839.34
-793.92
-751.44
-719.22
-694.32
-679.68
-663.6
-653.34
-641.58
-631.32
-632.82
-622.56
-621.12
-615.24
-612.3
-616.68
-612.3
-609.36
-607.92
-607.92
-606.42
-603.54
-597.65
-597.65
-599.12
-600.6
-602.04
-597.65
-593.26
-505.37
-219.73
42.481
196.29
251.95
288.58
312.01
326.66
331.06
333.98
338.38
342.77
342.77
350.1
350.1
351.56
348.63
344.24
347.17
354.49
355.96
361.82
357.42
358.88
355.96
361.82
361.82
367.67
360.35
363.28
353.03
225.59
111.33
48.34
17.578
5.8594
0
-4.3945
-1.4648
0
0
0
0
0
0
0
0
0
0
0
0
0
0
0
0
0
0
0
0
0
0
275.39
544.92
791.04
947.76
1045.9
1094.2
1129.4
1151.3
1161.6
1164.5
1171.9
1171.9
1180.7
1183.6
1177.7
1189.4
1183.6
1189.4
1192.4
1188
1190.9
1192.4
1190.9
1196.8
1189.4
1199.7
1189.4
1193.8
