0
-0.024414
-7.0801
-10.62
-14.526
-17.017
-19.141
-20.313
-21.216
-21.509
-21.606
-21.948
-21.68
-22.192
-21.997
-22.314
-22.168
-22.461
-22.437
-22.632
-22.534
-22.729
-22.656
-22.778
-22.803
-22.705
-22.778
-22.778
-22.852
-22.778
-22.729
-21.802
-17.334
-14.648
-12.256
-10.718
-9.8389
-9.3506
-8.96
-8.5938
-8.2764
-8.1543
-7.9346
-7.8369
-7.6904
-7.5928
-7.5195
-7.3975
-7.373
-7.2754
-7.2998
-7.1533
-7.1533
-6.9336
-7.0801
-7.1045
-6.958
-6.8848
-6.8604
-6.6895
-6.6895
-7.0068
-5.5664
-4.9316
-4.4434
-4.1504
-3.8574
-3.6377
-3.418
-3.2715
-3.1006
-2.9541
-2.8076
-2.7344
-2.4902
-2.1729
-2.5146
-2.002
-2.4658
-2.3193
-2.0752
-2.417
-1.9775
-2.5146
-2.417
-2.002
-2.4902
-1.9775
-2.4902
-2.4902
-1.9531
-1.7822
0.36621
2.124
3.5156
3.9307
3.9307
4.126
4.6631
4.2236
4.2236
4.2969
4.7119
4.2725
4.2969
4.2236
4.7119
4.3457
4.2725
4.3213
4.7607
4.3945
4.3945
4.4189
4.5898
4.4189
4.4434
4.3701
4.5166
4.7852
4.4678
3.3936
-0.56152
-3.6621
-5.8838
-7.7148
-8.252
-8.5449
-8.7402
-8.7891
-8.9844
-8.9355
-8.9355
-8.96
-8.96
-9.0332
-8.96
-8.9844
-9.0088
-9.0332
-9.1064
-9.1064
-9.082
-9.0332
-9.0576
-9.0332
-9.0576
-9.0332
-8.9844
-9.0088
-8.8867
-8.7402
-10.962
-14.526
-17.603
-19.531
-20.654
-21.509
-21.802
-22.119
-22.29
-22.29
-22.485
-22.461
-22.632
-22.559
-22.705
-22.607
-22.754
-22.607
-22.778
-22.729
-22.778
-22.778
-22.778
-22.754
-22.803
-22.876
-22.754
-22.9
-22.803
-22.803
-22.144
-21.509
-21.045
-20.557
-20.386
-20.117
-19.897
-19.824
-19.604
-19.58
-19.482
-19.409
-19.385
-19.214
-19.116
-19.165
-19.043
-19.238
-19.092
-19.092
-19.067
-19.067
-19.165
-19.019
-18.994
-19.067
-18.945
-19.019
-19.019
-17.773
-10.547
-4.8584
-1.2451
-1.6602
-0.58594
-0.073242
0.12207
0.24414
0.21973
0.1709
0.097656
0.024414
0.024414
0
0
0
0
0
0
0
0
0
0
0
0
0
0
0
0
0.024414
0.78125
1.3184
1.6113
1.2451
1.8799
1.8311
1.416
1.9043
1.9775
1.6357
1.7578
1.9775
1.8311
1.6357
1.9775
1.9531
1.5137
2.0264
1.9775
1.4893
1.9775
2.002
1.4648
2.002
1.9775
1.4893
2.0264
1.9531
1.5381
2.002
2.002
1.5381
1.8311
1.9287
1.8066
1.5381
1.9287
1.9043
1.3916
1.9043
1.9287
1.3428
1.9043
1.9043
1.5137
1.7334
1.8799
1.8311
1.4404
1.9043
1.9043
1.3184
1.9287
1.8799
1.4404
1.8066
1.8799
1.7578
1.4893
1.4404
-2.2949
-4.7363
-7.9834
-10.547
-12.109
-12.5
-12.817
-13.232
-13.257
-13.184
-13.379
-13.354
-13.55
-13.428
-13.501
-13.623
-13.696
-13.623
-13.574
-13.647
-13.745
-13.647
-13.574
-13.525
-13.599
-13.623
-13.599
-13.794
-13.599
-13.086
-13.086
-14.746
-15.796
-16.284
-16.406
-16.675
-17.114
-17.065
-17.09
-17.31
-17.212
-17.432
-17.358
-17.358
-17.383
-17.603
-17.48
-17.603
-17.578
-17.529
-17.651
-17.627
-17.603
-17.554
-17.529
-17.554
-17.7
-17.651
-17.651
-17.529
-12.598
-7.0801
-3.6865
-1.7578
-0.78125
-0.26855
-0.024414
0.048828
0.1709
0.19531
0.12207
0.048828
-0.048828
-0.048828
-0.024414
0
0.024414
0
0
0
0
0
0
0
0
0
0
0
0
0
-0.31738
-0.92773
-1.9531
-2.1484
-1.8066
-2.3438
-2.3438
-1.9043
-2.3926
-2.1484
-2.2705
-2.3682
-2.002
-2.3926
-2.3926
-2.002
-2.3682
-1.9775
-2.3926
-2.3682
-1.8799
-2.3682
-2.1484
-2.1484
-2.3926
-1.9043
-2.4414
-2.417
-1.9287
-2.4902
-5.3955
-9.8633
-13.794
-16.65
-17.993
-18.994
-19.482
-19.629
-19.873
-19.971
-20.02
-20.068
-20.044
-20.288
-20.239
-20.337
-20.337
-20.337
-20.288
-20.166
-20.264
-20.337
-20.215
-20.41
-20.386
-20.435
-20.459
-20.459
-20.557
-20.435
-20.361
-20.117
-19.849
-19.824
-19.629
-19.556
-19.409
-19.336
-19.385
-19.287
-19.336
-19.141
-19.165
-19.287
-19.141
-19.214
-19.165
-19.141
-19.141
-19.092
-18.896
-19.092
-18.945
-19.043
-19.092
-18.896
-19.019
-18.945
-18.97
-18.921
-7.4463
1.001
6.4697
10.425
14.111
15.869
17.017
17.773
18.115
18.359
18.53
18.457
18.628
18.799
18.823
19.092
19.019
19.238
19.165
19.165
19.189
19.214
19.336
19.287
19.287
19.238
19.189
19.385
19.312
19.336
11.255
2.6367
-1.001
-2.7832
-5.542
-7.1045
-7.4951
-8.0322
-8.1055
-8.1787
-8.3496
-8.3984
-8.252
-8.4717
-8.4473
-8.4961
-8.5693
-8.4229
-8.5205
-8.5205
-8.374
-8.5449
-8.4473
-8.4229
-8.4473
-8.4229
-8.5449
-8.5449
-8.5938
-8.3496
-3.6865
0.58594
3.1006
4.6143
5.4199
5.8838
6.0547
6.25
6.1768
6.25
6.4209
6.3477
6.3232
6.1035
6.3965
6.3232
6.543
6.4941
6.543
6.6162
6.5918
6.665
6.543
6.4941
6.5186
6.3232
6.3232
6.3477
6.3477
6.1523
6.4697
6.958
7.1777
7.3975
7.2021
7.7148
7.6904
7.666
7.7393
7.7881
7.9834
7.9346
8.0566
8.0322
7.8125
7.9834
8.0322
7.9102
7.8369
7.9102
7.8369
7.5684
7.8613
7.8125
7.7148
7.6416
7.7637
7.7881
7.6416
7.8857
2.7344
-0.73242
-3.8574
-5.5176
-6.6162
-7.0313
-7.2266
-7.3486
-7.5195
-7.4951
-7.5684
-7.5684
-7.5439
-7.5684
-7.6416
-7.6416
-7.6172
-7.6416
-7.6172
-7.666
-7.6416
-7.666
-7.7148
-7.6172
-7.6172
-7.5439
-7.5928
-7.6172
-7.5928
-6.665
-9.9609
-12.402
-13.354
-13.892
-14.063
-14.282
-14.429
-14.502
-14.526
-14.502
-14.575
-14.502
-14.6
-14.722
-14.624
-14.697
-14.746
-14.746
-14.6
-14.795
-14.795
-14.648
-14.697
-14.6
-14.551
-14.551
-14.624
-14.697
-14.673
-11.475
-7.3486
-4.7119
-3.6377
-2.6611
-2.3682
-2.0996
-1.8311
-1.6846
-1.4893
-1.3428
-1.1475
-0.95215
-0.90332
-0.80566
-0.68359
-0.61035
-0.58594
-0.58594
-0.48828
-0.26855
-0.39063
-0.53711
-0.53711
-0.5127
-0.56152
-0.53711
-0.56152
-0.53711
-0.5127
0.78125
3.833
6.2744
7.5684
8.5205
8.7891
9.1309
9.082
9.2773
9.3506
9.4482
9.375
9.4482
9.2773
9.3262
9.3018
9.375
9.3018
9.3262
9.2041
9.3994
9.2529
9.4238
9.2529
9.3994
9.3994
9.4727
9.3994
9.4971
9.375
9.3506
9.082
8.8379
8.5938
8.3496
8.2031
8.1055
8.0322
7.959
7.8125
7.6904
7.6172
7.6416
7.7148
7.6416
7.7637
7.7393
7.7148
7.6904
7.666
7.6416
7.6172
7.5928
7.6172
7.5195
7.5439
7.5928
7.5928
7.5928
7.5928
6.5918
9.5215
10.913
12.207
12.549
12.72
12.866
12.866
12.866
12.793
12.891
12.793
12.988
12.964
13.11
13.208
13.184
13.232
13.281
13.11
13.062
13.184
13.159
13.086
13.135
13.184
13.208
13.11
13.184
13.33
7.6904
0.024414
-2.8564
-5.3711
-8.374
-10.254
-10.645
-10.84
-11.23
-11.206
-11.45
-11.523
-11.45
-11.279
-11.426
-11.523
-11.694
-11.694
-11.694
-11.89
-11.768
-11.816
-11.597
-11.67
-11.792
-11.743
-11.963
-11.67
-11.597
-11.719
-9.1309
-5.127
-2.9785
-2.0508
-1.2695
-1.1963
-1.001
-0.85449
-0.63477
-0.5127
-0.39063
-0.29297
-0.1709
-0.024414
0.048828
0.097656
0.048828
0
0
0
0
0
0
0
0
0
0
0
0
0
1.0986
7.4219
10.571
13.818
15.796
16.992
17.456
17.749
17.92
18.164
18.213
18.433
18.579
18.433
18.75
18.628
18.677
18.799
18.726
18.75
18.921
18.921
18.823
18.75
18.799
18.799
18.848
18.896
18.726
18.701
16.846
12.964
10.791
9.3262
8.4473
7.8857
7.4707
7.1289
6.9336
6.7139
6.5918
6.3965
6.3477
6.25
6.1035
6.1035
6.0059
5.957
6.0059
5.7861
5.7373
5.7129
5.4688
5.4443
5.3955
5.5176
5.4199
5.3467
5.3223
5.3223
5.3955
6.2988
6.8848
6.8604
7.4219
7.4951
7.6416
7.373
7.8125
7.8613
7.8369
7.959
8.0566
8.0078
8.0078
7.959
7.8857
7.7393
7.959
7.7637
7.7148
7.6904
7.8369
7.7881
7.666
7.7393
7.9102
7.6416
7.7393
7.9834
6.3965
3.54
2.5635
1.7822
1.3184
1.0742
0.90332
0.73242
0.63477
0.46387
0.39063
0.26855
0.12207
0.097656
0.024414
0
0
-0.024414
0
0
0
0
0
0
0
0
0
0
0
0
-0.63477
-2.5391
-5.1758
-7.7393
-8.5449
-9.2529
-9.2529
-9.5215
-9.5215
-9.6191
-9.7412
-9.6924
-9.8633
-9.7168
-9.9121
-9.8877
-9.9121
-9.9854
-9.9609
-10.107
-10.083
-9.8633
-10.01
-9.9365
-9.9365
-10.01
-9.9609
-9.9854
-9.9121
-9.9854
-5.7617
3.5889
6.4697
10.571
13.696
15.381
16.382
17.041
17.261
17.554
17.554
17.603
17.676
17.725
17.7
17.896
17.896
17.847
17.822
17.847
17.896
17.969
17.847
17.944
17.822
17.993
17.993
17.847
17.969
17.993
13.525
4.248
-0.31738
-3.5156
-6.3965
-8.3984
-10.059
-10.303
-10.596
-10.645
-10.864
-10.913
-10.986
-11.084
-11.06
-11.23
-11.255
-11.182
-11.108
-11.133
-11.255
-11.426
-11.108
-11.353
-11.426
-11.279
-11.279
-11.255
-11.328
-11.499
-10.742
-9.5703
-8.8379
-8.3252
-7.959
-7.6904
-7.3975
-7.1533
-7.0557
-6.9092
-6.8604
-6.7383
-6.665
-6.6406
-6.5186
-6.3477
-6.2988
-6.2744
-6.0791
-6.0547
-6.0059
-6.0059
-5.9082
-5.9326
-5.9814
-6.0303
-6.0059
-6.0059
-5.9326
-6.0059
-5.0049
-6.4453
-8.7891
-11.255
-11.865
-12.329
-12.598
-12.817
-12.915
-12.939
-13.013
-13.013
-13.086
-13.135
-13.281
-13.281
-13.232
-13.33
-13.379
-13.354
-13.281
-13.33
-13.403
-13.379
-13.33
-13.379
-13.403
-13.354
-13.33
-13.379
-11.987
-8.5449
-6.3721
-5.1025
-4.2725
-3.833
-3.5645
-3.2959
-3.0762
-2.8564
-2.7344
-2.5635
-2.3926
-2.2949
-1.9287
-1.8555
-2.0264
-1.7822
-1.6602
-1.9287
-1.8799
-1.416
-1.9043
-1.9287
-1.416
-1.9043
-1.9043
-1.5381
-1.8066
-1.9287
-1.7578
-7.251
-9.8877
-12.939
-15.283
-16.406
-16.968
-17.163
-17.407
-17.212
-17.529
-17.578
-17.651
-17.847
-17.7
-17.822
-17.969
-17.822
-17.896
-17.993
-17.847
-17.822
-17.92
-17.92
-18.066
-18.066
-17.969
-18.042
-17.969
-18.018
-15.088
-7.5439
-0.53711
0.73242
2.1729
3.7109
3.9795
4.4189
4.5654
4.6631
4.6875
4.7119
4.7119
4.7119
4.7119
4.7363
4.7363
4.7119
4.7119
4.7852
4.7607
4.7607
4.7607
4.7363
4.7852
4.7607
4.8096
4.8096
4.834
4.834
4.834
6.2256
9.8633
12.305
13.428
14.282
14.575
14.697
14.844
14.941
14.917
15.063
15.137
15.112
15.186
15.21
15.088
15.161
15.21
15.21
15.137
15.112
15.234
15.112
15.234
15.283
15.186
15.186
15.161
15.21
14.551
11.719
9.5215
8.3984
7.666
7.1289
6.9092
6.5918
6.3965
6.25
6.0791
5.9814
5.8105
5.6641
5.4443
5.3955
5.4443
5.3467
5.249
5.2734
5.249
5.1025
5.2002
5.127
5.0537
5.0781
5.0781
5.1025
5.2246
5.1514
3.4424
-3.7842
-9.3018
-12.915
-15.723
-18.286
-19.653
-20.386
-21.021
-21.118
-21.606
-21.558
-21.631
-21.655
-21.948
-21.997
-22.046
-22.168
-22.168
-22.144
-22.241
-22.241
-22.095
-22.144
-22.241
-22.314
-22.266
-22.119
-22.339
-22.241
-22.217
-21.387
-20.776
-20.313
-19.775
-19.531
-19.238
-18.97
-18.896
-18.652
-18.604
-18.53
-18.408
-18.481
-18.359
-18.335
-18.359
-18.286
-18.164
-18.311
-18.164
-18.164
-18.262
-18.042
-18.164
-18.115
-18.091
-18.164
-18.115
-18.018
-17.407
-13.696
-11.157
-9.4238
-8.6914
-8.0078
-7.5439
-7.2754
-7.0068
-6.7871
-6.665
-6.4453
-6.3721
-6.2012
-6.1035
-6.0791
-5.9326
-5.8594
-5.7129
-5.542
-5.4688
-5.4443
-5.3955
-5.3955
-5.3467
-5.4199
-5.5664
-5.3711
-5.3223
-5.4199
-3.2471
0.024414
3.8086
7.1045
8.9355
10.01
10.278
10.645
10.938
10.864
11.157
11.157
11.255
11.279
11.328
11.23
11.182
11.255
11.255
11.279
11.182
11.279
11.23
11.304
11.255
11.279
11.426
11.45
11.401
11.401
9.5459
3.0518
-0.12207
-3.1006
-4.9072
-6.2744
-6.9824
-7.3975
-7.4951
-7.373
-7.5195
-7.7637
-7.8613
-7.5195
-7.8857
-7.8125
-7.6416
-7.6904
-7.7393
-7.7637
-7.6904
-7.8125
-7.8613
-7.6416
-7.7881
-7.959
-7.7881
-7.9102
-7.9834
-7.8369
-7.5195
-8.0078
-8.3252
-8.1787
-8.5449
-8.4229
-8.7158
-8.6182
-8.6426
-8.8379
-8.7646
-8.8623
-8.7646
-8.9111
-8.8135
-9.0088
-8.96
-8.8867
-8.8135
-8.8135
-9.0332
-8.8623
-8.9355
-8.8135
-8.8135
-8.667
-8.8379
-8.8135
-8.7891
-8.8867
-7.7881
0.43945
8.1299
11.475
15.894
17.676
18.872
19.849
20.117
20.483
20.581
20.825
20.972
20.996
21.143
21.094
21.265
21.216
21.265
21.265
21.24
21.362
21.216
21.362
21.338
21.436
21.338
21.265
21.387
21.289
21.021
18.677
16.26
14.966
13.94
13.232
12.817
12.524
12.183
11.914
11.768
11.67
11.499
11.353
11.353
11.304
11.377
11.182
11.133
11.157
11.035
11.035
10.962
10.962
10.962
10.938
10.938
10.889
10.84
10.986
10.034
10.986
14.014
15.649
16.479
17.212
17.505
17.603
17.798
17.993
17.944
18.188
18.091
18.14
18.262
18.262
18.262
18.335
18.335
18.286
18.433
18.384
18.457
18.408
18.481
18.481
18.286
18.433
18.506
18.506
18.579
18.481
18.359
18.408
18.335
18.213
18.262
18.14
18.213
18.115
18.018
18.066
18.066
17.896
18.066
17.993
17.896
18.018
18.018
17.92
17.993
17.944
17.993
17.944
17.896
17.871
18.018
18.066
17.993
17.896
16.943
9.8389
4.0039
1.5137
-0.024414
-1.001
-1.4404
-1.6602
-1.2939
-1.8311
-1.8799
-1.416
-1.9287
-1.9287
-1.5625
-1.8066
-1.9287
-1.8066
-1.5625
-1.9531
-1.9287
-1.4648
-1.9287
-1.9287
-1.416
-1.9287
-1.9043
-1.709
-1.8555
-1.9287
-1.6602
-1.8799
-4.5654
-5.6396
-6.1035
-6.3721
-6.5186
-6.5674
-6.5918
-6.6162
-6.6406
-6.7139
-6.7139
-6.7627
-6.7383
-6.665
-6.665
-6.6406
-6.6406
-6.6406
-6.6895
-6.665
-6.6406
-6.6162
-6.6162
-6.6406
-6.665
-6.6406
-6.665
-6.6895
-6.1035
-6.0303
-8.5938
-9.7656
-10.327
-10.547
-10.62
-10.742
-10.791
-10.864
-10.84
-10.84
-10.938
-10.962
-10.938
-10.913
-10.938
-11.011
-11.035
-11.011
-10.986
-11.06
-11.084
-11.035
-10.986
-10.986
-11.035
-11.06
-10.986
-10.962
-10.986
-10.815
-10.498
-10.205
-10.034
-9.8877
-9.7656
-9.7168
-9.5215
-9.4238
-9.375
-9.375
-9.3018
-9.2285
-9.1553
-9.1797
-9.1797
-9.1797
-9.082
-9.1553
-9.0576
-9.082
-9.1553
-9.1064
-9.082
-9.1309
-9.1064
-9.0576
-9.1309
-9.0332
-9.0576
-8.9844
-8.9355
-8.8867
-8.8623
-8.7891
-8.7158
-8.667
-8.7402
-8.7402
-8.6914
-8.6426
-8.6182
-8.6426
-8.6426
-8.6426
-8.6182
-8.5449
-8.5693
-8.5693
-8.6182
-8.6182
-8.5693
-8.5449
-8.5693
-8.5693
-8.6182
-8.6426
-8.6182
-8.5449
-8.5449
-8.8379
-9.3262
-9.5947
-9.6436
-9.668
-9.5947
-9.8877
-9.7656
-9.8145
-9.8145
-9.8877
-9.9609
-9.9365
-9.8389
-9.9365
-9.8633
-9.9365
-9.8145
-9.7412
-9.8145
-9.7412
-9.8633
-9.7412
-9.6924
-9.7656
-9.7168
-9.8877
-9.6924
-9.8389
-9.79
-9.5947
-9.8633
-9.8145
-9.9365
-10.083
-10.132
-10.229
-10.4
-10.132
-10.156
-10.327
-10.254
-10.156
-10.352
-10.181
-10.107
-10.327
-10.303
-10.205
-10.303
-10.303
-10.327
-10.205
-10.4
-10.156
-10.327
-10.303
-10.303
-10.205
-10.425
-8.2031
-6.3477
-5.3955
-4.6631
-4.2725
-4.0283
-3.833
-3.6133
-3.4668
-3.3203
-3.1494
-3.0518
-2.9541
-2.8809
-2.7344
-2.3682
-2.5879
-2.0752
-2.5146
-2.417
-2.0996
-2.4658
-1.9775
-2.4902
-2.3926
-2.002
-2.3926
-1.9287
-2.3926
-2.3926
-1.416
-4.0771
-5.127
-5.6885
-6.0059
-5.9814
-6.2256
-6.2012
-6.1523
-6.2256
-6.25
-6.2012
-6.2256
-6.2988
-6.2256
-6.4209
-6.543
-6.3721
-6.3477
-6.4453
-6.4209
-6.3965
-6.5918
-6.3965
-6.3477
-6.3965
-6.3477
-6.3232
-6.3477
-6.4941
-10.62
-14.697
-16.675
-18.481
-19.019
-19.531
-19.727
-19.849
-20.093
-20.215
-20.508
-20.459
-20.63
-20.63
-20.459
-20.776
-20.654
-20.776
-20.703
-20.752
-20.801
-20.874
-20.972
-20.801
-20.825
-20.874
-20.898
-20.947
-20.947
-13.843
-7.0068
-0.97656
0.29297
1.7578
2.9785
3.3447
3.5889
3.6621
3.7354
3.7842
3.6621
3.7598
3.6621
3.6865
3.8086
3.6621
3.7109
3.6621
3.5156
3.833
3.5645
3.6621
3.6621
3.5645
3.7598
3.5645
3.6133
3.7598
3.5889
2.8564
1.3672
0.58594
0.19531
0.073242
0
0
-0.024414
0
0
0
0
0
0
0
0
0
0
0
0
0
0
0
0
0
0
0
0
0
0
-1.9043
-4.834
-8.5449
-10.62
-12.036
-12.5
-12.744
-12.939
-13.086
-13.11
-13.159
-13.232
-13.281
-13.257
-13.257
-13.306
-13.354
-13.306
-13.33
-13.379
-13.403
-13.257
-13.33
-13.403
-13.281
-13.232
-13.306
-13.354
-13.257
-13.33
-8.9111
-2.3193
-1.4648
0.26855
1.123
1.5137
1.6357
1.3184
1.8555
1.8799
1.3672
1.9287
1.8799
1.4893
1.8066
1.8799
1.7578
1.5137
1.9043
1.8555
1.3672
1.9043
1.8555
1.3916
1.8799
1.8555
1.9043
1.9043
1.9287
1.8555
0.048828
-1.7334
-3.5645
-5.835
-6.6406
-6.7871
-7.0313
-7.1045
-7.0313
-7.0557
-7.2021
-7.2998
-7.3242
-7.1045
-7.2998
-7.373
-7.3242
-7.3975
-7.1289
-7.2754
-7.2754
-7.2754
-7.251
-7.1289
-7.3486
-7.373
-7.3242
-7.3242
-7.4219
-7.4707
-4.2236
1.4648
3.7598
6.25
7.8613
8.6426
8.96
9.1553
9.2285
9.3262
9.3506
9.3018
9.3018
9.3018
9.4238
9.3506
9.4238
9.4727
9.5215
9.5215
9.4971
9.4971
9.5215
9.4482
9.4727
9.4727
9.3994
9.3262
9.375
9.3018
5.0293
-3.4912
-5.4932
-9.6924
-12.183
-14.233
-14.99
-15.601
-15.869
-15.991
-16.235
-16.26
-16.382
-16.382
-16.553
-16.553
-16.553
-16.65
-16.602
-16.65
-16.675
-16.577
-16.65
-16.748
-16.626
-16.699
-16.748
-16.626
-16.724
-16.675
-10.327
-0.43945
4.6387
8.6914
12.646
14.502
15.82
16.626
17.139
17.456
17.676
17.7
17.773
17.896
17.822
17.92
17.92
17.847
17.969
17.944
17.969
17.969
17.969
17.871
17.993
17.822
17.993
17.969
17.944
17.871
11.377
1.8066
-4.8584
-8.0322
-12.646
-14.233
-16.04
-17.041
-17.212
-17.578
-17.651
-17.725
-18.018
-18.018
-18.042
-18.237
-18.188
-18.237
-18.384
-18.335
-18.433
-18.359
-18.384
-18.53
-18.408
-18.335
-18.457
-18.384
-18.433
-18.481
-18.115
-17.188
-16.431
-15.869
-15.552
-15.21
-14.868
-14.722
-14.6
-14.404
-14.331
-14.282
-14.185
-14.087
-14.136
-14.111
-13.989
-13.916
-14.038
-14.014
-13.94
-13.965
-13.965
-13.867
-13.843
-13.94
-13.94
-13.867
-13.867
-13.916
-12.695
-14.502
-17.114
-18.481
-18.97
-19.458
-19.727
-19.873
-20.02
-20.044
-20.19
-20.142
-20.239
-20.19
-20.215
-20.337
-20.313
-20.239
-20.288
-20.166
-20.313
-20.19
-20.386
-20.41
-20.313
-20.459
-20.435
-20.386
-20.215
-20.264
-14.795
-3.1982
4.8096
9.1797
12.817
15.625
17.383
18.359
18.726
19.141
19.312
19.507
19.482
19.751
19.946
19.971
20.068
20.093
20.068
20.117
20.142
19.849
20.166
20.117
20.166
19.873
20.142
20.117
20.142
20.337
18.701
11.792
6.5674
3.3691
1.5869
0.68359
0.26855
0.048828
-0.024414
-0.14648
-0.097656
-0.024414
0.024414
0.048828
0
0
-0.024414
0
0
0
0
0
0
0
0
0
0
0
0
0
-0.92773
-2.2461
-6.1279
-8.0811
-8.9355
-9.3262
-9.5947
-9.7656
-9.7412
-9.8145
-9.8389
-9.7656
-9.8877
-9.8877
-9.8633
-9.8145
-9.79
-9.9365
-9.8389
-9.9121
-9.7656
-9.8389
-9.8877
-9.79
-9.9609
-9.8877
-9.9121
-9.9365
-9.9365
-9.8633
-9.0576
-10.498
-11.792
-12.476
-12.842
-12.915
-13.062
-13.159
-13.208
-13.452
-13.477
-13.599
-13.452
-13.599
-13.525
-13.55
-13.647
-13.672
-13.477
-13.623
-13.647
-13.721
-13.696
-13.696
-13.77
-13.721
-13.672
-13.745
-13.721
-13.721
-10.034
0.14648
6.6162
10.547
14.453
16.821
18.481
19.556
19.8
19.8
20.41
20.435
20.581
20.63
20.923
20.801
20.898
21.118
20.874
21.094
21.094
21.216
21.118
21.118
21.216
20.996
21.289
21.143
21.338
21.387
17.969
7.4951
0.65918
-2.3926
-6.6406
-8.6914
-10.059
-10.571
-10.938
-11.108
-11.133
-11.206
-11.255
-11.353
-11.255
-11.328
-11.328
-11.45
-11.401
-11.353
-11.426
-11.426
-11.499
-11.45
-11.377
-11.475
-11.475
-11.401
-11.426
-11.426
-7.8857
1.1475
7.3486
11.523
14.893
17.139
18.311
18.921
19.507
19.653
19.922
19.897
20.215
20.239
20.264
20.581
20.581
20.557
20.581
20.557
20.776
20.728
20.898
20.85
20.801
20.776
20.752
20.801
20.752
20.752
19.922
13.208
7.4951
3.9063
1.9287
0.85449
0.31738
0.12207
0
0
-0.073242
-0.024414
-0.024414
0
0
0
0
0
0
0
0
0
0
0
0
0
0
0
0
0
0.048828
0.97656
1.2207
1.4648
1.7822
1.8066
1.6357
1.9043
1.8555
1.6846
1.8799
1.9287
1.8311
1.6357
1.9287
1.8555
1.5137
1.9043
1.8799
1.3916
1.9043
1.9043
1.5625
1.6846
1.9043
1.8311
1.416
1.9287
1.9287
1.3916
2.3926
4.6875
7.8613
11.67
13.086
14.014
14.404
14.673
14.868
14.844
14.819
14.966
15.015
14.917
14.868
15.161
14.941
15.039
15.137
15.039
15.063
15.039
15.161
15.088
15.234
15.161
15.21
15.112
15.234
15.186
14.551
15.82
16.846
17.627
18.164
18.311
18.555
18.726
18.677
19.067
18.97
19.019
19.214
19.043
19.189
19.238
19.165
19.385
19.36
19.238
19.189
19.189
19.409
19.287
19.336
19.36
19.336
19.36
19.336
19.312
17.749
9.6924
3.6133
1.4648
0.29297
-0.75684
-1.1475
-1.2207
-1.3672
-1.1475
-1.416
-1.4404
-1.4648
-1.2939
-1.2451
-1.4893
-1.4404
-1.4893
-1.1475
-1.4648
-1.4893
-1.4404
-1.4893
-1.4648
-1.5137
-1.4404
-1.001
-1.4404
-1.4893
-1.4648
-1.5625
-6.4453
-8.4717
-12.231
-15.527
-16.724
-17.578
-18.286
-18.384
-18.579
-18.774
-18.848
-19.165
-19.165
-19.287
-19.385
-19.336
-19.409
-19.409
-19.385
-19.434
-19.287
-19.434
-19.482
-19.336
-19.458
-19.409
-19.287
-19.507
-19.409
-19.458
-19.312
-19.434
-19.482
-19.531
-19.751
-19.849
-19.8
-19.946
-19.873
-20.02
-19.922
-19.873
-20.02
-19.849
-19.971
-19.897
-19.873
-20.068
-19.8
-19.873
-19.946
-19.873
-20.02
-19.849
-20.044
-20.044
-19.971
-20.044
-19.971
-20.044
-19.8
-19.507
-19.434
-19.141
-19.189
-19.043
-18.921
-18.97
-18.726
-18.799
-18.823
-18.701
-18.726
-18.726
-18.628
-18.652
-18.604
-18.628
-18.652
-18.506
-18.677
-18.579
-18.481
-18.652
-18.579
-18.506
-18.555
-18.457
-18.506
-17.383
-9.8389
-4.126
-2.1973
0
0.12207
0.43945
0.85449
0.90332
0.90332
0.97656
0.95215
0.63477
0.75684
1.001
0.95215
0.97656
0.97656
0.85449
0.56152
0.97656
0.97656
0.95215
0.97656
0.97656
0.97656
0.95215
0.97656
0.92773
0.95215
0.95215
0.80566
0.68359
0.53711
0.41504
0.26855
0.19531
0.12207
0.024414
0
0
0
0
0
0
0
0
0
0
0
0
0
0
0
0
0
0
0
0
0
0.048828
2.0996
3.1494
4.541
5.249
5.5176
5.5908
5.5176
5.6152
5.6396
5.6396
5.7129
5.7373
5.8105
5.9082
5.8838
5.8838
5.835
5.8594
5.8105
5.8105
6.0303
6.1279
6.0059
5.8838
5.7129
5.7617
5.6641
5.7373
5.7617
5.7861
5.3223
9.7168
11.719
12.744
13.257
13.599
13.916
14.014
14.233
14.429
14.453
14.478
14.478
14.575
14.502
14.575
14.6
14.697
14.697
14.722
14.771
14.746
14.697
14.746
14.746
14.697
14.697
14.771
14.722
13.696
7.2998
1.416
-0.19531
-2.3193
-3.0273
-4.1504
-3.9307
-4.0771
-4.6631
-4.248
-4.2969
-4.1992
-4.6875
-4.3213
-4.3213
-4.2236
-4.6143
-4.4189
-4.248
-4.2969
-4.5166
-4.541
-4.3457
-4.3213
-4.3945
-4.7119
-4.3701
-4.2725
-4.3213
-4.1504
-7.0801
-10.522
-14.673
-17.407
-19.214
-20.239
-20.825
-21.118
-21.094
-21.362
-21.606
-21.484
-21.68
-21.582
-21.948
-21.802
-22.119
-21.948
-22.021
-22.095
-22.046
-22.119
-22.29
-22.217
-21.997
-22.266
-22.046
-22.266
-22.046
-22.021
-10.303
-0.41504
5.2246
8.96
12.817
14.502
15.723
16.479
16.65
16.895
17.383
17.236
17.456
17.432
17.651
17.676
17.7
17.603
17.896
17.871
17.822
17.847
17.969
17.896
18.066
17.993
17.969
17.993
18.042
17.578
9.5459
2.5146
-2.2705
-3.1738
-6.2744
-7.4463
-7.9346
-8.1787
-8.2275
-8.3496
-8.4961
-8.5205
-8.4961
-8.4717
-8.4717
-8.4473
-8.5693
-8.5693
-8.5693
-8.5449
-8.5449
-8.5938
-8.6182
-8.6426
-8.6182
-8.5693
-8.5693
-8.5938
-8.5938
-8.6182
-8.0811
-7.4219
-7.0313
-6.7871
-6.5186
-6.2744
-6.1035
-5.9082
-5.7861
-5.6885
-5.5908
-5.5176
-5.4932
-5.3955
-5.3711
-5.3223
-5.3711
-5.2979
-5.3223
-5.3223
-5.2979
-5.3223
-5.2979
-5.249
-5.249
-5.249
-5.2246
-5.2002
-5.2246
-5.1514
1.4893
7.0557
11.499
14.966
17.188
17.847
18.628
18.823
19.312
19.531
19.678
19.873
19.995
20.068
20.093
20.142
20.19
20.117
20.313
20.239
20.239
20.386
20.288
20.41
20.361
20.361
20.386
20.361
20.483
20.361
15.381
10.767
7.9102
5.835
4.6631
4.0771
3.6377
3.4424
3.2471
3.0029
2.8809
2.7588
2.5391
2.4658
2.3438
2.2217
2.1484
2.0996
2.0264
2.0264
2.0264
2.002
1.9775
1.9775
1.9531
1.9775
1.9531
1.9287
1.9775
1.9775
1.9043
3.9063
4.248
4.5654
4.8828
5.1514
4.9072
4.9072
4.9561
4.9316
5.1025
5.0781
5.0537
5.0781
5.0293
5.127
5.127
5.1514
5.1025
5.1025
5.1514
5.1025
5.2246
5.2002
5.2246
5.2002
5.1514
5.2246
5.2246
-0.19531
-5.0293
-9.2529
-11.963
-15.015
-15.942
-16.528
-16.919
-16.992
-17.188
-17.358
-17.31
-17.407
-17.407
-17.456
-17.48
-17.578
-17.529
-17.554
-17.578
-17.407
-17.529
-17.554
-17.578
-17.725
-17.578
-17.676
-17.725
-17.529
-17.676
-16.479
-14.453
-13.379
-12.622
-12.109
-11.646
-11.377
-11.133
-10.962
-10.767
-10.62
-10.425
-10.425
-10.376
-10.229
-10.107
-10.107
-10.083
-10.034
-10.034
-9.8633
-9.9365
-9.9609
-9.8877
-9.9609
-9.8389
-9.9365
-9.9121
-9.8145
-9.8389
-8.3496
-6.6895
-5.7861
-5.1025
-4.7363
-4.4189
-4.1504
-3.9551
-3.7842
-3.6133
-3.4668
-3.3447
-3.2471
-2.9297
-3.0762
-2.4902
-2.9541
-2.3682
-2.9541
-2.4658
-2.8076
-2.7344
-2.5635
-2.8809
-2.3926
-2.9053
-2.3682
-2.8809
-2.4658
-2.9053
-3.9795
-7.4219
-11.572
-14.526
-16.504
-17.798
-18.481
-18.848
-18.872
-19.116
-19.312
-19.141
-19.556
-19.58
-19.653
-19.678
-19.629
-19.775
-19.751
-19.775
-19.824
-19.751
-19.897
-19.873
-19.971
-19.971
-19.873
-19.995
-19.946
-19.995
-13.721
-5.7617
-0.24414
2.9785
4.7119
5.835
6.4453
6.7383
6.6406
7.1533
7.1533
7.251
7.251
7.1045
7.2754
7.3486
7.3486
7.2266
6.8848
7.373
7.2998
7.1289
7.3486
7.0068
7.2754
7.251
7.373
7.3975
7.3486
7.4707
3.8574
-2.6611
-7.8369
-10.498
-12.939
-14.673
-15.283
-16.04
-16.04
-16.211
-16.626
-16.431
-16.577
-16.797
-16.577
-16.895
-16.943
-16.846
-16.943
-17.017
-16.895
-17.041
-17.017
-16.943
-16.992
-16.992
-16.895
-17.065
-17.09
-16.968
-15.918
-17.651
-19.141
-20.239
-20.752
-21.045
-21.191
-21.436
-21.533
-21.704
-21.948
-21.802
-21.875
-21.777
-21.875
-22.046
-21.973
-21.973
-21.899
-22.07
-21.851
-22.144
-22.144
-22.388
-22.144
-22.241
-22.192
-22.192
-22.363
-22.168
-22.021
-21.094
-20.581
-20.093
-19.678
-19.458
-19.067
-18.945
-18.799
-18.628
-18.652
-18.433
-18.433
-18.384
-18.213
-18.335
-18.335
-18.213
-18.311
-18.286
-18.14
-18.213
-17.993
-17.993
-18.14
-18.042
-18.164
-18.188
-18.066
-18.091
-11.914
-3.1006
1.5869
6.4453
8.7402
10.889
11.768
12.061
12.183
12.427
12.622
12.646
12.842
12.939
12.964
12.915
13.013
13.184
13.013
13.208
13.184
13.086
13.11
13.257
13.257
13.184
13.159
13.159
13.135
13.086
12.036
9.1309
6.958
5.8594
5.1514
4.7119
4.4189
4.1504
3.9551
3.833
3.5889
3.4668
3.3447
3.2715
3.1006
2.9785
2.9541
2.9053
2.8809
2.5146
2.8564
2.417
2.8564
2.4658
2.832
2.6855
2.6611
2.832
2.4902
2.8564
2.2705
4.1748
6.7627
7.5928
7.8125
8.1787
8.4717
8.252
8.5938
8.5938
8.6914
8.6914
8.667
8.8623
8.6182
8.8623
8.5205
8.7891
8.7402
8.6182
8.7891
8.6426
8.7646
8.7158
8.8135
8.8867
8.8867
8.9111
8.7646
8.8379
5.9814
0.87891
-2.4902
-4.2236
-6.1523
-7.0557
-7.3486
-7.6172
-7.6904
-7.8125
-7.666
-7.8857
-7.8613
-7.8857
-7.9102
-7.9346
-8.0322
-7.8125
-8.0322
-8.0322
-7.6904
-7.8613
-7.8857
-7.8125
-7.8613
-7.8613
-7.9346
-7.6172
-7.8125
-7.8369
-6.3477
-8.4961
-11.646
-13.672
-14.648
-14.893
-15.259
-15.283
-15.576
-15.649
-15.845
-15.649
-15.82
-16.016
-15.869
-16.089
-16.113
-16.089
-16.064
-16.113
-16.04
-16.064
-16.138
-16.016
-16.04
-16.187
-16.04
-16.064
-16.138
-16.089
-15.063
-9.4727
-6.25
-4.0039
-3.3447
-2.6611
-2.2949
-1.9775
-1.8066
-1.6357
-1.4404
-1.2695
-1.1475
-0.85449
-0.5127
-0.70801
-0.68359
-0.61035
-0.53711
-0.56152
-0.5127
-0.56152
-0.53711
-0.48828
-0.24414
-0.36621
-0.56152
-0.5127
-0.5127
-0.53711
-0.24414
1.5625
3.1738
4.6387
4.7363
5.0781
5.2734
5.3955
5.4688
5.542
5.7129
5.542
5.6396
5.542
5.5908
5.5908
5.6641
5.7129
5.6885
5.6396
5.5664
5.6396
5.5176
5.4932
5.4688
5.542
5.5176
5.4688
5.4688
5.4443
5.0537
9.6436
13.086
16.016
18.018
19.263
19.995
20.41
20.654
20.752
20.972
20.947
21.045
20.996
20.898
20.972
20.996
21.216
21.118
21.313
21.021
21.191
21.24
21.021
21.265
21.167
21.191
21.191
21.191
21.313
18.799
8.8867
1.7822
-2.3438
-4.6143
-7.5439
-8.8623
-9.8633
-9.7656
-10.132
-10.352
-10.254
-10.352
-10.474
-10.791
-10.425
-10.522
-10.669
-10.718
-10.669
-10.645
-10.864
-10.815
-10.815
-10.767
-10.791
-10.889
-10.864
-10.791
-10.718
-10.645
-8.9844
-7.9102
-7.2266
-6.6895
-6.4209
-6.1035
-5.957
-5.7129
-5.5908
-5.4688
-5.3467
-5.2734
-5.1514
-5.0781
-5.0049
-4.9805
-4.7607
-4.9561
-4.6143
-4.4922
-4.3457
-4.5654
-4.5898
-4.4189
-4.3945
-4.3213
-4.7852
-4.3945
-4.4189
-3.3936
-4.541
-6.2256
-7.0313
-7.3486
-7.6172
-7.4463
-7.8613
-7.8125
-7.7881
-7.8369
-8.0078
-7.9834
-7.9834
-8.0566
-7.9834
-7.7881
-8.0566
-8.0322
-8.0566
-8.0078
-7.9346
-7.9834
-7.9834
-8.0566
-8.1055
-8.1055
-8.0811
-8.0811
-8.0811
-6.5186
-7.959
-10.962
-12.451
-13.184
-13.55
-13.867
-13.867
-13.989
-14.087
-14.087
-14.087
-14.16
-14.136
-14.087
-14.209
-14.282
-14.136
-14.185
-14.233
-14.307
-14.111
-14.16
-14.233
-14.136
-14.185
-14.233
-14.111
-14.111
-14.136
-12.402
-2.71
2.8076
6.4941
10.986
13.232
14.429
15.381
15.698
15.869
16.064
16.064
16.138
16.284
16.284
16.284
16.455
16.309
16.284
16.479
16.406
16.382
16.504
16.382
16.431
16.577
16.479
16.455
16.504
16.528
15.698
10.156
6.2256
3.3936
2.5635
1.709
1.2451
1.001
0.78125
0.61035
0.43945
0.24414
0.21973
0.12207
0
-0.024414
-0.073242
0
0.024414
0.024414
0
0
-0.024414
0
0
0
0
0
0
0
0
3.4668
6.9092
10.962
13.354
14.429
15.063
15.479
15.747
15.698
15.771
16.04
16.016
16.284
16.26
16.187
16.431
16.333
16.382
16.431
16.309
16.333
16.479
16.455
16.406
16.626
16.455
16.504
16.553
16.504
15.942
5.5664
-1.9531
-6.5918
-9.8877
-12.598
-14.551
-15.332
-15.723
-16.04
-16.187
-16.26
-16.382
-16.455
-16.406
-16.528
-16.577
-16.553
-16.626
-16.577
-16.504
-16.577
-16.602
-16.528
-16.602
-16.577
-16.602
-16.724
-16.748
-16.65
-15.698
-6.4453
-0.21973
3.5156
7.3975
9.6924
10.815
11.89
12.305
12.402
12.5
12.573
12.671
12.671
12.671
12.695
12.769
12.769
12.769
12.769
12.891
12.769
12.769
12.793
12.793
12.842
12.817
12.769
12.842
12.769
12.378
11.938
15.82
17.236
18.213
19.067
19.482
19.775
19.897
19.922
20.117
20.044
20.19
20.166
20.19
20.239
20.215
20.337
20.264
20.337
20.361
20.313
20.386
20.313
20.361
20.337
20.239
20.337
20.288
20.313
20.361
15.747
9.3262
4.9316
2.417
1.0986
0.43945
0.097656
0.024414
0
-0.024414
0
0
0
0
0
0
0
0
0
0
0
0
0
0
0
0
0
0
0
0
0
0
0
0
0
0
0
0
0
0
0
0
0
0
0
0
0
0
0
0
0
0
0
0
0
0
0
0
0
0
-2.417
-6.25
-9.375
-12.476
-13.989
-15.21
-15.259
-15.869
-15.894
-15.942
-16.04
-16.138
-16.309
-16.309
-16.309
-16.431
-16.382
-16.528
-16.406
-16.284
-16.504
-16.431
-16.455
-16.602
-16.479
-16.504
-16.626
-16.626
-16.577
-10.01
-2.9053
-0.21973
2.0508
3.0029
4.0039
4.3945
4.4189
4.4189
4.5166
4.7119
4.4922
4.4434
4.5654
4.7607
4.4434
4.6143
4.4922
4.8096
4.3945
4.3701
4.3701
4.6875
4.5166
4.248
4.3945
4.5166
4.5654
4.2969
4.2725
0.80566
-0.63477
-3.6377
-4.3701
-5.5908
-5.8105
-6.0791
-6.0303
-6.1523
-6.1279
-6.2012
-6.0547
-6.0791
-6.25
-6.2012
-6.3477
-6.2012
-6.2256
-6.2012
-6.1768
-6.25
-6.25
-6.2256
-6.2256
-6.3232
-6.4453
-6.4209
-6.1768
-6.25
-6.2256
-1.2939
0.68359
4.3457
6.8848
8.1543
8.5449
9.1309
8.9355
9.1309
9.375
9.2529
9.6924
9.5947
9.7412
9.79
9.6436
9.8877
9.6924
9.8145
9.5947
9.5215
9.9121
9.6924
9.8145
9.5947
9.5947
9.79
9.668
9.7168
9.7168
5.3711
2.9053
0.97656
0.36621
-0.1709
-0.41504
-0.41504
-0.21973
-0.39063
-0.56152
-0.58594
-0.5127
-0.58594
-0.48828
-0.56152
-0.56152
-0.56152
-0.53711
-0.31738
-0.31738
-0.53711
-0.53711
-0.56152
-0.56152
-0.5127
-0.58594
-0.56152
-0.56152
-0.48828
-0.41504
-1.2939
-4.5898
-7.7637
-10.693
-11.548
-12.012
-12.231
-12.5
-12.598
-12.671
-12.671
-12.744
-12.769
-12.793
-12.744
-12.72
-12.866
-12.817
-12.72
-12.695
-12.891
-12.744
-12.671
-12.769
-12.769
-12.769
-12.769
-12.915
-12.866
-12.817
-12.28
-11.475
-10.913
-10.425
-10.059
-9.8145
-9.6191
-9.4971
-9.2529
-9.1064
-8.9844
-8.8867
-8.7646
-8.7158
-8.5205
-8.6426
-8.5693
-8.4961
-8.5449
-8.4229
-8.5205
-8.4717
-8.2275
-8.4229
-8.3496
-8.4717
-8.4717
-8.1543
-8.3496
-8.2764
-7.7881
-6.8848
-6.1279
-5.7129
-5.4443
-5.2002
-4.9316
-4.7852
-4.5898
-4.4678
-4.2969
-4.1504
-3.9551
-3.9063
-3.4912
-3.8574
-3.3936
-3.3447
-3.7842
-3.3447
-3.7109
-3.3936
-3.3447
-3.833
-3.3447
-3.5645
-3.6133
-3.3936
-3.833
-3.3447
-1.6357
-0.19531
1.2207
1.5625
1.8066
2.2217
1.9531
2.2217
2.3438
1.9043
2.3682
2.3193
1.9043
2.3682
1.9043
2.2949
2.3682
1.8066
2.3926
2.2217
1.9531
2.3926
1.8066
2.3682
2.3682
1.8311
2.3682
2.124
2.1484
2.3682
1.4404
5.1025
8.2275
10.181
10.645
11.23
11.45
11.621
11.694
11.865
12.085
12.085
12.036
12.061
11.987
12.085
12.256
12.256
12.28
12.231
12.354
12.207
12.231
12.134
12.256
12.231
12.28
12.158
12.085
12.036
8.3252
1.3916
-2.9297
-3.7598
-6.7139
-8.9111
-9.1553
-9.7412
-9.5947
-9.668
-9.9365
-9.9854
-10.01
-10.132
-10.107
-10.229
-10.352
-10.229
-10.132
-10.303
-10.229
-10.205
-10.303
-10.254
-10.156
-10.181
-10.229
-10.132
-10.376
-10.205
-8.5205
-11.572
-14.014
-17.09
-18.75
-19.531
-19.849
-20.142
-20.557
-20.557
-20.679
-20.825
-20.752
-21.069
-20.85
-21.069
-21.045
-21.069
-21.289
-21.191
-21.362
-21.289
-21.387
-21.191
-21.265
-21.411
-21.313
-21.509
-21.313
-21.387
-16.626
-4.3457
3.6133
9.4482
12.427
16.235
18.164
19.092
19.58
20.044
20.044
20.459
20.63
20.752
20.972
21.021
20.996
21.094
21.118
21.191
21.118
21.289
21.24
21.24
21.362
21.191
21.289
21.216
21.265
21.289
17.139
5.542
-2.417
-8.5693
-11.255
-14.404
-16.235
-17.407
-17.871
-18.262
-18.408
-18.579
-18.652
-18.652
-18.774
-18.799
-18.701
-18.872
-18.823
-18.896
-18.97
-18.896
-18.97
-18.823
-18.823
-18.774
-18.872
-18.945
-18.994
-18.896
-14.624
-2.9297
3.418
8.96
12.891
14.868
16.821
17.334
17.944
18.311
18.53
18.75
18.945
18.97
19.116
19.189
19.067
19.36
19.238
19.263
19.385
19.336
19.409
19.336
19.385
19.434
19.336
19.434
19.434
19.336
19.409
18.945
18.604
18.384
17.993
17.92
17.725
17.554
17.578
17.432
17.334
17.383
17.236
17.09
17.261
17.065
17.212
17.188
17.114
17.09
17.09
16.943
17.017
16.943
16.821
16.87
16.919
16.968
16.968
16.992
14.868
6.958
1.0498
-0.70801
-0.78125
-3.7109
-3.7842
-3.9551
-4.5654
-4.248
-4.248
-4.248
-4.7119
-4.2725
-4.3701
-4.2969
-4.7363
-4.2969
-4.2969
-4.248
-4.6875
-4.3213
-4.2236
-4.2236
-4.6143
-4.4189
-4.3457
-4.3213
-4.4434
-4.6631
-2.6123
2.5391
5.3955
9.6924
12.158
13.599
14.063
14.307
14.746
14.917
14.722
15.063
15.088
15.21
15.381
15.405
15.234
15.405
15.405
15.43
15.43
15.503
15.283
15.503
15.479
15.527
15.527
15.527
15.43
15.576
15.332
15.869
17.285
17.725
18.042
18.457
18.579
18.652
18.848
18.97
19.092
19.238
19.092
19.238
19.189
19.287
19.385
19.238
19.409
19.458
19.409
19.434
19.36
19.409
19.434
19.336
19.482
19.409
19.458
19.482
19.312
19.019
18.677
18.311
18.188
17.847
17.7
17.7
17.529
17.432
17.432
17.383
17.383
17.334
17.212
17.285
17.261
17.163
17.188
17.139
17.017
17.114
17.139
16.992
17.041
16.968
17.041
17.09
16.968
16.797
15.332
5.7861
-1.709
-4.2969
-7.251
-10.596
-11.89
-12.378
-12.744
-12.915
-12.964
-12.964
-13.135
-13.159
-13.062
-13.159
-13.184
-13.208
-13.257
-13.306
-13.379
-13.306
-13.159
-13.135
-13.135
-13.062
-13.159
-13.232
-13.184
-13.135
-13.159
-12.769
-15.088
-15.698
-16.382
-16.504
-16.553
-16.797
-17.09
-16.992
-17.163
-17.114
-17.358
-17.456
-17.236
-17.285
-17.432
-17.383
-17.48
-17.358
-17.31
-17.432
-17.383
-17.48
-17.603
-17.432
-17.505
-17.554
-17.505
-17.578
-17.041
-11.865
-7.5684
-5.2246
-4.1748
-3.3936
-2.9297
-2.71
-2.4414
-2.2461
-2.0264
-1.9043
-1.7334
-1.5625
-1.416
-1.3184
-1.1963
-1.0986
-1.0742
-1.0254
-1.0254
-1.0254
-1.001
-0.97656
-0.97656
-1.001
-1.001
-0.97656
-0.97656
-0.97656
-0.78125
2.9785
7.8857
10.962
13.525
14.6
15.234
15.894
16.089
16.162
16.333
16.357
16.382
16.553
16.504
16.455
16.553
16.528
16.504
16.675
16.602
16.479
16.577
16.602
16.553
16.479
16.528
16.455
16.479
16.553
16.016
5.127
-1.8311
-6.958
-10.01
-13.574
-15.308
-16.406
-16.968
-17.334
-17.48
-17.651
-17.773
-17.7
-17.871
-17.896
-17.896
-18.042
-17.969
-18.018
-18.115
-17.969
-18.018
-18.066
-17.993
-18.066
-18.042
-18.066
-18.115
-18.042
-18.018
-18.066
-17.969
-18.164
-18.311
-18.188
-18.359
-18.262
-18.286
-18.311
-18.311
-18.359
-18.481
-18.311
-18.53
-18.457
-18.506
-18.604
-18.481
-18.433
-18.652
-18.506
-18.555
-18.555
-18.506
-18.604
-18.506
-18.457
-18.53
-18.384
-18.115
-7.666
0.14648
6.2988
9.3018
12.427
13.916
14.868
15.454
15.625
15.918
16.211
16.04
16.333
16.333
16.333
16.528
16.504
16.479
16.553
16.602
16.528
16.577
16.553
16.528
16.65
16.65
16.528
16.626
16.65
16.602
14.624
12.573
11.084
10.229
9.6924
9.375
9.1064
8.7646
8.5205
8.3252
8.2275
8.1299
8.0811
8.0078
7.9346
7.8613
7.8369
7.8369
7.7393
7.6904
7.6416
7.6172
7.5928
7.5928
7.6172
7.5684
7.5439
7.5439
7.4951
7.4707
0.70801
-6.1035
-10.84
-14.258
-17.334
-18.652
-19.482
-20.068
-20.117
-20.532
-20.605
-20.581
-20.776
-20.825
-21.069
-21.118
-21.143
-21.069
-21.069
-21.021
-21.118
-21.216
-21.216
-21.24
-21.216
-21.167
-21.289
-21.362
-21.045
-21.021
-12.427
-4.248
1.0742
3.4668
6.2988
7.8613
8.8379
9.2041
9.4482
9.6436
9.7656
9.79
9.79
9.8389
9.8633
9.9121
9.9365
9.9121
9.9365
9.9854
10.059
10.01
9.9121
9.9121
9.9854
10.01
9.9365
9.8877
9.9365
3.3447
-4.6143
-10.205
-14.282
-17.554
-19.434
-20.703
-21.167
-21.582
-21.826
-21.875
-22.021
-22.144
-22.217
-22.266
-22.266
-22.266
-22.363
-22.51
-22.388
-22.559
-22.632
-22.607
-22.534
-22.778
-22.729
-22.559
-22.827
-22.583
-22.534
-14.233
-5.1025
0.36621
3.4424
6.0791
7.9346
9.1797
9.5459
9.9854
10.034
10.107
10.205
10.278
10.303
10.352
10.303
10.229
10.376
10.425
10.4
10.376
10.425
10.498
10.449
10.474
10.4
10.449
10.522
10.425
10.449
4.248
-4.6875
-8.9844
-12.793
-16.235
-17.627
-18.774
-19.189
-19.458
-19.702
-19.702
-19.971
-20.02
-20.068
-20.02
-19.995
-20.117
-20.142
-20.19
-20.239
-20.142
-20.313
-20.166
-20.215
-20.264
-20.215
-20.313
-20.337
-20.386
-20.361
-11.938
-2.5391
1.6846
6.1035
9.5947
11.694
12.695
13.281
13.379
13.818
14.087
14.136
14.258
14.575
14.502
14.6
14.648
14.575
14.551
14.648
14.648
14.6
14.575
14.648
14.673
14.648
14.6
14.746
14.648
14.648
11.646
7.7881
4.9072
3.0762
2.2949
1.7822
1.4893
1.2695
1.123
0.85449
0.75684
0.58594
0.41504
0.3418
0.21973
0.097656
0.048828
0
0
0
0
0
0
0
0
0
0
0
0
0
0.75684
2.5391
5.7129
6.8604
7.0557
7.7393
7.9834
7.959
8.0078
8.3252
8.1055
8.4717
8.3984
8.252
8.3496
8.2764
8.2031
8.3496
8.2275
8.252
8.3984
8.2031
8.3496
8.2764
8.2764
8.3008
8.374
8.2764
8.3984
8.3984
7.4219
10.156
12.622
14.038
14.893
15.308
15.649
15.601
15.942
16.016
15.991
16.309
16.284
16.26
16.309
16.382
16.479
16.528
16.382
16.309
16.479
16.479
16.528
16.357
16.504
16.406
16.455
16.504
16.528
16.528
10.327
-0.21973
-6.6406
-11.377
-14.355
-17.212
-18.945
-19.775
-20.313
-20.581
-20.874
-20.874
-21.069
-21.069
-21.289
-21.558
-21.46
-21.436
-21.582
-21.289
-21.484
-21.606
-21.777
-21.729
-21.802
-21.704
-21.387
-21.533
-21.655
-21.875
-21.558
-20.947
-20.337
-19.873
-19.653
-19.141
-19.043
-18.872
-18.604
-18.652
-18.481
-18.53
-18.384
-18.286
-18.262
-18.213
-18.188
-18.311
-18.237
-18.188
-18.286
-18.164
-18.115
-18.115
-18.066
-18.042
-18.018
-18.066
-18.188
-18.042
-17.798
-18.457
-18.921
-19.287
-19.482
-19.458
-19.751
-19.922
-20.068
-20.117
-20.068
-20.19
-20.117
-19.995
-20.117
-20.117
-20.215
-20.215
-20.459
-20.313
-20.41
-20.361
-20.361
-20.508
-20.19
-20.361
-20.264
-20.41
-20.508
-20.41
-20.386
-19.922
-19.507
-19.36
-18.994
-18.896
-18.799
-18.604
-18.555
-18.481
-18.384
-18.408
-18.359
-18.237
-18.262
-18.188
-18.286
-18.213
-18.164
-18.188
-18.115
-18.091
-18.164
-18.115
-18.14
-18.188
-18.115
-18.237
-18.14
-18.091
-16.919
-18.237
-19.824
-20.679
-21.338
-21.582
-21.875
-21.924
-22.07
-22.119
-22.266
-22.266
-22.583
-22.534
-22.559
-22.51
-22.607
-22.607
-22.778
-22.754
-22.729
-22.705
-22.729
-22.852
-22.705
-22.876
-22.729
-22.876
-22.729
-22.852
-18.14
-6.7139
2.4658
7.5928
11.719
15.234
17.31
18.604
19.409
19.775
19.946
20.068
20.166
20.264
20.386
20.459
20.459
20.435
20.557
20.679
20.703
20.581
20.776
20.703
20.654
20.752
20.605
20.801
20.752
20.752
18.164
9.375
3.418
1.123
-0.39063
-1.7822
-1.9287
-2.4902
-2.6855
-2.2705
-2.8076
-2.3438
-2.8564
-2.3193
-2.9053
-2.3926
-2.8076
-2.7344
-2.6123
-2.9053
-2.5391
-2.9297
-2.6855
-2.9297
-2.6855
-2.8809
-2.71
-2.8076
-2.6367
-2.8564
-1.5137
3.1982
6.5674
10.547
12.451
13.745
14.258
14.404
14.844
14.648
15.137
15.186
15.234
15.259
15.43
15.454
15.283
15.381
15.405
15.405
15.43
15.405
15.454
15.503
15.576
15.479
15.381
15.479
15.405
15.552
14.819
11.108
8.8379
7.3975
6.4697
5.9814
5.5908
5.3223
5.1025
4.9072
4.7119
4.6143
4.4434
4.3213
4.3213
4.248
3.9551
4.1016
3.8086
3.7354
3.8818
3.5156
3.5645
3.6865
3.4424
3.7598
3.3936
3.2715
3.833
3.2959
3.4912
1.6357
0.43945
-0.14648
-0.41504
-0.48828
-0.43945
-0.56152
-0.5127
-0.5127
-0.58594
-0.5127
-0.29297
-0.36621
-0.53711
-0.53711
-0.53711
-0.56152
-0.56152
-0.56152
-0.58594
-0.53711
-0.5127
-0.36621
-0.26855
-0.5127
-0.56152
-0.58594
-0.56152
-0.53711
-0.92773
-2.0996
-6.3965
-8.1055
-9.9121
-10.303
-10.645
-10.986
-11.035
-10.815
-11.035
-11.035
-11.133
-11.206
-11.011
-11.011
-11.084
-11.255
-11.255
-11.328
-11.255
-11.279
-11.182
-11.255
-11.304
-11.279
-11.279
-11.084
-11.255
-11.182
-11.157
-10.767
-10.254
-9.8877
-9.5215
-9.2529
-9.1309
-8.96
-8.8379
-8.6426
-8.5205
-8.4473
-8.4229
-8.374
-8.252
-8.2031
-8.0566
-7.959
-7.9834
-7.959
-7.7881
-7.959
-7.9834
-7.7881
-7.9346
-7.9346
-7.8613
-7.8857
-7.9346
-7.9102
-7.373
-1.3916
-0.12207
1.0742
1.5137
2.4658
2.3682
2.417
2.7588
2.3926
2.8076
2.5635
2.9053
2.6367
2.9053
2.7344
2.9053
2.9297
2.832
2.9541
2.8809
2.8809
2.9297
2.8809
2.8809
2.832
2.8809
2.8076
2.8564
2.832
2.417
4.3945
8.6426
11.67
13.647
14.624
15.283
15.405
15.674
15.894
15.869
15.869
15.991
15.942
15.942
16.016
16.064
15.991
16.138
16.138
16.064
16.162
16.113
16.064
16.162
16.138
16.113
16.138
16.187
16.138
15.112
5.9082
-1.1719
-3.0029
-6.958
-9.5703
-11.743
-12.305
-12.769
-12.793
-13.086
-13.086
-13.257
-13.354
-13.55
-13.525
-13.55
-13.477
-13.672
-13.647
-13.574
-13.647
-13.721
-13.647
-13.623
-13.696
-13.672
-13.574
-13.623
-13.696
-12.866
-12.402
-15.869
-18.066
-19.824
-20.703
-21.069
-21.606
-21.655
-21.948
-21.973
-22.144
-22.241
-22.437
-22.534
-22.559
-22.705
-22.412
-22.632
-22.632
-22.632
-22.681
-22.681
-22.778
-22.656
-22.852
-22.681
-22.852
-22.681
-22.852
-22.681
-21.387
-19.971
-18.896
-18.311
-17.725
-17.334
-17.065
-16.724
-16.602
-16.479
-16.235
-16.162
-16.162
-16.04
-15.991
-16.016
-15.894
-15.845
-15.918
-15.796
-15.674
-15.771
-15.698
-15.601
-15.723
-15.649
-15.698
-15.723
-15.747
-14.868
-9.3018
-3.1738
-0.1709
-0.1709
0.56152
0.73242
1.2939
1.3672
1.416
1.0742
1.2939
1.4648
1.4648
1.2939
1.123
1.4648
1.4648
1.4648
1.001
1.4893
1.5137
1.5381
0.97656
1.5137
1.5137
1.5381
1.001
1.5381
1.5381
1.4893
2.8809
6.4941
10.376
11.768
12.549
13.208
13.501
13.55
13.574
13.745
13.916
13.965
14.185
14.233
14.16
14.16
14.258
14.185
14.111
14.185
14.087
14.111
14.185
14.233
14.063
14.087
14.233
14.063
14.063
14.136
13.745
12.988
12.476
12.085
11.865
11.597
11.353
11.206
11.206
11.035
10.962
10.815
10.791
10.742
10.571
10.498
10.449
10.352
10.425
10.498
10.229
10.229
10.522
10.352
10.327
10.376
10.278
10.254
10.352
10.327
9.0088
7.7637
6.9092
6.3477
6.0547
5.7617
5.4932
5.2734
5.1025
5.0049
4.8584
4.8096
4.6875
4.5166
4.3701
4.3213
4.4189
4.2725
4.126
4.0283
4.2969
4.0039
3.9795
4.3945
3.8574
3.8818
4.2725
3.8574
3.7598
4.2236
-1.3916
-6.0791
-10.278
-13.696
-16.309
-17.7
-18.359
-18.53
-18.848
-19.019
-19.312
-19.531
-19.409
-19.531
-19.678
-19.58
-19.629
-19.629
-19.775
-19.8
-19.849
-19.751
-19.897
-19.727
-19.8
-19.897
-19.873
-19.873
-19.922
-19.629
-20.239
-20.581
-20.654
-20.947
-21.191
-21.265
-21.436
-20.923
-21.362
-21.729
-21.606
-21.68
-21.655
-21.655
-21.704
-21.68
-21.851
-21.558
-21.753
-21.753
-21.729
-21.851
-21.826
-21.875
-21.753
-21.899
-21.704
-21.826
-21.802
-14.136
-6.0059
-1.0254
2.0264
4.3213
5.6396
6.2744
6.4453
6.6406
7.0313
7.0068
7.1289
6.9824
6.8115
7.0557
7.2021
7.1777
7.1533
7.0801
7.251
7.251
7.3242
7.2266
7.2998
7.3975
7.4707
7.3975
7.3486
7.5195
7.4951
7.5439
7.2998
7.0801
6.9092
6.6406
6.543
6.3721
6.3965
6.2012
6.1523
5.9814
5.9082
5.9326
5.7617
5.9082
5.9082
5.9814
5.957
6.0791
5.9326
5.8105
5.9814
6.0059
6.0059
6.0791
6.0059
5.8594
5.8594
5.7617
5.7617
6.0059
7.0313
7.4707
7.3242
7.9346
8.0322
7.8613
8.252
8.252
7.959
8.374
8.3984
8.2764
8.4229
8.3252
8.3252
8.4717
8.2764
8.4473
8.3496
8.2031
8.4229
8.374
8.3008
8.3496
8.252
8.3496
8.3984
8.3008
8.374
4.6143
-3.5889
-4.2969
-8.6914
-10.913
-12.549
-12.842
-13.257
-13.452
-13.745
-13.696
-13.672
-13.965
-14.038
-13.94
-14.063
-14.136
-14.038
-14.087
-14.233
-14.111
-14.185
-14.209
-14.185
-14.233
-14.233
-14.209
-14.258
-14.185
-14.185
-14.185
-13.745
-13.354
-13.184
-12.891
-12.72
-12.549
-12.524
-12.378
-12.256
-12.207
-12.158
-12.036
-12.061
-11.865
-11.963
-11.914
-12.012
-11.792
-11.89
-11.89
-11.987
-11.743
-11.914
-11.792
-11.792
-11.792
-11.914
-11.646
-11.816
-5.4688
1.7822
5.7861
10.229
13.623
14.917
15.747
16.553
16.846
17.09
17.236
17.261
17.31
17.383
17.358
17.407
17.48
17.383
17.456
17.529
17.48
17.603
17.554
17.456
17.627
17.529
17.554
17.603
17.554
17.554
12.158
1.3428
-5.9814
-8.7402
-12.158
-15.088
-17.017
-17.969
-18.457
-18.97
-19.019
-19.238
-19.238
-19.36
-19.556
-19.629
-19.775
-19.629
-19.727
-19.824
-19.751
-19.946
-19.873
-19.946
-19.971
-19.922
-19.995
-19.897
-19.922
-19.946
-19.507
-18.115
-17.041
-16.284
-15.869
-15.479
-15.112
-14.917
-14.746
-14.502
-14.453
-14.38
-14.209
-14.111
-14.087
-14.063
-13.965
-13.843
-13.843
-13.892
-13.745
-13.77
-13.867
-13.745
-13.672
-13.696
-13.599
-13.623
-13.623
-13.818
-13.354
-12.183
-11.353
-10.791
-10.425
-10.083
-9.79
-9.668
-9.4482
-9.2773
-9.082
-9.0088
-8.7891
-8.8867
-8.7891
-8.667
-8.5938
-8.4717
-8.5449
-8.4473
-8.5205
-8.5449
-8.4229
-8.6182
-8.5938
-8.4961
-8.4717
-8.2764
-8.3984
-8.4229
-5.6396
-1.001
-0.95215
0.39063
0.97656
0.65918
1.3428
1.3672
1.4404
1.1719
1.1963
1.4893
1.4404
1.3916
1.0254
1.4893
1.4648
1.4648
0.95215
1.4893
1.4893
1.4893
0.97656
1.5137
1.5137
1.5137
1.1719
1.4404
1.5381
1.5381
0.78125
-0.58594
-3.54
-5.3467
-6.5674
-6.8848
-7.2754
-7.3242
-7.4219
-7.3242
-7.3242
-7.4951
-7.5439
-7.6172
-7.5928
-7.6172
-7.5439
-7.6172
-7.6416
-7.666
-7.6904
-7.6416
-7.6172
-7.5684
-7.5439
-7.5684
-7.6172
-7.6172
-7.5928
-7.5195
-6.958
-3.9551
-1.9531
-0.85449
-0.26855
-0.12207
0
0.073242
0.024414
0
0
0
0
0
0
0
0
0
0
0
0
0
0
0
0
0
0
0
0
