0
-0.48828
-4.7607
-5.9814
-7.5439
-9.5947
-9.9365
-9.375
-9.7656
-10.278
-10.645
-11.084
-11.328
-11.426
-11.621
-11.89
-11.816
-11.499
-11.719
-11.987
-12.109
-11.89
-11.816
-11.865
-12.085
-12.036
-11.987
-12.085
-12.158
-12.012
-11.938
-11.646
-9.4971
-7.8369
-7.0068
-6.3477
-5.8594
-5.4932
-5.249
-4.8584
-4.4434
-4.0771
-3.5645
-3.4424
-3.2227
-3.0518
-3.0518
-2.8809
-2.9541
-3.125
-2.9785
-2.8564
-2.9297
-3.0762
-2.9541
-3.0273
-3.125
-2.9785
-3.0762
-3.1494
-3.0029
-3.0029
-2.4658
-1.8311
-1.2939
-0.97656
-0.46387
-0.36621
-0.41504
-0.46387
-0.48828
-0.56152
-0.41504
-0.31738
-0.1709
-0.12207
-0.12207
-0.097656
-0.1709
-0.14648
-0.19531
-0.19531
-0.12207
-0.073242
-0.024414
-0.024414
-0.048828
-0.073242
-0.073242
-0.19531
-0.19531
-0.48828
-3.125
-4.3701
-5.7617
-6.25
-6.5674
-7.0801
-7.5928
-7.5684
-7.666
-7.959
-8.2031
-8.1543
-8.0322
-8.1055
-8.1543
-8.0811
-8.2031
-8.4717
-8.374
-8.1543
-8.3008
-8.374
-8.3496
-8.252
-8.2275
-8.2275
-8.252
-8.3496
-8.3984
-7.8125
-2.2705
1.0498
2.4414
4.0771
2.4414
3.1982
5.3223
6.25
5.7129
6.3477
6.9092
6.665
6.6406
6.9336
6.9336
6.8604
7.2266
7.373
7.2266
7.2754
7.373
7.1533
6.8359
6.9092
7.0557
7.2021
7.2021
7.2021
7.2754
6.7627
0.65918
-3.7842
-6.2988
-6.7871
-5.3223
-7.0801
-8.2031
-7.2754
-8.0811
-8.9111
-9.1064
-9.4727
-9.5947
-9.7656
-9.7656
-9.9854
-10.254
-10.107
-9.9854
-10.107
-10.132
-10.181
-10.107
-9.9854
-10.132
-10.156
-10.132
-10.156
-10.083
-10.059
-10.547
-10.645
-10.596
-10.718
-10.767
-10.864
-10.693
-10.669
-10.889
-11.06
-11.011
-10.84
-10.718
-10.889
-11.108
-11.108
-11.035
-11.157
-11.255
-11.011
-10.889
-10.962
-10.889
-11.084
-11.206
-10.986
-10.645
-10.718
-10.986
-11.133
-11.987
-12.769
-13.428
-13.892
-13.892
-13.94
-14.16
-14.136
-14.282
-14.453
-14.502
-14.331
-14.551
-14.917
-14.771
-14.6
-14.917
-14.966
-14.575
-14.551
-14.673
-14.526
-14.478
-14.795
-14.819
-14.673
-14.893
-15.063
-14.795
-14.648
-16.357
-17.505
-18.237
-19.312
-19.141
-19.629
-20.068
-20.41
-20.483
-20.239
-20.459
-20.532
-20.752
-20.972
-20.898
-21.045
-21.069
-20.947
-20.776
-20.605
-20.947
-21.069
-21.216
-20.874
-20.825
-20.972
-20.703
-20.752
-20.776
-20.85
-16.699
-12.354
-9.5459
-7.7393
-6.8604
-6.9824
-6.665
-5.8838
-5.3955
-5.6152
-5.4932
-4.834
-4.1016
-3.4912
-3.1982
-2.8809
-2.7832
-2.7344
-2.5879
-2.5146
-2.4902
-2.4658
-2.5146
-2.6367
-2.5879
-2.5879
-2.5391
-2.6611
-2.6611
-2.6123
-2.124
-1.5625
-1.1475
-0.68359
-0.24414
0
0
0
0
0
0
0
0
0
0
0
0
0
0
0
0
0
0
0
0
0
0
0
0
-0.1709
-4.7363
-7.0313
-10.522
-13.086
-13.77
-11.45
-12.988
-14.624
-15.454
-14.795
-14.893
-15.771
-16.309
-16.113
-15.967
-16.26
-16.333
-16.333
-16.235
-16.235
-16.431
-16.504
-16.333
-16.406
-16.577
-16.479
-16.382
-16.504
-16.333
-16.138
-15.454
-14.478
-13.867
-13.428
-12.988
-12.744
-12.5
-12.329
-11.987
-11.792
-11.67
-11.572
-11.23
-10.889
-10.962
-11.23
-11.45
-11.108
-11.084
-11.328
-11.548
-11.377
-11.377
-11.328
-11.475
-11.353
-10.986
-10.913
-11.084
-11.353
-9.7412
-7.8613
-7.1289
-6.665
-6.3232
-5.9326
-5.4688
-4.8096
-4.248
-4.0283
-3.8574
-3.8086
-3.833
-3.6377
-3.6377
-3.54
-3.4424
-3.6621
-3.3936
-3.2227
-3.2227
-3.0762
-3.125
-3.1738
-3.125
-3.2959
-3.3203
-3.1006
-3.1738
-3.1006
1.5137
4.7607
6.665
6.7383
6.5918
8.8379
10.4
10.376
10.181
10.815
11.426
11.279
11.06
11.621
12.134
12.256
11.743
11.694
11.914
12.134
12.085
11.865
12.061
11.938
11.914
12.036
12.158
12.256
12.207
11.865
13.477
15.137
15.796
15.942
16.65
17.383
17.871
18.188
18.457
18.921
18.604
18.359
18.848
19.336
19.238
18.848
18.896
19.165
19.067
18.75
19.116
19.434
19.531
19.604
19.385
19.385
19.507
19.434
19.36
19.238
19.458
19.434
18.994
18.97
19.092
18.921
18.823
18.97
19.189
19.092
18.97
19.067
19.141
19.214
19.36
19.165
19.312
19.482
19.336
19.116
19.214
19.531
19.653
19.482
19.556
19.556
19.678
19.458
19.482
19.604
13.354
3.7598
-4.0039
-7.6904
-7.7393
-7.4951
-9.79
-11.523
-11.963
-6.1523
-6.2012
-9.4482
-11.377
-12.524
-13.159
-12.842
-9.8633
-10.645
-12.085
-12.939
-13.208
-12.28
-12.5
-13.11
-13.403
-13.086
-13.086
-13.33
-13.208
-13.159
-6.1768
3.9307
9.9365
13.501
15.063
12.549
11.865
15.015
17.163
17.334
13.135
14.795
16.992
18.311
19.019
19.019
17.969
17.725
18.311
18.701
18.433
18.652
19.043
18.799
18.555
18.945
19.116
19.165
18.823
18.823
15.21
10.083
7.1289
4.7607
3.4668
3.9063
4.1504
3.0762
2.2217
1.7822
1.6113
0.90332
0.43945
0.21973
0.24414
0.3418
0.29297
0.29297
0.21973
0.12207
0.12207
0.097656
0.024414
0.024414
0
0.024414
0
0
0
0
4.4678
7.7148
10.205
13.428
15.405
14.136
12.427
14.429
16.064
16.04
16.235
16.821
16.65
16.846
17.236
17.432
17.163
17.188
17.554
17.554
17.261
17.407
17.749
17.651
17.505
17.358
17.31
17.48
17.358
13.452
6.4453
2.1484
-0.92773
-0.5127
-0.14648
-1.3428
-2.7344
-2.8564
-1.9043
-2.4902
-3.2715
-3.2227
-3.1738
-3.6377
-3.8574
-3.9551
-3.9795
-3.9551
-4.0283
-4.0771
-4.0527
-3.9307
-3.9795
-4.0527
-3.9795
-4.0039
-3.9307
-4.1016
-4.1504
-3.7598
-2.7344
-1.9043
-1.2939
-1.123
-0.95215
-0.68359
-0.53711
-0.21973
-0.048828
0
-0.048828
-0.024414
-0.024414
0
0
-0.024414
0
0
0
0
0
0
0
0
0
0
0
0
0
-1.1719
-3.1738
-4.1016
-4.5166
-4.5898
-5.0049
-5.249
-5.3711
-5.5664
-5.6152
-5.7129
-5.6396
-5.6396
-5.6885
-5.7617
-5.8105
-5.8594
-5.9082
-5.9326
-5.835
-5.6396
-5.7129
-5.835
-5.8838
-5.8838
-5.8105
-5.835
-5.5908
-5.7861
-5.8105
-5.835
-6.0791
-6.1279
-6.2744
-6.4941
-6.4209
-6.25
-6.2744
-6.2988
-6.3232
-6.2988
-6.4209
-6.5918
-6.5186
-6.25
-6.0547
-6.2256
-6.3477
-6.3232
-6.3721
-6.4209
-6.4697
-6.3477
-6.1523
-6.1768
-6.2988
-6.1523
-6.0791
-6.2256
-6.3232
-6.0547
-5.2734
-4.7363
-4.3457
-4.1016
-3.8086
-3.6621
-3.5156
-3.4668
-3.3691
-3.1006
-3.1494
-3.0762
-2.8809
-2.9297
-2.9297
-2.7832
-3.0518
-3.0518
-2.7588
-2.9297
-3.0273
-2.7344
-3.0518
-3.2227
-3.0518
-2.9297
-3.1494
-3.0029
-2.8564
-0.048828
4.9072
6.0547
6.5186
7.5684
7.9102
8.2764
9.2041
9.79
9.9365
9.9609
10.107
10.571
10.693
10.498
10.547
10.815
10.889
10.84
10.645
10.62
10.815
11.035
10.986
10.767
10.62
10.742
10.889
10.864
10.767
6.4209
-3.1006
-7.0801
-11.67
-14.478
-14.624
-9.6436
-11.328
-14.307
-16.04
-16.992
-16.846
-13.306
-14.111
-15.82
-16.992
-17.627
-17.847
-16.284
-15.894
-16.919
-17.725
-17.993
-17.212
-16.724
-16.992
-17.627
-17.749
-17.505
-17.822
-15.625
-9.5215
-5.7861
-3.3203
-2.832
-2.0752
-1.1475
-0.65918
-0.5127
-0.048828
0
-0.048828
-0.024414
0.12207
0
0
0
0
0
0
0
0
0
0
0
0
0
0
0
0
1.8799
4.9561
6.2744
8.5938
9.8633
9.0332
10.156
11.182
11.401
11.67
12.109
11.914
12.061
12.354
12.622
12.695
12.378
12.427
12.72
12.671
12.256
12.305
12.695
12.622
12.329
12.378
12.72
12.671
12.598
12.622
12.476
12.036
11.499
10.913
10.913
11.035
10.938
10.596
10.547
10.864
10.718
10.083
10.083
10.376
10.693
10.352
10.254
10.327
10.474
10.205
10.181
10.4
10.376
10.181
10.498
10.498
10.376
10.4
10.547
10.4
10.205
10.059
10.083
10.254
10.01
9.6191
9.79
10.034
10.132
10.107
9.9365
9.9365
9.9365
10.107
9.8633
9.7656
9.79
9.8389
10.059
10.181
9.7656
9.668
9.79
9.9854
10.01
10.059
10.059
9.9365
10.083
10.181
8.9111
5.4199
3.5645
2.4414
1.8066
1.9531
1.5625
1.0986
0.53711
0.073242
0
0
0
0
0
0
0
0
0
0
0
0
0
0
0
0
0
0
0
0
1.2939
4.7607
5.2979
6.8848
8.1299
7.959
8.7402
9.8389
10.278
10.01
10.107
10.303
10.522
10.718
10.645
10.522
10.742
10.742
10.718
10.693
10.742
10.767
10.815
10.962
10.889
10.498
10.522
10.767
10.864
10.815
9.3994
4.5654
1.8555
-0.1709
-0.97656
0.048828
-0.31738
-0.95215
-1.1475
-1.0742
-1.1963
-1.3428
-1.3428
-1.4893
-1.6357
-1.6846
-1.709
-1.4893
-1.4648
-1.4648
-1.6602
-1.7822
-1.6602
-1.4648
-1.5625
-1.6846
-1.7334
-1.6357
-1.5625
-1.5137
-1.5869
-2.002
-2.2949
-2.1973
-2.1484
-2.2949
-2.417
-2.3926
-2.2949
-2.4902
-2.5391
-2.3193
-2.3193
-2.5146
-2.5391
-2.3926
-2.5391
-2.7588
-2.6855
-2.5146
-2.6123
-2.5879
-2.5635
-2.4414
-2.5146
-2.4658
-2.4414
-2.417
-2.5635
-2.5879
-1.6113
1.709
2.9541
2.8809
3.1494
3.3691
3.7109
4.248
4.5898
4.5654
4.7119
4.6875
4.8096
4.7852
4.8584
4.7852
5.0293
5.1025
5.2002
4.9072
4.9072
4.7607
4.834
4.8584
4.7119
4.6875
4.9805
4.9561
4.9072
5.1025
4.3701
1.3672
-0.14648
-0.41504
-0.68359
-0.87891
-1.0254
-1.2695
-1.3428
-1.2695
-1.3428
-1.3672
-1.2939
-1.2207
-1.2207
-1.2695
-1.1963
-1.3184
-1.3428
-1.2695
-1.2451
-1.1475
-1.1719
-1.1719
-1.3428
-1.3672
-1.3428
-1.2207
-1.2207
-1.123
-2.3926
-7.0557
-9.1309
-12.183
-14.063
-13.135
-12.109
-13.94
-15.088
-15.015
-15.161
-15.869
-15.869
-15.601
-15.845
-15.991
-16.113
-16.162
-16.04
-16.235
-16.577
-16.724
-16.602
-16.528
-16.26
-16.309
-16.382
-16.162
-16.211
-16.357
-14.673
-5.1025
3.0273
4.4189
6.3477
9.0088
8.1299
6.1523
7.666
10.107
11.157
9.0576
8.6182
10.474
11.694
11.987
11.084
11.719
12.207
11.499
11.646
12.061
12.378
12.305
12.305
12.573
12.671
12.451
12.427
12.744
13.184
15.039
16.162
16.919
16.846
17.358
18.066
18.115
18.75
19.238
19.531
19.629
19.702
20.044
20.093
19.922
19.995
20.044
20.117
20.166
19.824
19.971
20.142
20.264
20.288
20.361
20.483
20.166
19.995
19.946
18.384
7.2021
-2.5146
-9.1797
-12.646
-12.085
-9.4238
-11.792
-14.502
-16.138
-17.139
-16.943
-9.9121
-9.3506
-12.915
-15.21
-16.455
-17.285
-17.749
-17.944
-17.92
-15.137
-14.258
-15.942
-16.846
-17.505
-18.018
-18.359
-17.822
-15.601
-14.917
-6.7139
1.0986
2.8076
2.6367
4.0039
6.7627
8.4717
8.9844
5.1758
4.541
7.1289
8.8379
9.7168
10.107
10.132
9.4238
8.7158
9.1797
9.8633
9.7656
9.2041
9.3994
9.5459
9.6191
9.6191
9.5459
9.5947
9.8633
10.254
9.9365
8.6914
8.1299
7.7637
7.373
7.0557
6.7627
6.7139
6.4453
6.2256
6.1035
5.9814
6.0303
6.0791
5.6396
5.8105
5.7861
5.5664
5.7861
5.8105
5.9326
6.0303
5.9814
5.9326
5.8594
5.7373
5.835
5.835
5.6885
5.8838
6.5918
9.3262
10.303
12.109
13.77
13.623
14.233
14.819
15.405
15.625
15.918
16.162
16.528
16.504
16.309
16.406
16.284
16.431
16.602
16.211
16.333
16.431
16.528
16.65
16.65
16.211
16.187
16.675
16.797
16.357
15.43
5.249
-3.6621
-9.6191
-13.672
-15.381
-13.428
-13.843
-15.552
-16.211
-13.428
-14.014
-16.235
-16.919
-15.503
-16.455
-17.725
-18.311
-17.871
-18.115
-18.677
-18.774
-18.823
-18.945
-19.092
-19.556
-19.531
-19.531
-19.458
-19.263
-19.434
-18.799
-17.993
-17.48
-16.821
-16.553
-16.406
-15.82
-15.454
-15.479
-15.356
-15.283
-15.088
-14.917
-14.844
-15.063
-15.039
-14.771
-14.868
-15.088
-15.039
-15.112
-15.234
-15.112
-15.015
-15.088
-15.015
-14.893
-14.893
-15.112
-14.575
-10.107
-7.0068
-5.0049
-3.7109
-3.5889
-3.2227
-2.417
-2.002
-1.9043
-1.5381
-1.0254
-0.83008
-0.56152
-0.14648
0
0
0
0
0
0
0
0
0
0
0
0
0
0
0
0.048828
1.2451
1.3672
1.3428
1.8311
2.1729
2.3682
2.4414
2.3926
2.5391
2.5635
2.4414
2.4902
2.6367
2.5879
2.6855
2.6367
2.5146
2.5146
2.5391
2.5635
2.5391
2.5635
2.5635
2.71
2.6855
2.6611
2.6855
2.71
2.6611
2.7588
4.248
4.7852
5.4443
5.542
5.835
6.3232
6.6895
7.0557
7.3242
7.3975
7.373
7.2266
7.1289
7.3486
7.4219
7.3975
7.1777
7.1289
7.1777
7.1045
7.2021
7.251
7.373
7.4463
7.3486
7.0313
6.8604
7.0557
7.3242
7.4707
10.742
12.427
15.015
16.479
15.82
16.821
17.7
17.896
18.408
18.701
18.823
18.799
18.774
19.458
19.922
19.8
19.678
19.873
19.507
19.507
19.702
19.702
20.02
19.995
20.117
20.264
20.264
20.215
20.215
19.922
14.404
8.96
5.2979
2.8809
2.7344
3.125
1.8311
0.83008
0.36621
0.61035
0.41504
-0.073242
-0.024414
0.097656
0.024414
-0.024414
-0.024414
0
0
0
-0.024414
-0.024414
0
0
0
-0.024414
0
0
0
0
0
0
0
0
0
0
0
0
0
0
0
0
0
0
0
0
0
0
0
0
0
0
0
0
0
0
0
0
0
-0.19531
-5.3711
-9.4238
-13.867
-16.968
-18.042
-14.697
-15.967
-18.359
-19.531
-19.189
-18.896
-19.702
-20.508
-20.654
-20.435
-20.679
-20.776
-21.021
-20.996
-21.118
-21.24
-20.801
-20.63
-19.995
-19.507
-20.288
-20.557
-20.972
-20.972
-21.143
-14.16
-4.4678
3.0029
7.2754
8.1299
5.249
3.9795
7.3486
9.5947
10.767
10.645
6.1279
7.5439
9.8145
11.035
11.646
11.865
11.401
10.718
10.815
11.401
11.011
10.62
10.913
11.426
11.646
11.621
11.426
11.572
11.353
5.9082
0.43945
-2.3682
-4.7607
-5.9326
-3.6621
-1.6602
-3.833
-5.4932
-6.2988
-5.3223
-5.4688
-6.2012
-6.3721
-6.2256
-6.3477
-6.7383
-6.665
-6.543
-6.7871
-6.7871
-6.5674
-6.4941
-6.7139
-6.9336
-6.958
-6.8115
-6.8604
-6.8604
-6.6406
-2.2705
1.9287
2.1973
2.3193
4.2725
4.0283
3.9307
5.2246
6.0547
5.9082
6.2012
6.5674
6.6162
6.5918
6.5186
6.5918
6.665
6.7627
6.6895
6.7627
6.8115
6.8848
6.4941
6.4941
6.7139
6.6895
6.5674
6.5674
6.9336
6.7627
1.2695
-3.0518
-4.5654
-7.4463
-8.374
-5.3467
-6.5186
-8.6182
-9.7656
-9.4482
-8.6914
-9.5215
-10.181
-10.205
-9.7656
-9.8877
-10.303
-10.352
-9.9609
-10.059
-10.254
-10.205
-10.278
-10.4
-10.132
-9.1797
-9.4238
-10.01
-10.278
-10.205
-5.5664
0.24414
2.7832
3.0762
2.2949
3.8818
5.5908
6.1279
5.835
6.0303
6.1523
6.5186
6.7627
6.8115
6.8848
7.0313
7.0557
7.0313
7.0801
7.1777
7.2998
7.373
7.3486
7.2266
7.3486
7.4219
7.373
7.3486
7.2021
7.2266
6.7627
6.5674
6.4697
6.2988
6.2012
6.1768
6.1279
6.0547
5.7861
5.8594
5.8105
5.7373
5.7373
5.835
5.8105
5.835
5.6885
5.7129
5.835
5.7861
5.9082
5.7617
5.7861
5.9326
6.0303
5.8105
5.7129
5.8105
5.8838
5.957
5.9814
6.2012
6.3477
6.3477
6.0303
6.1279
6.25
6.4453
6.2744
6.1279
6.2256
6.3477
6.25
6.3232
6.3721
6.4697
6.5674
6.5674
6.4209
6.3721
6.4453
6.4453
6.4697
6.4941
6.4453
6.2988
6.3232
6.4209
6.3232
6.3232
6.2256
5.9082
5.5176
5.2246
4.8584
4.6631
4.5166
4.5898
4.5654
4.541
4.3701
4.4189
4.3701
4.5654
4.541
4.541
4.4189
4.3945
4.3701
4.3945
4.5166
4.6143
4.6875
4.6875
4.7363
4.6875
4.6387
4.5654
4.3457
4.1504
3.8086
3.7598
3.7842
3.8574
3.833
3.7842
3.7598
3.5645
3.6133
3.3447
3.3203
3.54
3.4424
3.418
3.5156
3.4912
3.7109
3.7109
3.5889
3.6377
3.1982
3.2471
3.4668
3.3203
3.5645
3.3936
3.2959
3.3447
3.1738
-1.7822
-7.7393
-11.353
-15.112
-17.188
-16.504
-13.818
-15.894
-17.749
-18.677
-17.285
-17.017
-18.335
-19.141
-19.165
-18.652
-19.067
-19.629
-19.922
-19.824
-20.02
-20.044
-20.117
-20.044
-19.971
-19.946
-19.849
-20.215
-20.239
-19.873
-17.651
-13.306
-10.62
-8.96
-7.8613
-7.4707
-7.3242
-6.7871
-6.0791
-5.6641
-5.1758
-4.7607
-4.4922
-4.126
-3.8086
-3.5645
-3.5889
-3.54
-3.54
-3.6377
-3.4424
-3.3447
-3.4424
-3.2715
-3.4668
-3.5156
-3.4912
-3.5156
-3.3203
-3.2959
0.90332
6.0059
8.1787
11.45
12.524
10.376
11.597
13.403
13.94
13.745
14.087
14.429
13.843
14.258
15.015
15.015
14.893
15.283
15.161
14.404
13.867
13.672
13.525
14.16
14.966
15.015
14.941
15.112
15.161
15.161
12.598
7.1777
4.3945
2.5879
1.6602
2.3193
1.9531
0.92773
0.53711
0.31738
0.024414
-0.097656
-0.048828
-0.024414
-0.024414
0
0
0
0
0
0
0
0
0
0
0
0
0
0
0
2.8809
7.7637
8.667
11.011
12.964
12.5
11.523
13.11
13.77
13.428
13.989
14.624
14.697
14.697
15.039
15.21
15.161
15.283
15.283
15.015
15.015
15.283
15.234
15.137
15.21
15.527
15.405
15.356
15.552
15.332
11.621
4.1016
-0.85449
-2.0752
-2.3926
-2.7588
-1.0254
-0.024414
-0.92773
-2.7588
-3.9551
-4.6387
-5.2979
-5.6885
-6.0791
-6.0547
-5.9326
-6.0059
-6.0303
-6.1523
-6.1523
-6.25
-6.3965
-6.5674
-6.5186
-6.3965
-6.4209
-6.543
-6.6162
-6.6406
-8.2275
-11.157
-12.671
-13.892
-14.478
-14.966
-15.137
-16.113
-16.821
-16.797
-17.041
-17.48
-17.48
-17.554
-17.48
-17.334
-17.627
-17.847
-17.725
-17.822
-17.798
-17.993
-18.042
-17.773
-17.7
-17.725
-17.676
-17.822
-17.822
-17.407
-15.039
-8.1299
-3.4912
0.21973
2.0752
1.001
0.048828
1.0254
1.9531
1.8066
2.0264
3.0518
3.2227
3.3203
3.8574
3.833
3.8086
3.7842
3.54
3.4912
3.5645
3.9551
4.1016
4.126
4.1748
4.1016
4.1504
3.9551
3.8818
3.8574
4.9072
6.9824
7.4707
8.3252
8.96
9.4482
10.059
10.278
10.669
10.962
11.06
11.011
11.255
11.401
11.279
11.206
11.279
11.572
11.646
11.23
11.182
11.157
10.913
10.669
10.938
11.157
11.206
11.23
11.255
11.133
11.23
11.035
10.864
10.669
10.596
10.522
10.327
10.205
10.254
10.181
10.303
10.498
10.547
10.449
10.352
10.645
10.791
10.278
10.205
10.449
10.596
10.278
10.01
10.156
10.352
10.303
10.205
10.303
10.449
10.596
10.132
8.4473
7.5684
7.2998
7.2998
7.1045
7.0313
6.9824
6.7139
6.4453
6.3232
5.9082
5.835
6.0303
6.2012
6.1523
6.2012
6.3232
6.3232
6.1523
6.2744
6.4697
6.5186
6.4453
6.2988
6.3232
6.3477
6.1768
6.2256
6.2744
4.1504
-2.3438
-4.6143
-7.9102
-8.7402
-5.6396
-7.2021
-9.3994
-10.596
-10.791
-9.7656
-10.229
-10.864
-10.718
-10.425
-10.791
-11.011
-11.255
-11.328
-11.279
-11.377
-11.475
-11.523
-11.45
-11.572
-11.499
-11.475
-11.206
-11.157
-11.011
-9.6191
-4.5898
-1.7578
-0.29297
0.024414
0.073242
0.36621
0.5127
0.80566
1.4404
1.9775
2.2705
2.2461
2.002
2.1484
2.2949
2.1973
1.9287
1.9287
2.002
2.0508
2.002
1.8799
1.9531
2.124
2.1729
2.0264
2.0508
2.1973
2.1973
0.14648
-5.5908
-6.9092
-10.034
-11.865
-9.4727
-10.205
-12.402
-13.379
-12.842
-13.232
-14.014
-14.526
-14.624
-14.673
-14.648
-14.917
-14.893
-14.819
-15.039
-15.186
-15.063
-15.137
-15.381
-15.137
-14.478
-13.989
-13.916
-13.721
-14.233
-12.793
-4.0771
2.3438
6.8848
7.9102
6.5674
7.3242
9.0088
9.1064
6.9336
8.2764
10.01
10.693
9.5215
10.181
11.157
11.304
11.108
11.45
11.719
11.475
11.304
11.621
11.938
11.768
11.572
11.475
11.548
11.719
11.694
11.182
9.5703
8.5938
8.0566
7.7637
7.2021
6.6162
6.25
5.957
5.6885
5.4443
5.2246
5.2979
5.127
4.7607
4.7119
4.5654
4.4678
4.6143
4.7363
4.7607
4.9072
4.7607
4.8828
4.7852
4.8096
4.834
4.7852
4.7363
4.7363
4.2725
1.8555
0.46387
-0.1709
-0.41504
-0.48828
-0.48828
-0.5127
-0.58594
-0.43945
-0.36621
-0.3418
-0.12207
-0.12207
-0.14648
-0.1709
-0.24414
-0.19531
-0.14648
-0.097656
-0.12207
-0.12207
-0.12207
-0.14648
-0.097656
-0.073242
-0.048828
-0.024414
-0.024414
-0.024414
1.0986
6.6162
8.1055
10.791
12.573
11.426
10.791
12.573
13.184
13.379
14.038
14.063
13.94
14.429
14.893
15.161
15.405
15.381
14.99
14.941
15.259
15.21
14.771
14.941
15.234
15.186
15.039
15.454
15.576
15.381
13.916
7.4951
3.5645
0.97656
-1.2695
-2.2217
-1.3428
0.19531
-0.92773
-2.0508
-2.71
-2.8564
-2.002
-1.9775
-2.4414
-2.6367
-2.5146
-2.3438
-2.3193
-2.417
-2.5391
-2.4414
-2.417
-2.3926
-2.3682
-2.3438
-2.417
-2.5146
-2.5879
-2.6123
-3.4668
-7.373
-8.8867
-11.768
-13.257
-12.939
-12.476
-13.818
-14.209
-14.038
-14.38
-14.844
-15.21
-15.527
-15.649
-15.845
-16.089
-16.162
-16.04
-16.064
-15.918
-15.82
-15.967
-16.089
-16.016
-16.138
-16.26
-16.333
-16.089
-15.674
-14.722
-9.0332
-5.0537
-2.9785
-1.6113
-1.0742
-1.0254
-0.78125
-0.29297
0.048828
0.073242
0.14648
0.21973
0.21973
0.1709
0.14648
0.12207
0.14648
0.12207
0.073242
0.12207
0.073242
0.12207
0.073242
0.048828
0.024414
0.024414
0.024414
0
0.024414
0.68359
4.8828
7.251
8.6426
8.4961
9.5215
10.547
11.23
12.036
12.793
13.477
13.672
13.623
13.599
13.745
13.647
13.672
13.818
13.892
13.599
13.745
14.16
14.453
14.014
13.794
14.038
13.818
13.696
13.843
13.77
12.988
8.9111
6.2744
4.7607
4.2236
3.4912
3.1738
2.7588
2.3682
2.0996
1.8311
1.416
0.73242
0.048828
0
0
0
0
0
0
0
0
0
0
0
0
0
0
0
0
0.58594
5.0293
8.6426
10.4
11.646
13.013
11.719
12.134
13.794
14.429
13.696
14.233
15.112
15.479
15.503
15.43
15.576
15.625
15.43
15.234
15.405
15.82
15.82
15.527
15.771
16.016
15.869
15.796
15.845
15.576
14.844
7.2754
1.0742
-1.8799
-3.7842
-5.7373
-6.0059
-2.002
-2.1729
-4.8096
-6.4697
-7.3975
-7.666
-6.4941
-5.9326
-6.9824
-7.6416
-7.9102
-7.6416
-7.251
-7.5684
-7.7637
-7.7881
-7.8613
-7.8369
-7.7637
-7.6904
-7.5195
-7.3975
-7.3975
-6.6406
1.5137
7.9102
11.206
10.742
11.328
13.574
15.015
15.503
13.257
12.988
14.722
16.016
16.553
16.797
16.504
15.503
15.869
16.577
16.797
16.65
16.138
16.309
16.113
15.894
15.991
16.187
16.528
16.626
16.675
16.382
10.01
4.7363
0.95215
-1.8311
-2.8564
-1.3428
-0.3418
-2.002
-2.9541
-2.3438
-2.4902
-3.1494
-3.3447
-3.3691
-3.6377
-3.5645
-3.7354
-3.8086
-3.6377
-3.5889
-3.4912
-3.5645
-3.5156
-3.5156
-3.5889
-3.2959
-3.3203
-3.4424
-3.1738
-3.418
-2.9785
-2.2949
-2.1729
-2.2949
-2.2461
-2.1484
-2.1484
-2.124
-2.002
-2.002
-2.002
-2.002
-1.9775
-1.8066
-1.8799
-1.9287
-1.9287
-1.8799
-1.8799
-1.7578
-1.6846
-1.8311
-1.709
-1.6357
-1.5625
-1.4893
-1.6357
-1.7822
-1.7578
-1.9287
-5.3711
-7.6172
-8.7158
-10.083
-10.059
-10.352
-10.913
-11.475
-11.816
-11.816
-11.768
-11.987
-12.28
-12.109
-11.841
-12.085
-12.427
-12.427
-12.183
-12.231
-12.549
-12.695
-12.476
-12.476
-12.5
-12.28
-11.987
-12.085
-12.158
-11.743
-4.2969
3.3447
5.3467
7.251
9.5703
8.4717
7.0557
6.4697
8.667
10.376
10.449
9.9854
11.133
12.085
12.622
12.573
12.573
12.891
13.11
12.744
12.817
12.866
12.891
12.769
12.817
13.037
13.135
13.184
13.257
12.769
5.3467
-0.53711
-4.541
-6.665
-5.6396
-6.0547
-7.6904
-8.9355
-6.4453
-7.3975
-9.3262
-10.327
-10.229
-9.8877
-10.376
-10.815
-10.156
-10.083
-10.376
-10.84
-10.913
-10.669
-10.84
-11.06
-11.304
-11.23
-10.962
-11.084
-11.084
-10.742
-6.0547
-1.2207
1.4648
1.2939
0.48828
0.12207
1.3916
2.6123
2.9053
3.0518
3.5645
3.833
3.7598
4.0527
3.8818
4.0039
4.0527
4.1016
4.126
4.0771
4.2725
4.1748
4.2725
4.126
4.0527
4.0771
4.126
4.1016
4.0039
3.9307
6.3965
8.2764
9.4971
10.181
10.547
11.45
11.792
12.158
12.476
12.378
12.622
12.964
13.062
13.086
12.939
13.184
13.232
13.037
13.184
13.184
12.866
12.891
13.013
12.866
12.5
13.013
13.281
12.988
12.915
13.208
11.67
9.8389
8.4961
7.959
7.5928
7.1289
6.7139
6.4209
6.1523
5.7861
5.3223
5.2734
5.3711
5.4932
5.3955
5.3711
5.5176
5.4688
5.2979
5.1758
5.2246
5.3711
5.3467
5.2979
5.4199
5.4688
5.3711
5.2246
5.3467
5.2246
-2.2949
-7.3242
-11.597
-15.454
-16.431
-13.867
-15.601
-17.725
-18.848
-16.895
-16.235
-18.042
-19.312
-19.995
-19.287
-18.115
-19.092
-19.946
-20.239
-20.068
-20.166
-20.264
-20.361
-20.068
-20.361
-20.679
-20.581
-20.605
-20.313
-20.19
-15.625
-9.6924
-5.7129
-3.0029
-1.8066
-2.3926
-2.0508
-0.97656
-0.48828
-0.26855
-0.21973
0.048828
0.024414
-0.097656
-0.24414
-0.048828
0.097656
0.024414
0
0
0
0
0
0
0
0
0
0
0
0
2.2461
3.6621
4.8828
5.7373
5.8594
6.7383
7.2998
7.4951
7.7637
7.9102
7.8125
7.6904
7.7881
8.0322
8.0811
8.0078
7.9346
7.9346
8.0811
8.2764
8.1787
8.1543
8.252
8.3252
8.1787
8.2275
8.3984
8.4473
8.2031
7.959
4.7607
1.0254
-0.63477
-1.2695
-0.5127
-0.70801
-1.8555
-2.3682
-2.71
-2.9053
-3.125
-3.1494
-3.1494
-3.3203
-3.2227
-3.0762
-3.1006
-3.0273
-3.0273
-3.2471
-3.0762
-3.0518
-3.2471
-3.0029
-3.0273
-3.1982
-2.9785
-3.1006
-3.2471
-2.9785
-2.7344
-2.3193
-1.6846
-1.0498
-0.83008
-0.78125
-0.70801
-0.5127
-0.31738
-0.29297
-0.39063
-0.41504
-0.43945
-0.46387
-0.39063
-0.31738
-0.19531
-0.21973
-0.39063
-0.48828
-0.43945
-0.39063
-0.19531
-0.073242
-0.14648
-0.19531
-0.21973
-0.26855
-0.36621
-0.58594
-5.1514
-9.3018
-12.866
-16.284
-17.456
-15.259
-16.187
-18.262
-18.75
-18.872
-19.678
-20.264
-20.19
-20.19
-20.068
-19.849
-19.653
-19.775
-19.775
-19.189
-18.994
-19.263
-19.019
-18.506
-18.604
-19.116
-19.385
-19.189
-19.141
-15.137
-7.6904
-2.6855
-0.19531
0
0
0.024414
0.024414
-0.024414
0
0
0
0.073242
0.097656
0.097656
0.024414
0
0
0
0.024414
0
0
0
0
0
0
0
0
0
0
3.7109
7.8125
11.084
14.258
14.087
13.208
14.844
16.162
16.333
16.748
17.7
17.993
18.311
18.408
18.286
18.506
18.872
19.019
18.481
18.457
18.872
19.165
19.312
18.896
18.799
19.287
19.141
18.896
19.36
19.482
16.968
12.183
9.5947
7.8857
6.6162
6.2012
6.3477
5.4932
4.9316
4.6387
3.8818
2.9297
2.5146
2.2705
2.2217
2.1973
2.1484
1.9287
1.9287
1.9531
1.9043
1.9287
1.9043
1.8311
1.9287
1.9531
2.0752
2.124
2.1729
2.124
3.9795
6.4941
7.7881
9.668
10.522
10.083
10.864
11.084
11.475
12.012
12.354
12.5
12.549
12.793
12.671
12.549
12.744
12.939
12.793
12.524
12.524
12.598
12.354
12.28
12.573
12.817
12.646
12.354
12.573
12.891
9.8877
2.4414
-1.9531
-5.0293
-6.2256
-2.6855
-3.3691
-5.7617
-6.9336
-6.8359
-5.8105
-6.6162
-7.251
-6.7139
-6.6895
-7.1045
-7.4219
-7.4463
-7.6172
-7.666
-7.5439
-7.373
-7.3975
-7.5439
-7.5928
-7.5684
-7.5684
-7.5439
-7.5195
-7.6172
-8.0566
-9.082
-9.4238
-9.6191
-9.8877
-10.034
-10.132
-10.229
-10.278
-10.181
-10.278
-10.522
-10.596
-10.4
-10.205
-10.205
-10.425
-10.742
-10.693
-10.352
-10.449
-10.645
-10.596
-10.278
-10.229
-10.278
-10.181
-10.059
-9.9121
-10.034
-9.668
-8.2764
-7.7393
-7.4707
-7.0801
-6.6406
-5.2979
-4.4434
-4.9316
-5.2734
-5.2979
-5.0537
-4.8096
-4.7607
-4.8584
-4.8584
-4.9072
-4.834
-4.8096
-4.8584
-4.6631
-4.4678
-4.6387
-4.6875
-4.7363
-4.8828
-4.9072
-4.8096
-4.8584
-4.9072
-6.9336
-11.011
-13.354
-16.211
-17.676
-16.431
-16.357
-18.018
-18.872
-18.237
-18.677
-19.287
-19.727
-19.971
-19.995
-20.264
-20.215
-20.044
-19.8
-19.897
-20.361
-20.361
-20.41
-20.532
-20.288
-20.41
-20.41
-20.435
-20.435
-20.459
-18.677
-11.353
-6.25
-2.2217
-0.024414
-0.1709
0.48828
1.4648
1.7578
0.90332
0.58594
1.3428
1.8311
1.3428
1.0742
1.5381
1.709
1.709
1.7578
2.0264
2.1484
2.1729
2.1484
2.2949
2.2705
2.0264
2.0264
2.2217
2.3438
2.2461
0.95215
-3.5156
-5.2246
-6.3232
-6.7871
-6.3232
-7.0068
-7.0801
-7.6172
-7.9102
-7.666
-7.6904
-7.9834
-8.2764
-8.2031
-8.374
-8.5449
-8.4473
-8.2764
-8.3252
-8.5449
-8.7158
-8.7402
-8.5205
-8.5449
-8.7402
-8.7158
-8.5693
-8.4961
-8.3984
-9.2773
-11.865
-13.623
-15.234
-15.308
-15.942
-16.943
-17.114
-17.114
-17.505
-17.627
-17.773
-17.822
-17.773
-17.993
-18.042
-18.115
-18.311
-18.335
-18.311
-18.433
-18.213
-18.286
-18.286
-18.018
-18.335
-18.384
-18.14
-17.993
-17.944
-16.65
-10.864
-7.2998
-4.7363
-3.1006
-1.9287
-0.92773
-0.3418
-0.19531
-0.024414
0.024414
-0.048828
-0.21973
-0.12207
-0.048828
0
0.024414
0
0.024414
0
0
0
0
0
0
0
0
0
0
0
0.73242
3.2471
4.1504
5.0781
6.2988
6.2988
6.8115
7.3486
7.6904
7.7881
7.8125
7.8613
7.7393
7.959
8.1543
7.9834
7.9102
8.0322
8.3008
8.1299
8.1299
8.1055
8.0322
8.2275
8.1787
8.0078
7.9346
8.0811
8.0566
8.0322
8.5693
9.9121
10.327
11.035
11.987
12.109
12.207
12.573
12.939
13.013
12.744
12.793
12.671
12.524
12.646
12.842
13.135
13.159
12.842
13.013
13.281
13.452
13.11
12.939
13.11
13.232
12.769
12.866
13.208
13.257
12.28
7.0801
3.1494
0.68359
-0.5127
0.46387
-0.024414
-1.0986
-1.4893
-1.4648
-0.85449
-0.95215
-0.97656
-1.001
-1.0498
-1.001
-0.85449
-0.90332
-0.85449
-0.83008
-0.95215
-1.0254
-0.90332
-1.0498
-0.97656
-0.83008
-0.90332
-1.0254
-1.001
-1.0254
0.24414
8.2031
10.376
14.209
16.968
16.431
14.795
17.163
18.677
18.066
17.188
18.579
19.775
19.971
19.336
19.653
19.971
20.313
19.922
19.971
20.386
20.483
20.483
20.459
20.337
20.435
20.557
20.435
20.361
20.459
19.849
13.086
7.4463
3.418
0.56152
-0.61035
0.3418
-0.36621
-1.1475
-1.709
-1.2451
-0.1709
-0.78125
-1.3428
-1.3184
-1.416
-1.2695
-1.3184
-1.2939
-1.5137
-1.4648
-1.5381
-1.5869
-1.5869
-1.4404
-1.4648
-1.4404
-1.6113
-1.5869
-1.4893
-1.8799
-4.1504
-5.3955
-6.3232
-6.9336
-7.1045
-7.5928
-8.0078
-8.0078
-8.0811
-8.1787
-8.1299
-8.3984
-8.5938
-8.6914
-8.6426
-8.4717
-8.374
-8.4473
-8.5205
-8.5938
-8.6426
-8.4961
-8.3984
-8.5449
-8.6182
-8.8379
-8.8623
-8.5693
-8.3984
-8.3496
-7.6904
-7.0313
-6.3965
-6.0303
-5.249
-4.4434
-4.2236
-4.1504
-4.4678
-4.6875
-4.6387
-4.7363
-4.7607
-4.834
-4.7119
-4.7363
-4.7852
-4.834
-4.7363
-4.8828
-4.9561
-5.249
-4.8828
-4.8828
-4.7607
-4.9561
-4.9316
-4.9316
-4.834
-4.834
-4.1016
-3.6377
-3.3691
-2.9785
-2.6611
-2.5635
-2.6123
-2.3682
-1.9531
-2.0264
-2.0996
-1.8799
-1.709
-1.7822
-1.9775
-2.1484
-2.1729
-1.9287
-1.9775
-2.1484
-2.124
-1.9043
-1.9531
-2.124
-2.1973
-1.9531
-1.9775
-2.0752
-2.2217
-2.0508
-0.73242
-0.024414
-0.024414
0
0.073242
0.024414
0
0.024414
0
0
0
0
0
0
0
0
0
0
0
0
0
0
0
0
0
0
0
0
0
-0.3418
-6.2988
-9.6436
-13.232
-16.382
-16.919
-13.843
-15.674
-17.847
-19.116
-18.262
-16.821
-18.164
-19.385
-20.044
-19.946
-19.727
-19.873
-20.166
-20.215
-20.068
-20.264
-20.313
-20.386
-20.532
-20.361
-20.166
-20.117
-20.361
-20.361
-20.239
-18.115
-15.454
-13.892
-13.013
-12.378
-11.719
-11.108
-10.62
-10.034
-9.3262
-8.9355
-8.667
-8.7158
-8.6426
-8.374
-8.252
-8.4473
-8.4717
-8.5938
-8.5693
-8.3008
-8.252
-8.4717
-8.6914
-8.5938
-8.4717
-8.4961
-8.4961
-8.3984
-8.3496
-6.5674
-4.7852
-4.0283
-3.5156
-2.9053
-2.4414
-2.124
-1.6113
-1.0742
-1.0254
-0.78125
-0.41504
-0.073242
0
-0.024414
-0.024414
0
0
0
0
0
0
0
0
0
0
0
0
0
0
0.31738
0.48828
0.53711
0.68359
0.75684
0.61035
0.5127
0.63477
0.58594
0.63477
0.70801
0.65918
0.73242
0.65918
0.68359
0.78125
0.75684
0.75684
0.85449
0.83008
0.83008
0.80566
0.73242
0.78125
0.87891
0.80566
0.73242
0.80566
0.78125
0.85449
3.0762
4.6143
4.834
6.0791
6.3232
6.7139
7.4463
7.8369
7.8613
7.8857
8.0811
8.1787
8.1543
8.0811
8.1299
8.2031
8.0322
8.0078
8.1787
8.2031
8.252
8.0566
7.9346
8.0078
8.0078
7.959
7.959
8.1299
7.9834
7.9346
10.522
12.573
13.208
14.575
14.99
15.576
16.064
15.942
16.675
17.188
16.846
16.65
16.895
17.358
17.603
17.114
17.041
17.31
17.407
17.432
17.505
17.261
17.505
17.871
17.432
17.114
17.31
17.407
17.603
17.627
14.6
11.572
10.083
9.4727
8.9355
8.1543
7.4707
7.0557
6.4697
5.6152
5.2002
5.127
5.0781
4.9805
4.9316
5.0537
5.0049
5.0537
5.0049
4.9316
4.7852
4.8096
4.834
4.7607
4.7363
4.8828
5.0049
5.0537
5.1025
5.127
3.4424
1.1475
0.14648
-0.073242
-0.1709
-0.29297
-0.56152
-0.70801
-0.43945
-0.048828
-0.14648
-0.31738
-0.19531
-0.048828
-0.024414
-0.12207
-0.097656
0
0
0
0
0
0
0
0
0
0
0
0
0
4.2236
8.7402
11.035
13.159
13.135
12.72
13.428
13.843
14.624
15.161
15.649
15.527
15.234
15.894
16.431
16.138
15.796
16.333
16.602
16.479
16.797
16.602
16.089
16.382
16.65
16.65
16.528
16.528
16.431
13.501
8.7402
6.8359
4.7852
3.6377
4.1016
4.1016
3.1006
2.5391
2.1973
1.4893
0.70801
0.29297
0.024414
0
0
0.073242
0.048828
0
0
0
0
0
0
0
0
0
0
0
0
-2.124
-3.9063
-4.4922
-6.25
-6.4941
-6.9092
-7.8125
-8.252
-8.4717
-8.7402
-8.7891
-8.7158
-8.7158
-8.9355
-9.1309
-9.1309
-8.9355
-9.0088
-9.1309
-9.3018
-8.9844
-9.0576
-9.2041
-9.1797
-9.1064
-8.96
-9.1064
-9.0332
-8.9355
-9.0088
-5.3467
1.5625
4.9805
5.5908
4.4678
5.8838
7.7881
7.4463
7.3242
8.6182
9.2529
8.667
8.9355
9.5703
9.6191
9.3994
9.668
9.7656
9.9609
9.8389
9.6436
9.5947
9.668
9.9365
10.034
9.7412
9.7656
9.9854
9.8877
9.8877
9.8389
9.668
9.7412
9.7656
9.5459
9.3506
9.3506
9.2773
9.3018
9.4238
9.668
9.6191
9.3994
9.5215
9.668
9.3506
9.375
9.5703
9.6436
9.7412
9.7656
9.3018
9.0332
9.0332
9.1309
9.3262
9.3506
9.1309
9.2529
9.4971
8.3984
6.1523
5.0537
4.5166
3.9795
3.6377
3.3691
2.6123
2.2461
1.9531
1.6846
1.4648
1.4893
1.4893
1.4893
1.4404
1.3428
1.1475
1.0742
1.1719
1.0742
1.0498
0.97656
0.92773
0.92773
0.90332
0.87891
0.95215
1.001
0.95215
1.6113
2.5879
2.9541
3.2227
3.4668
3.8818
3.9063
4.0039
3.9795
4.1748
4.3701
4.2725
4.4189
4.3457
4.4189
4.3945
4.4189
4.4434
4.3701
4.3945
4.541
4.6631
4.7119
4.5898
4.6143
4.4922
4.5898
4.541
4.541
4.4434
4.1504
3.7109
3.6621
3.6621
3.4668
3.5889
3.5156
3.418
3.4668
3.0762
3.0762
3.3203
2.9785
2.8564
2.9297
2.832
2.9541
3.2959
3.1006
2.9297
3.0029
2.8564
2.6855
2.832
2.832
2.7344
2.9053
2.9785
2.832
2.9297
0.73242
-4.3213
-5.1025
-7.4463
-8.8623
-7.5439
-8.4229
-9.5215
-9.4238
-9.9365
-10.522
-10.645
-10.596
-10.815
-11.108
-11.084
-10.693
-10.669
-10.889
-11.011
-10.718
-10.693
-10.962
-11.108
-11.035
-10.913
-10.815
-10.815
-10.913
-10.84
-10.986
-11.694
-12.256
-12.646
-12.671
-12.646
-13.013
-13.306
-13.086
-13.086
-13.379
-13.55
-13.232
-13.184
-13.403
-13.135
-13.086
-13.135
-13.306
-13.403
-13.208
-13.281
-13.403
-13.208
-13.086
-13.232
-13.232
-13.013
-13.086
-13.33
-10.62
-0.70801
6.1523
9.8877
9.6924
7.4707
9.8145
11.914
13.037
12.72
9.6436
10.986
12.744
13.599
14.063
14.209
13.574
12.598
13.208
13.721
13.159
12.793
13.184
13.721
13.867
13.599
13.794
13.965
13.989
13.989
14.111
13.818
13.354
13.086
13.257
13.574
13.452
13.208
13.403
13.232
12.988
12.891
12.891
12.842
12.695
12.817
12.939
12.769
12.793
13.11
13.33
13.062
12.988
13.135
13.354
13.062
12.988
13.062
12.964
13.013
12.891
12.866
12.964
12.939
13.013
13.11
13.086
12.915
12.939
13.257
12.891
12.622
12.793
13.013
13.135
13.037
13.062
12.988
13.11
12.988
13.013
13.159
12.915
12.622
12.793
12.939
12.817
12.817
13.062
13.11
11.401
4.8096
0.78125
-1.7334
-2.002
-1.0742
-3.0273
-4.4189
-4.541
-3.7842
-4.6631
-4.9316
-4.7119
-4.7852
-5.1514
-5.2734
-5.2246
-5.2979
-5.2734
-5.3223
-5.3955
-5.3955
-5.2002
-5.0781
-4.8828
-4.9805
-5.0049
-4.9316
-4.9561
-5.0781
-6.3477
-10.767
-13.257
-16.138
-18.115
-17.31
-17.285
-18.97
-19.702
-19.312
-19.653
-20.19
-20.654
-20.532
-20.508
-20.923
-21.118
-21.265
-21.143
-21.362
-21.436
-21.265
-21.362
-21.313
-21.411
-21.143
-21.289
-21.362
-21.265
-21.021
-20.02
-14.063
-9.3994
-6.7139
-4.8828
-3.3936
-2.5635
-2.3193
-2.5879
-2.3926
-1.8799
-1.6113
-1.6357
-1.2695
-0.80566
-0.53711
-0.36621
-0.073242
0
0
0
0
0
0
0
0
0
0
0
0
-0.90332
-5.7129
-7.7393
-10.376
-12.158
-11.719
-10.596
-12.183
-13.354
-13.672
-13.55
-13.77
-13.989
-14.014
-13.94
-13.818
-14.185
-14.478
-14.429
-14.331
-14.6
-14.746
-14.697
-14.746
-14.795
-14.429
-14.429
-14.771
-14.624
-14.38
-13.647
-6.2012
-0.024414
4.4678
7.1777
5.6396
3.7598
5.6885
7.6904
8.4717
6.6895
6.958
8.4961
9.2529
7.9834
8.1299
9.082
9.5947
9.3506
9.375
9.8389
10.083
9.8633
9.7168
9.9365
10.059
9.8633
9.5703
9.6191
9.7656
10.156
12.085
12.866
13.062
13.77
14.624
14.966
15.308
15.674
15.747
15.381
15.747
16.211
16.089
15.967
15.942
16.138
16.284
16.382
16.089
15.845
16.016
16.284
16.211
16.113
16.138
16.284
16.357
16.26
16.235
15.259
4.0527
-5.4199
-12.109
-15.894
-17.944
-15.015
-12.354
-15.186
-17.822
-19.238
-20.19
-20.557
-15.503
-13.501
-16.553
-18.457
-19.8
-20.605
-21.021
-20.898
-17.7
-17.725
-19.336
-20.044
-20.703
-21.021
-21.045
-19.531
-19.409
-19.849
-14.233
-8.7646
-6.6895
-4.9316
-2.6855
-1.2939
-0.78125
-0.73242
-0.29297
-0.073242
0
0.1709
0.12207
-0.21973
-0.097656
0.1709
0.1709
-0.048828
-0.024414
0.024414
0
0
0
0
0
0
0
0
0
-0.073242
-1.7822
-2.7344
-3.1006
-3.2715
-3.1494
-3.2227
-3.6865
-3.8086
-3.8086
-4.1016
-3.9307
-3.9795
-4.0527
-4.2236
-4.0527
-3.833
-3.7109
-3.4912
-3.6133
-3.6377
-3.7354
-3.9063
-3.9063
-3.9551
-3.9551
-4.0771
-4.126
-3.9307
-3.9307
-3.6621
-0.48828
1.4893
1.4893
1.3916
2.4902
3.1982
3.3936
3.6133
3.8574
3.54
3.7109
3.7109
3.7354
3.8574
3.7842
4.0039
4.0527
4.1992
4.126
4.1016
4.1992
4.126
4.1748
4.126
4.126
3.9551
3.8574
4.0283
3.8818
3.7842
-2.2217
-5.4443
-8.1787
-10.254
-9.8389
-8.2031
-9.9609
-11.133
-10.718
-11.035
-11.865
-12.012
-11.963
-12.256
-12.476
-12.256
-12.354
-12.5
-12.769
-12.671
-12.695
-12.646
-12.866
-12.671
-12.549
-12.744
-13.037
-12.695
-12.476
-12.622
-13.94
-14.697
-15.405
-16.113
-16.357
-16.284
-16.333
-16.626
-16.821
-16.772
-16.797
-16.943
-17.236
-17.505
-17.48
-17.407
-17.31
-17.48
-17.407
-17.017
-16.968
-17.261
-17.261
-17.188
-17.31
-17.09
-17.041
-17.505
-17.285
-16.895
-12.939
-8.7646
-6.2256
-4.4434
-3.7598
-3.9063
-3.54
-3.0762
-2.7588
-2.124
-1.2939
-0.80566
-0.56152
-0.24414
0
0
-0.024414
-0.024414
-0.024414
-0.048828
-0.048828
-0.097656
-0.14648
-0.1709
-0.14648
-0.073242
-0.073242
-0.097656
-0.024414
-0.024414
-1.2939
-2.2949
-2.8564
-3.0518
-3.0273
-3.4424
-3.6133
-3.5645
-3.7109
-3.7598
-3.9307
-4.0527
-3.9551
-3.9795
-3.8574
-3.9307
-3.8818
-3.9795
-4.0283
-3.9795
-4.0283
-3.9551
-4.0771
-4.0771
-4.1016
-4.0527
-3.9307
-3.7354
-3.4912
-3.5156
-6.3965
-9.2285
-10.547
-11.768
-12.109
-12.427
-13.184
-13.696
-13.672
-13.843
-14.331
-14.893
-14.746
-14.551
-14.844
-15.137
-15.015
-15.015
-15.161
-15.063
-14.868
-15.088
-15.21
-15.063
-14.917
-14.844
-14.819
-15.039
-15.259
-14.917
-8.4473
1.2939
7.0068
6.6162
6.8359
9.8389
11.768
12.305
8.5205
8.0811
10.742
12.378
13.232
13.599
13.794
13.232
11.67
12.378
13.257
13.721
13.672
13.257
13.428
13.599
13.184
13.11
13.33
13.184
13.33
13.306
8.0078
0.87891
-3.2471
-6.25
-7.8857
-7.7393
-3.7109
-4.7607
-7.0557
-8.3252
-9.0088
-9.1797
-7.2266
-7.373
-8.3252
-8.6914
-8.0811
-8.1787
-8.3984
-8.5449
-8.7402
-8.8379
-9.0576
-9.0332
-8.8867
-8.8135
-9.0576
-9.2529
-9.1797
-8.9844
-7.4707
-5.2002
-4.3457
-3.6865
-3.2227
-3.0518
-2.6367
-1.9287
-1.3916
-1.1719
-0.90332
-0.85449
-0.75684
-0.68359
-0.70801
-0.56152
-0.53711
-0.26855
-0.12207
-0.12207
-0.19531
-0.1709
-0.21973
-0.36621
-0.29297
-0.43945
-0.43945
-0.3418
-0.19531
1.2939
3.125
3.418
4.0527
4.541
5.0781
5.2734
5.4199
5.5908
5.6885
5.6396
5.7617
5.8594
5.8594
5.8594
5.9082
5.9326
5.9082
5.9082
5.957
5.957
5.835
5.8594
5.835
5.8594
5.7129
5.6396
5.8838
5.957
5.9326
1.416
-3.4424
-5.0293
-8.0322
-9.6924
-7.1289
-7.4951
-9.7168
-10.742
-10.254
-10.474
-11.377
-11.816
-11.694
-11.719
-11.914
-12.256
-12.183
-11.987
-12.012
-12.329
-12.476
-12.305
-12.256
-12.28
-12.354
-12.305
-12.305
-12.256
-12.231
-10.083
-6.7627
-5.0049
-4.248
-4.0527
-3.4912
-3.2471
-3.0029
-2.2949
-1.3916
-1.001
-1.001
-0.85449
-0.53711
-0.41504
-0.53711
-0.48828
-0.48828
-0.41504
-0.31738
-0.048828
-0.048828
-0.12207
-0.1709
-0.29297
-0.5127
-0.19531
-0.1709
-0.39063
-0.31738
3.3691
7.959
10.229
13.647
14.478
12.72
13.94
15.503
15.454
14.99
16.26
16.968
17.041
16.724
17.334
17.993
17.896
17.334
17.48
17.603
17.92
17.993
17.896
17.749
17.773
17.822
17.651
17.725
17.7
17.944
17.896
17.993
18.14
17.871
17.92
18.042
17.92
17.871
17.749
17.798
18.091
17.993
17.676
17.944
18.042
18.018
17.798
17.773
18.042
17.749
17.749
18.042
17.773
17.432
17.822
18.018
18.018
18.213
18.213
17.969
15.015
7.7881
3.418
-0.3418
-2.5146
-3.5889
-3.2227
0.41504
-0.90332
-2.7344
-3.7354
-4.1748
-3.9795
-3.3691
-3.6133
-3.9795
-3.8086
-3.8086
-4.0039
-3.8086
-3.9063
-3.833
-3.9307
-4.0771
-4.0283
-4.0283
-3.9063
-3.8818
-3.8818
-4.0283
-4.7852
-6.0303
-6.7871
-7.666
-8.1055
-8.3252
-8.6426
-8.9355
-9.082
-9.3018
-9.4482
-9.2529
-9.0332
-9.2285
-9.3018
-9.4482
-9.5459
-9.5215
-9.5215
-9.5703
-9.5703
-9.5215
-9.4727
-9.3994
-9.5215
-9.5215
-9.5703
-9.4238
-9.3506
-9.2041
-9.2285
-9.2773
-9.082
-8.8623
-8.8135
-8.96
-9.1309
-9.082
-8.96
-9.0088
-8.9355
-8.7891
-8.9844
-8.9355
-8.8379
-8.9111
-8.96
-8.9355
-9.0088
-8.8867
-8.7402
-8.7891
-8.96
-9.1309
-9.2285
-9.082
-9.0576
-9.1064
-9.1309
-8.9355
-6.0303
3.4668
8.96
11.646
10.498
12.476
14.355
15.137
12.817
11.621
13.867
15.186
15.918
15.942
14.575
14.819
15.649
16.04
15.771
15.796
16.162
15.991
15.576
15.771
16.04
16.235
16.431
16.04
16.309
16.65
16.626
15.527
15.088
14.99
14.966
14.99
14.868
14.648
14.575
14.795
14.819
14.429
14.16
14.136
14.111
14.331
14.6
14.429
14.404
14.526
14.722
14.722
14.624
14.38
13.989
14.063
14.453
14.551
14.16
14.233
12.549
4.8584
-0.39063
-4.0527
-4.7607
-2.8809
-3.9063
-5.7129
-6.7627
-5.835
-5.3711
-6.7139
-7.4219
-7.2266
-6.7383
-7.0557
-7.251
-7.2998
-7.3486
-7.3975
-7.5928
-7.7637
-7.4219
-7.2754
-7.373
-7.5439
-7.6904
-7.7148
-7.7148
-7.7393
-5.7861
2.8076
7.3242
8.9111
10.791
12.744
11.23
10.01
11.987
13.403
12.72
12.793
14.014
14.502
14.111
14.502
14.868
14.819
15.063
15.332
15.088
14.941
14.99
14.966
15.259
15.674
15.454
14.819
15.186
15.503
15.405
15.698
16.382
16.504
16.748
17.139
17.676
17.847
17.603
17.847
18.237
17.993
17.48
17.969
18.359
18.433
18.311
17.969
18.164
18.579
18.311
18.018
18.335
18.359
18.359
18.384
18.506
18.481
18.457
18.335
18.018
17.065
16.724
16.602
16.04
15.723
15.698
15.576
15.43
15.283
15.161
14.771
14.868
14.917
14.795
14.917
15.063
14.966
14.771
14.941
14.331
14.258
14.6
14.6
14.746
15.039
14.99
14.868
14.917
15.063
13.599
4.3945
-3.3203
-7.959
-8.7891
-6.2012
-7.7637
-10.4
-11.89
-12.402
-8.7402
-8.3984
-10.718
-12.061
-12.964
-13.428
-12.964
-11.23
-11.694
-12.744
-13.159
-12.671
-12.378
-12.915
-13.135
-13.086
-13.232
-13.379
-13.232
-13.11
-12.231
-3.3691
4.4922
8.7402
9.2285
9.5459
11.963
13.696
12.207
10.156
12.573
14.38
15.283
15.747
15.894
14.453
13.892
14.844
15.674
15.649
15.161
15.503
15.942
15.454
14.99
15.503
15.674
15.479
15.601
15.503
14.258
3.6377
-3.5156
-8.7158
-12.28
-14.575
-15.137
-11.328
-11.45
-14.014
-15.698
-16.65
-15.625
-11.255
-12.988
-14.941
-16.26
-17.09
-17.48
-17.212
-15.015
-15.356
-16.479
-17.212
-17.285
-16.382
-16.04
-16.675
-17.065
-17.065
-16.406
-13.647
-11.646
-10.522
-9.8633
-9.3506
-8.8867
-8.3496
-7.666
-6.9824
-6.4941
-6.2012
-5.8594
-5.8838
-6.0059
-5.957
-5.6885
-5.542
-5.2979
-5.2734
-5.3955
-5.4199
-5.542
-5.7129
-5.7129
-5.7129
-5.6885
-5.7617
-5.8594
-5.8594
-5.7617
-4.4434
-3.4668
-2.7588
-2.2217
-1.8066
-1.4893
-1.1719
-0.87891
-0.73242
-0.5127
-0.3418
-0.26855
-0.43945
-0.48828
-0.26855
-0.29297
-0.097656
0
0
0
0
0
0
0
0
0
0
0
0
0
0
0
0
0
0
0
0
0
0
0
0
0
0
0
0
0
0
0
0
0
0
0
0
0
0
0
0
0
0
0.41504
6.8604
10.229
14.429
16.65
15.601
14.111
16.187
17.92
17.383
16.797
18.311
19.312
19.702
18.994
19.116
19.824
20.117
19.604
19.751
20.093
20.288
20.02
19.873
20.044
20.142
19.873
19.727
19.873
20.264
19.946
10.791
-0.024414
-6.7383
-10.425
-10.474
-9.8145
-12.329
-13.989
-13.33
-8.7646
-10.889
-13.281
-14.673
-15.552
-15.552
-11.963
-12.5
-14.258
-15.332
-15.869
-16.138
-15.234
-14.575
-15.332
-15.967
-16.162
-15.43
-15.527
-15.771
-15.845
-13.989
-11.768
-10.571
-9.8389
-9.5459
-9.3506
-8.9111
-8.4473
-7.959
-7.4219
-7.2754
-7.1777
-7.0313
-6.7627
-6.8848
-6.9092
-6.7627
-6.7139
-6.8359
-6.7627
-6.6895
-6.7627
-6.7139
-6.7871
-6.8359
-6.5918
-6.5918
-6.665
-6.665
-6.4941
-3.6621
-1.0742
-0.048828
0
0.048828
0.19531
0.41504
0.78125
1.0254
1.2207
1.2451
1.2695
1.2695
1.2451
1.2207
1.2939
1.3428
1.2451
1.1963
1.0742
1.1719
1.2695
1.3184
1.3184
1.3672
1.3184
1.1719
1.1475
1.1963
1.123
0.26855
-0.39063
-0.46387
-0.48828
-0.29297
-0.097656
-0.1709
-0.3418
-0.53711
-0.41504
-0.41504
-0.43945
-0.29297
-0.048828
-0.048828
-0.024414
0
-0.024414
0
0
0
0
0
0
0
-0.024414
0
-0.048828
0
0.048828
5.542
10.132
13.55
15.137
14.453
14.99
15.942
15.845
16.406
17.31
18.408
18.555
18.652
19.116
19.36
19.116
18.872
19.238
19.751
19.629
19.409
19.653
19.482
19.58
19.604
19.775
20.142
19.775
19.312
19.409
17.017
14.136
12.476
11.426
10.718
10.254
9.6924
9.1553
8.5938
8.0811
7.6416
7.3975
7.3486
7.1533
6.8848
6.8115
6.7139
6.7627
6.8604
6.8359
6.6406
6.7627
6.7139
6.5674
6.5186
6.7871
6.9092
6.7383
6.5186
6.6162
1.6602
-3.5889
-5.835
-8.3984
-9.2285
-6.543
-7.5439
-9.2041
-9.9121
-9.4238
-9.6436
-10.327
-10.693
-10.62
-10.767
-10.962
-10.864
-10.791
-11.035
-11.133
-10.791
-10.791
-10.938
-10.986
-10.913
-10.962
-10.913
-10.913
-11.035
-10.889
-11.133
-11.597
-11.816
-12.061
-12.134
-12.061
-12.231
-12.427
-12.354
-12.183
-12.256
-12.427
-12.427
-12.329
-12.28
-12.402
-12.28
-12.207
-12.305
-12.427
-12.329
-12.183
-12.158
-12.427
-12.134
-12.061
-12.231
-12.402
-12.134
-12.061
-11.963
-11.597
-11.035
-10.669
-10.425
-10.352
-9.8145
-9.7412
-9.79
-9.7656
-9.6924
-9.7168
-9.5703
-9.5459
-9.5703
-9.5703
-9.6191
-9.6436
-9.3262
-9.375
-9.5215
-9.7168
-9.3506
-9.3506
-9.4971
-9.5703
-9.6191
-9.4971
-9.4482
-4.0527
4.4922
9.0332
11.768
11.816
12.183
11.719
11.255
12.72
13.989
13.257
13.501
14.6
14.722
14.771
15.356
15.796
15.796
15.747
15.771
16.016
16.309
16.577
16.235
16.528
16.919
17.065
16.675
16.284
16.406
11.279
1.2939
-4.834
-8.8379
-11.011
-9.8633
-6.7871
-9.1309
-11.377
-12.646
-13.184
-9.79
-8.9355
-11.157
-12.524
-13.354
-13.843
-12.939
-11.743
-12.549
-13.403
-13.477
-12.964
-13.232
-13.452
-13.452
-13.55
-13.818
-13.965
-13.745
-14.844
-16.943
-17.065
-17.798
-18.872
-18.628
-19.312
-19.971
-20.337
-20.508
-20.313
-20.435
-20.508
-20.435
-20.679
-20.825
-21.118
-20.996
-21.045
-20.85
-20.703
-20.874
-20.679
-20.776
-20.972
-20.947
-20.996
-20.801
-20.972
-20.972
-18.018
-11.401
-6.9092
-3.833
-2.417
-2.4902
-1.9043
-0.83008
-0.43945
-0.39063
-0.39063
-0.24414
-0.097656
0
-0.24414
-0.43945
-0.24414
-0.024414
0
0
0
0.024414
0
0
0
0
0
0
0
0
2.2949
5.6152
6.9092
8.8623
10.522
9.7168
10.352
11.548
11.597
11.646
12.012
12.378
12.769
13.086
12.964
12.915
13.135
13.306
13.232
13.037
13.159
12.915
12.671
12.842
13.11
13.159
13.062
13.159
13.306
13.086
11.011
6.2988
3.6865
2.2705
1.5625
1.3184
0.87891
0.5127
0.19531
0.14648
0.097656
0.024414
0
0
0
0
0
0
0
0
0
0
0
0
0
0
0
0
0
0
-0.21973
-0.78125
-0.80566
-0.63477
-0.80566
-0.85449
-0.90332
-1.001
-1.0498
-1.0254
-1.2451
-1.2207
-1.2207
-1.123
-0.97656
-1.0742
-1.0742
-1.0498
-1.1475
-1.0742
-1.1963
-1.1963
-1.1719
-1.0986
-0.92773
-1.001
-1.2451
-1.2451
-1.2939
