0
-1.0498
-9.082
-14.282
-17.358
-19.263
-20.386
-21.167
-21.704
-21.997
-22.339
-22.412
-22.607
-22.632
-22.681
-22.681
-22.778
-22.803
-22.803
-22.876
-22.778
-22.876
-22.876
-22.974
-22.9
-22.998
-22.925
-22.974
-22.974
-22.998
-23.047
-22.607
-18.799
-15.259
-12.72
-11.182
-10.229
-9.5947
-9.082
-8.7646
-8.4717
-8.3008
-8.0322
-7.8369
-7.7148
-7.5928
-7.5439
-7.4707
-7.4219
-7.3242
-7.251
-7.2754
-7.2021
-7.2754
-7.2266
-7.2754
-7.2021
-7.2021
-7.1533
-7.2266
-7.1777
-7.1045
-5.9814
-5.0293
-4.4922
-4.1748
-3.8818
-3.6621
-3.4668
-3.2715
-3.1494
-3.0029
-2.8564
-2.7344
-2.6367
-2.5635
-2.5146
-2.4902
-2.4414
-2.4414
-2.3438
-2.1973
-2.1484
-2.1973
-2.2705
-2.3193
-2.3682
-2.3682
-2.3926
-2.417
-2.3926
-2.1973
0.61035
2.6123
3.6133
4.0527
4.3945
4.5166
4.6631
4.6875
4.7119
4.7363
4.8096
4.7852
4.7607
4.7363
4.7852
4.7607
4.7363
4.7852
4.7363
4.8096
4.7852
4.8096
4.7363
4.7607
4.7852
4.7363
4.8096
4.7363
4.8096
4.3701
-0.61035
-4.4678
-6.4697
-7.5195
-8.1543
-8.5693
-8.7402
-8.8623
-8.96
-8.96
-9.0088
-9.0332
-9.1064
-9.0576
-9.0332
-9.0576
-9.0332
-9.1064
-9.1553
-9.082
-9.0576
-9.082
-9.1309
-9.082
-9.1309
-9.1064
-9.0576
-9.0576
-9.1309
-9.4971
-13.452
-16.772
-18.896
-20.117
-20.972
-21.509
-21.777
-22.095
-22.266
-22.485
-22.412
-22.607
-22.559
-22.632
-22.705
-22.729
-22.754
-22.754
-22.803
-22.705
-22.852
-22.778
-22.852
-22.827
-22.852
-22.827
-22.827
-22.949
-22.852
-22.949
-22.29
-21.777
-21.313
-20.947
-20.63
-20.313
-20.117
-19.849
-19.849
-19.678
-19.531
-19.556
-19.336
-19.385
-19.336
-19.263
-19.312
-19.214
-19.189
-19.165
-19.141
-19.165
-19.165
-19.116
-19.141
-19.067
-19.116
-19.141
-19.067
-18.799
-13.354
-7.7881
-4.126
-1.9287
-0.75684
-0.14648
0.097656
0.29297
0.26855
0.29297
0.24414
0.1709
0.12207
0.048828
0.024414
0.024414
0.073242
0.073242
0.14648
0.12207
0.1709
0.14648
0.073242
0.073242
0.024414
0
0
0
0
0.048828
0.73242
1.2695
1.5625
1.7334
1.8066
1.8555
1.9043
1.8799
1.9043
1.9531
1.9287
1.9287
1.9043
1.9287
1.9287
1.9287
1.9287
1.9287
1.9287
1.9287
1.9531
1.9043
1.9287
1.9287
1.9287
1.9287
1.9287
1.9287
1.9043
1.9043
1.9287
1.9287
1.9287
1.9287
1.9043
1.9287
1.9287
1.9531
1.9287
1.9287
1.9531
1.9287
1.9043
1.9287
1.9287
1.9287
1.9287
1.9287
1.9287
1.9043
1.9043
1.9287
1.9287
1.9043
1.9287
1.8799
1.9043
1.9287
1.9043
1.6602
-3.7354
-7.959
-10.4
-11.768
-12.549
-12.939
-13.281
-13.501
-13.574
-13.647
-13.721
-13.794
-13.745
-13.77
-13.843
-13.843
-13.843
-13.867
-13.916
-13.843
-13.867
-13.867
-13.94
-13.867
-13.892
-13.916
-13.916
-13.867
-13.892
-13.989
-14.868
-15.796
-16.504
-16.846
-17.065
-17.31
-17.31
-17.407
-17.554
-17.48
-17.578
-17.627
-17.603
-17.627
-17.676
-17.603
-17.7
-17.725
-17.651
-17.7
-17.7
-17.676
-17.749
-17.725
-17.725
-17.773
-17.7
-17.7
-17.773
-17.578
-12.964
-7.7637
-4.2725
-2.124
-1.001
-0.41504
-0.19531
-0.073242
-0.024414
0.024414
0.024414
0
0
0
0
0
0
0
0
0
0
0
0
0
0
0
0
0
0
0
-0.85449
-1.6113
-1.8311
-1.8555
-1.9043
-2.0752
-2.1973
-2.2949
-2.3438
-2.3438
-2.3926
-2.417
-2.3926
-2.417
-2.4414
-2.3926
-2.3926
-2.4658
-2.417
-2.4414
-2.417
-2.4414
-2.417
-2.3926
-2.4414
-2.3682
-2.3926
-2.417
-2.417
-2.5146
-7.4951
-12.646
-15.552
-17.212
-18.359
-19.043
-19.458
-19.775
-19.971
-20.117
-20.264
-20.264
-20.386
-20.313
-20.386
-20.459
-20.41
-20.508
-20.459
-20.483
-20.508
-20.483
-20.605
-20.508
-20.581
-20.508
-20.508
-20.605
-20.508
-20.605
-20.361
-20.142
-19.995
-19.824
-19.775
-19.604
-19.556
-19.531
-19.36
-19.409
-19.36
-19.312
-19.385
-19.214
-19.238
-19.263
-19.214
-19.287
-19.214
-19.189
-19.189
-19.092
-19.238
-19.165
-19.165
-19.189
-19.116
-19.165
-19.189
-19.067
-12.622
-1.2207
8.0566
12.72
15.137
16.626
17.627
18.188
18.677
18.896
19.019
19.214
19.189
19.312
19.36
19.336
19.409
19.409
19.458
19.482
19.434
19.507
19.482
19.482
19.531
19.482
19.531
19.556
19.482
19.531
13.867
5.2246
-1.0742
-4.6631
-6.3721
-7.2998
-7.8613
-8.1787
-8.3496
-8.374
-8.4473
-8.5205
-8.5693
-8.6182
-8.6182
-8.5693
-8.5449
-8.5938
-8.6182
-8.6426
-8.6182
-8.5938
-8.5693
-8.5938
-8.6426
-8.6182
-8.6426
-8.5938
-8.5693
-8.6182
-5.0781
0.29297
3.4424
4.9561
5.6885
6.0791
6.2988
6.3477
6.4453
6.5186
6.6162
6.6162
6.665
6.6162
6.6162
6.6162
6.6406
6.665
6.6895
6.665
6.665
6.6406
6.665
6.6162
6.7139
6.665
6.6895
6.6406
6.6406
6.6406
6.9824
7.4219
7.6904
7.8857
7.9346
7.9834
8.0322
8.0322
8.0566
8.1055
8.0811
8.0566
8.0811
8.1055
8.0811
8.1055
8.1299
8.0811
8.0811
8.0811
8.1055
8.0811
8.0811
8.0811
8.0566
8.0322
8.1055
8.1055
8.0811
8.1055
4.4678
-1.0254
-4.2236
-5.6885
-6.5186
-7.0313
-7.3242
-7.4219
-7.4707
-7.4707
-7.5928
-7.5928
-7.6416
-7.6416
-7.5928
-7.6416
-7.6172
-7.6904
-7.6904
-7.6416
-7.6172
-7.6172
-7.6416
-7.6172
-7.7148
-7.6416
-7.6172
-7.6416
-7.6172
-9.082
-11.353
-12.646
-13.379
-13.892
-14.258
-14.404
-14.453
-14.6
-14.673
-14.624
-14.722
-14.795
-14.746
-14.746
-14.819
-14.819
-14.795
-14.868
-14.844
-14.795
-14.844
-14.893
-14.844
-14.819
-14.868
-14.868
-14.819
-14.844
-14.917
-12.402
-8.2275
-5.542
-3.9063
-2.9785
-2.5391
-2.2461
-1.9775
-1.7578
-1.5625
-1.416
-1.2695
-1.0742
-0.92773
-0.80566
-0.73242
-0.65918
-0.61035
-0.58594
-0.56152
-0.53711
-0.5127
-0.48828
-0.58594
-0.56152
-0.56152
-0.56152
-0.5127
-0.5127
-0.5127
1.5869
5.0293
6.9336
7.959
8.5693
8.96
9.1309
9.3018
9.375
9.4238
9.4727
9.4727
9.4482
9.4727
9.5215
9.4971
9.4727
9.4971
9.4971
9.4971
9.5215
9.5215
9.4727
9.5215
9.5459
9.4971
9.5703
9.4971
9.5215
9.5703
9.3994
9.0576
8.8135
8.5938
8.374
8.2764
8.1543
8.0811
7.9102
7.8857
7.7881
7.7881
7.7393
7.7393
7.6416
7.6416
7.6416
7.6172
7.666
7.6172
7.6416
7.5684
7.6172
7.5439
7.6172
7.6172
7.5928
7.5928
7.5439
7.5928
8.4473
10.303
11.377
11.938
12.378
12.671
12.866
12.939
13.013
13.11
13.159
13.086
13.184
13.208
13.232
13.184
13.208
13.281
13.232
13.232
13.281
13.281
13.232
13.208
13.257
13.281
13.184
13.208
13.257
13.257
9.5947
0.68359
-5.1758
-7.9346
-9.5215
-10.498
-10.986
-11.279
-11.475
-11.67
-11.792
-11.768
-11.816
-11.865
-11.938
-11.914
-11.89
-11.914
-11.987
-11.963
-11.938
-11.938
-11.987
-11.987
-11.914
-11.963
-12.012
-11.987
-11.963
-11.963
-10.352
-6.5918
-4.126
-2.6611
-1.7822
-1.3184
-1.0498
-0.85449
-0.65918
-0.43945
-0.24414
-0.097656
0.048828
0.097656
0.14648
0.12207
0.073242
0.024414
0
0
0
0
0
0
0
0
0
0
0
0
3.125
9.6924
13.33
15.381
16.65
17.456
17.969
18.262
18.53
18.628
18.75
18.848
18.848
18.921
18.921
18.945
19.019
18.945
18.994
19.019
18.97
19.067
19.019
19.019
19.043
19.019
19.067
19.043
19.019
19.092
17.603
13.965
11.426
9.6924
8.667
8.0322
7.6416
7.2754
7.0068
6.8115
6.5918
6.4209
6.2744
6.1523
6.0303
6.0059
5.9082
5.8594
5.835
5.7617
5.7373
5.7617
5.7129
5.6885
5.7373
5.7129
5.7373
5.7129
5.6885
5.7129
5.957
6.8604
7.3486
7.666
7.8369
7.9102
7.959
7.9834
8.0811
8.0566
8.0811
8.1299
8.0566
8.0566
8.1299
8.1055
8.1055
8.0811
8.1055
8.0566
8.0322
8.1299
8.0811
8.0566
8.0811
8.0566
8.0078
8.1299
8.0811
8.0566
7.2021
4.4678
2.9053
1.9287
1.3916
1.1475
0.92773
0.68359
0.48828
0.21973
0.048828
-0.024414
-0.097656
-0.12207
-0.12207
-0.073242
-0.073242
-0.048828
0
0
0
0
0
0
0
0
0
0
0
0
-1.123
-4.6143
-6.7871
-8.1055
-8.8867
-9.3018
-9.5703
-9.7168
-9.7412
-9.8633
-9.9609
-9.9365
-9.9854
-9.9365
-9.9854
-10.01
-10.034
-10.01
-9.9609
-10.059
-10.034
-10.034
-10.059
-9.9609
-10.01
-10.083
-10.059
-10.01
-10.01
-10.01
-7.5195
2.124
9.1553
12.646
14.697
15.918
16.675
17.139
17.505
17.627
17.749
17.92
17.896
17.944
18.018
17.969
18.042
18.066
18.018
18.091
18.115
18.091
18.115
18.091
18.091
18.14
18.066
18.14
18.164
18.091
15.747
5.9082
-2.1973
-6.4697
-8.5205
-9.5947
-10.327
-10.742
-11.035
-11.23
-11.23
-11.304
-11.377
-11.401
-11.401
-11.401
-11.426
-11.499
-11.475
-11.45
-11.45
-11.475
-11.523
-11.475
-11.475
-11.523
-11.548
-11.45
-11.475
-11.499
-11.182
-9.9121
-8.96
-8.3984
-8.0566
-7.8125
-7.4951
-7.2998
-7.0068
-6.8359
-6.7627
-6.665
-6.6162
-6.5186
-6.4697
-6.3721
-6.3232
-6.25
-6.2256
-6.2256
-6.2256
-6.2744
-6.25
-6.2012
-6.2012
-6.2012
-6.2012
-6.2256
-6.2256
-6.25
-6.8359
-9.3262
-10.864
-11.841
-12.451
-12.793
-12.964
-13.086
-13.208
-13.232
-13.208
-13.306
-13.33
-13.33
-13.281
-13.354
-13.428
-13.354
-13.379
-13.428
-13.379
-13.354
-13.354
-13.452
-13.403
-13.354
-13.403
-13.452
-13.379
-13.379
-12.695
-9.3506
-6.8604
-5.2734
-4.4434
-3.9307
-3.6377
-3.418
-3.1738
-2.9785
-2.7832
-2.5879
-2.4902
-2.3438
-2.1973
-2.124
-2.0508
-1.9775
-1.9775
-1.9287
-1.9531
-1.9043
-1.9287
-1.9287
-1.9531
-1.9287
-1.9531
-1.9287
-1.9531
-1.9531
-3.1494
-8.9111
-12.573
-14.575
-15.845
-16.65
-17.139
-17.383
-17.676
-17.749
-17.871
-17.993
-17.969
-18.042
-18.066
-18.042
-18.14
-18.14
-18.115
-18.237
-18.115
-18.091
-18.237
-18.115
-18.164
-18.213
-18.115
-18.188
-18.188
-18.14
-17.065
-10.083
-3.7842
0.36621
2.5146
3.54
4.1016
4.3701
4.5898
4.6387
4.7119
4.7363
4.7119
4.7119
4.7607
4.7607
4.7119
4.7852
4.7852
4.8096
4.7607
4.7607
4.8096
4.7363
4.7852
4.7363
4.7363
4.7852
4.7852
4.8096
5.4199
9.0088
11.475
12.891
13.794
14.307
14.575
14.819
14.966
15.015
15.039
15.112
15.137
15.161
15.186
15.234
15.161
15.234
15.234
15.21
15.21
15.283
15.21
15.234
15.259
15.259
15.234
15.283
15.283
15.234
14.819
11.963
9.9365
8.5938
7.7881
7.3486
6.958
6.665
6.3721
6.2256
6.0303
5.835
5.6396
5.542
5.4688
5.4199
5.3467
5.2734
5.3223
5.2246
5.249
5.249
5.2002
5.249
5.2246
5.249
5.249
5.2246
5.2002
5.2246
3.9551
-5.8105
-12.451
-16.162
-18.188
-19.556
-20.483
-20.947
-21.411
-21.68
-21.924
-21.997
-22.046
-22.168
-22.095
-22.266
-22.192
-22.314
-22.29
-22.29
-22.314
-22.314
-22.437
-22.314
-22.437
-22.339
-22.412
-22.412
-22.437
-22.412
-22.339
-21.606
-20.825
-20.435
-20.02
-19.653
-19.409
-19.067
-19.019
-18.848
-18.701
-18.726
-18.53
-18.506
-18.457
-18.359
-18.433
-18.359
-18.286
-18.311
-18.213
-18.286
-18.262
-18.213
-18.237
-18.213
-18.14
-18.213
-18.213
-18.164
-17.944
-14.722
-11.987
-10.181
-9.0332
-8.2764
-7.8125
-7.4707
-7.2266
-6.9336
-6.7627
-6.5674
-6.3965
-6.1768
-6.0059
-5.9814
-5.9082
-5.8594
-5.835
-5.835
-5.7617
-5.7861
-5.7373
-5.7373
-5.6885
-5.7129
-5.7129
-5.7617
-5.7617
-5.7373
-5.1514
1.0742
5.835
8.2031
9.4971
10.303
10.718
10.938
11.206
11.206
11.255
11.304
11.353
11.426
11.401
11.353
11.401
11.426
11.426
11.401
11.401
11.426
11.426
11.401
11.426
11.401
11.45
11.45
11.426
11.426
10.938
4.4434
-1.4404
-4.5898
-6.1279
-6.958
-7.3242
-7.666
-7.8369
-7.9102
-8.0322
-8.0322
-8.0811
-8.0566
-8.0566
-8.1299
-8.1055
-8.1299
-8.0811
-8.1299
-8.0811
-8.1055
-8.1055
-8.1543
-8.1543
-8.1055
-8.1055
-8.1055
-8.1787
-8.1543
-8.1787
-8.3984
-8.6426
-8.8135
-8.9355
-9.0088
-8.9844
-8.9844
-9.0088
-9.0332
-9.082
-9.1064
-9.0332
-9.0332
-9.0332
-9.1064
-9.1553
-9.0576
-9.0576
-9.0576
-9.082
-9.1064
-9.082
-9.082
-9.082
-9.0576
-9.082
-9.1309
-9.1064
-9.0332
-8.4961
0.75684
9.5947
13.965
16.675
18.286
19.263
20.02
20.337
20.679
20.874
21.045
21.143
21.118
21.24
21.216
21.289
21.313
21.289
21.362
21.313
21.387
21.313
21.387
21.362
21.387
21.411
21.362
21.411
21.387
21.24
18.921
16.577
15.161
14.087
13.428
13.013
12.598
12.28
11.987
11.816
11.719
11.572
11.45
11.328
11.304
11.279
11.182
11.133
11.157
11.108
11.084
11.011
10.986
11.011
10.986
11.011
10.962
10.962
10.986
11.084
13.159
15.088
16.382
17.09
17.554
17.896
18.042
18.237
18.286
18.311
18.408
18.457
18.433
18.53
18.457
18.506
18.555
18.506
18.53
18.555
18.53
18.604
18.555
18.555
18.604
18.555
18.555
18.579
18.506
18.628
18.53
18.457
18.433
18.335
18.335
18.311
18.237
18.262
18.237
18.188
18.237
18.164
18.164
18.213
18.14
18.164
18.164
18.115
18.164
18.14
18.091
18.164
18.115
18.091
18.14
18.091
18.115
18.14
18.115
17.993
12.646
6.5674
2.5391
0.21973
-0.90332
-1.3916
-1.6113
-1.7334
-1.9043
-1.8311
-1.9287
-1.9043
-1.8799
-1.9287
-1.9287
-1.9531
-1.9287
-1.9287
-1.9287
-1.9531
-1.9287
-1.9531
-1.9043
-1.8311
-1.6357
-1.5625
-1.6113
-1.6357
-1.6846
-1.8066
-3.3691
-4.8828
-5.6396
-6.1035
-6.3477
-6.5186
-6.5918
-6.5918
-6.5918
-6.6162
-6.6406
-6.6895
-6.7139
-6.7139
-6.665
-6.6406
-6.6406
-6.6406
-6.6895
-6.7139
-6.7139
-6.6895
-6.6895
-6.665
-6.6406
-6.665
-6.665
-6.6895
-6.6895
-6.7383
-7.8613
-9.1309
-9.8389
-10.327
-10.571
-10.693
-10.791
-10.84
-10.913
-10.913
-10.938
-10.938
-10.986
-11.035
-10.986
-10.962
-10.986
-11.011
-11.011
-11.011
-10.986
-11.035
-11.035
-11.011
-10.986
-11.011
-11.06
-11.011
-11.011
-10.986
-10.815
-10.522
-10.278
-10.01
-9.8389
-9.7412
-9.6924
-9.5215
-9.4482
-9.3506
-9.3262
-9.3018
-9.2773
-9.1553
-9.1797
-9.1064
-9.1797
-9.1553
-9.1064
-9.082
-9.082
-9.082
-9.1309
-9.1309
-9.0576
-9.0332
-9.1064
-9.1064
-9.082
-9.1064
-8.9844
-8.9111
-8.9111
-8.8867
-8.7891
-8.7646
-8.6914
-8.667
-8.7402
-8.7158
-8.667
-8.6182
-8.5938
-8.6182
-8.667
-8.667
-8.6426
-8.5938
-8.6182
-8.6182
-8.6426
-8.6426
-8.5938
-8.5938
-8.5938
-8.5938
-8.6426
-8.6426
-8.6182
-8.6182
-8.9111
-9.3994
-9.6436
-9.79
-9.79
-9.8877
-9.9854
-9.9854
-10.01
-10.01
-9.9609
-10.059
-10.059
-10.01
-10.034
-10.059
-10.034
-10.083
-10.059
-10.034
-10.01
-10.059
-10.107
-10.01
-10.034
-10.034
-10.059
-10.059
-10.034
-10.034
-10.107
-10.278
-10.376
-10.4
-10.425
-10.4
-10.498
-10.522
-10.474
-10.498
-10.522
-10.522
-10.547
-10.498
-10.474
-10.522
-10.547
-10.571
-10.498
-10.522
-10.522
-10.571
-10.547
-10.522
-10.498
-10.571
-10.571
-10.522
-10.498
-10.522
-9.0576
-6.9092
-5.6396
-4.834
-4.3457
-4.0771
-3.7598
-3.6133
-3.3936
-3.2959
-3.1006
-2.9541
-2.832
-2.71
-2.6611
-2.5635
-2.4902
-2.3926
-2.417
-2.417
-2.3682
-2.3926
-2.3682
-2.417
-2.3926
-2.3682
-2.3926
-2.4414
-2.3926
-2.4414
-3.4424
-4.9072
-5.7129
-6.1035
-6.3477
-6.4697
-6.5674
-6.5918
-6.6406
-6.665
-6.6895
-6.6406
-6.6895
-6.665
-6.665
-6.7139
-6.7139
-6.7139
-6.7383
-6.7139
-6.665
-6.665
-6.6895
-6.7139
-6.665
-6.7139
-6.6895
-6.6895
-6.665
-9.5703
-13.892
-16.406
-17.944
-18.994
-19.58
-19.995
-20.288
-20.459
-20.654
-20.679
-20.801
-20.776
-20.801
-20.898
-20.85
-20.947
-20.898
-20.947
-20.923
-20.947
-21.045
-20.947
-21.045
-20.947
-20.923
-21.045
-20.972
-21.045
-20.996
-17.163
-9.8145
-3.9795
-0.21973
1.7334
2.6855
3.2471
3.5156
3.6133
3.7842
3.7354
3.7598
3.833
3.7598
3.8086
3.8086
3.6865
3.6621
3.6377
3.7842
3.7842
3.8086
3.833
3.8574
3.7842
3.833
3.7842
3.8574
3.7598
3.7842
2.832
1.2451
0.46387
0.21973
0.12207
0.024414
0
-0.073242
-0.024414
0
0.024414
0.024414
0
-0.024414
0
0
0
0
0
0
0
0
0
0
0
0
0
0
0
0
-2.6123
-7.1533
-9.6924
-11.157
-11.963
-12.451
-12.769
-12.939
-13.135
-13.184
-13.184
-13.281
-13.379
-13.306
-13.306
-13.379
-13.403
-13.354
-13.403
-13.477
-13.428
-13.354
-13.403
-13.428
-13.428
-13.403
-13.428
-13.452
-13.403
-13.403
-10.986
-5.9326
-2.3193
-0.12207
0.97656
1.416
1.6602
1.7822
1.8311
1.9043
1.9043
1.9043
1.9043
1.9287
1.9287
1.9287
1.9287
1.9287
1.9043
1.9043
1.8799
1.7822
1.6357
1.4648
1.3428
1.1963
0.95215
0.68359
0.63477
0.70801
-0.87891
-3.8574
-5.4199
-6.2988
-6.8848
-7.1777
-7.373
-7.4707
-7.5195
-7.5439
-7.5439
-7.5439
-7.6416
-7.5928
-7.6416
-7.5684
-7.6172
-7.5684
-7.666
-7.5928
-7.6904
-7.5928
-7.6172
-7.5684
-7.6416
-7.6172
-7.6904
-7.6416
-7.6172
-7.6416
-4.8828
1.4404
5.2246
7.0313
7.9834
8.6182
9.0088
9.2041
9.3018
9.3506
9.3994
9.4482
9.4482
9.4727
9.4482
9.4971
9.4727
9.5215
9.5459
9.4482
9.4971
9.5459
9.5459
9.5703
9.4727
9.5215
9.5459
9.5215
9.5703
9.4727
5.835
-3.9307
-9.4482
-12.378
-14.014
-14.917
-15.527
-15.967
-16.162
-16.309
-16.479
-16.528
-16.553
-16.65
-16.602
-16.626
-16.724
-16.699
-16.699
-16.772
-16.724
-16.675
-16.797
-16.748
-16.724
-16.797
-16.724
-16.748
-16.797
-16.772
-13.159
-1.9775
7.0557
11.304
13.623
15.112
15.991
16.553
16.992
17.212
17.432
17.578
17.627
17.651
17.749
17.749
17.822
17.847
17.822
17.896
17.871
17.822
17.896
17.896
17.847
17.944
17.92
17.92
17.944
17.92
14.258
2.0996
-7.1045
-11.646
-14.185
-15.796
-16.724
-17.285
-17.773
-17.993
-18.164
-18.335
-18.311
-18.408
-18.506
-18.457
-18.53
-18.604
-18.555
-18.604
-18.604
-18.579
-18.701
-18.579
-18.652
-18.652
-18.604
-18.701
-18.677
-18.652
-18.408
-17.285
-16.553
-16.113
-15.674
-15.308
-15.063
-14.795
-14.648
-14.551
-14.453
-14.331
-14.258
-14.258
-14.16
-14.087
-14.111
-14.087
-14.014
-14.014
-14.038
-13.989
-13.916
-13.965
-13.965
-13.892
-13.892
-13.965
-13.916
-13.867
-14.502
-16.528
-17.847
-18.726
-19.312
-19.604
-19.922
-20.044
-20.166
-20.288
-20.264
-20.386
-20.361
-20.435
-20.459
-20.459
-20.532
-20.41
-20.532
-20.508
-20.508
-20.581
-20.483
-20.581
-20.508
-20.532
-20.605
-20.532
-20.605
-20.483
-18.066
-7.4219
3.9307
10.986
14.551
16.577
17.92
18.701
19.263
19.629
19.8
20.02
20.068
20.19
20.239
20.239
20.337
20.313
20.386
20.386
20.361
20.435
20.361
20.386
20.41
20.386
20.459
20.41
20.459
20.41
18.799
12.183
6.9336
3.6133
1.8311
0.83008
0.31738
0.073242
0
-0.14648
-0.073242
-0.048828
0
0
0.048828
0
0
0
0
0
0
0
0
0
0
0
0
0
0
0
-0.95215
-4.7852
-7.0068
-8.3496
-8.96
-9.2773
-9.5947
-9.668
-9.8389
-9.9121
-9.9121
-9.9121
-9.9121
-10.034
-10.01
-9.9854
-9.9854
-9.9854
-10.059
-10.059
-9.9609
-10.01
-9.9854
-10.01
-10.083
-10.034
-9.9854
-10.034
-10.034
-10.059
-10.327
-11.523
-12.427
-12.964
-13.232
-13.403
-13.574
-13.672
-13.647
-13.721
-13.77
-13.818
-13.77
-13.818
-13.916
-13.843
-13.843
-13.843
-13.916
-13.818
-13.867
-13.892
-13.916
-13.843
-13.916
-13.94
-13.892
-13.916
-13.965
-13.916
-11.743
-0.21973
9.1309
13.892
16.626
18.262
19.287
19.971
20.337
20.703
20.85
21.021
21.094
21.118
21.216
21.216
21.313
21.265
21.338
21.338
21.313
21.411
21.338
21.436
21.387
21.436
21.411
21.387
21.436
21.362
19.824
10.107
1.0254
-4.834
-7.5684
-9.1064
-9.9854
-10.449
-10.791
-11.035
-11.206
-11.255
-11.255
-11.328
-11.401
-11.377
-11.377
-11.377
-11.45
-11.475
-11.426
-11.45
-11.475
-11.475
-11.499
-11.45
-11.426
-11.523
-11.475
-11.45
-9.8877
0.61035
9.375
13.818
16.406
17.92
18.896
19.58
19.971
20.239
20.41
20.508
20.679
20.63
20.752
20.752
20.801
20.874
20.825
20.898
20.874
20.898
20.898
20.874
20.947
20.874
20.972
20.923
20.923
20.972
19.946
13.55
7.9346
4.2969
2.2217
1.0254
0.46387
0.1709
0.024414
-0.048828
-0.12207
-0.048828
0
0.073242
0.024414
-0.024414
-0.024414
0
0
0
0
0
0
0
0
0
0
0
0
0
0.097656
0.87891
1.3184
1.6113
1.7334
1.8555
1.8311
1.9043
1.8799
1.9043
1.9287
1.9287
1.9531
1.9287
1.9531
1.9531
1.9531
1.9287
1.9531
1.9531
1.9287
1.9287
1.9287
1.9287
1.9043
1.9531
1.9043
1.9531
1.9043
1.9043
2.5146
7.0557
10.352
12.231
13.354
13.965
14.429
14.722
14.844
14.941
15.063
15.088
15.088
15.161
15.186
15.137
15.186
15.186
15.186
15.161
15.283
15.186
15.234
15.259
15.259
15.21
15.234
15.259
15.186
15.186
15.405
16.479
17.505
18.164
18.53
18.823
19.067
19.067
19.263
19.263
19.312
19.385
19.385
19.434
19.434
19.434
19.482
19.458
19.507
19.531
19.458
19.556
19.507
19.507
19.531
19.482
19.531
19.507
19.507
19.556
18.896
12.793
6.8848
2.9053
0.58594
-0.56152
-1.0742
-1.1963
-1.2939
-1.4404
-1.416
-1.416
-1.4893
-1.416
-1.4404
-1.4648
-1.4893
-1.4404
-1.4404
-1.4404
-1.1719
-0.90332
-0.73242
-0.68359
-0.56152
-0.56152
-0.56152
-0.73242
-0.75684
-0.80566
-1.4893
-7.5439
-12.231
-14.844
-16.309
-17.236
-17.92
-18.188
-18.481
-18.774
-18.774
-18.945
-19.043
-19.019
-19.141
-19.116
-19.165
-19.214
-19.214
-19.238
-19.238
-19.214
-19.287
-19.238
-19.287
-19.238
-19.165
-19.263
-19.263
-19.214
-19.287
-19.287
-19.385
-19.385
-19.458
-19.531
-19.531
-19.556
-19.556
-19.556
-19.653
-19.58
-19.678
-19.604
-19.58
-19.678
-19.653
-19.653
-19.702
-19.653
-19.678
-19.629
-19.653
-19.702
-19.604
-19.702
-19.58
-19.629
-19.678
-19.629
-19.678
-19.482
-19.312
-19.214
-18.994
-18.945
-18.872
-18.75
-18.726
-18.628
-18.555
-18.604
-18.481
-18.481
-18.457
-18.359
-18.408
-18.335
-18.311
-18.359
-18.262
-18.262
-18.311
-18.213
-18.237
-18.286
-18.188
-18.213
-18.213
-18.213
-17.993
-12.72
-7.1777
-3.4668
-1.1719
-0.024414
0.56152
0.75684
0.87891
0.90332
0.90332
0.95215
0.92773
1.001
0.90332
0.95215
0.97656
0.97656
0.95215
0.87891
0.85449
0.70801
0.65918
0.46387
0.36621
0.19531
0.048828
0.024414
0
0
0
0
0
0
0
0
0
0
0
0
0
0
0
0
0
0
0
0
0
0
0
0
0
0
0
0
0
0
0
0
0.048828
2.0264
3.9063
4.8828
5.4688
5.7617
5.957
6.0547
6.0791
6.0791
6.1523
6.0791
6.1279
6.2012
6.1523
6.1768
6.1523
6.1523
6.1768
6.1035
6.1523
6.2012
6.2012
6.2256
6.1523
6.2012
6.1523
6.1523
6.2012
6.2012
6.2744
8.6182
10.938
12.28
13.135
13.647
13.867
14.087
14.282
14.331
14.38
14.478
14.551
14.502
14.551
14.551
14.575
14.551
14.624
14.6
14.575
14.6
14.648
14.624
14.624
14.648
14.673
14.575
14.648
14.673
14.453
9.4482
3.4424
-0.19531
-2.2461
-3.2715
-3.8818
-4.2236
-4.4678
-4.5166
-4.6631
-4.6875
-4.7119
-4.7119
-4.7852
-4.7852
-4.7363
-4.7607
-4.7363
-4.7119
-4.7363
-4.7852
-4.7607
-4.7852
-4.7607
-4.7852
-4.7852
-4.7607
-4.7852
-4.7119
-4.8828
-9.6191
-14.355
-17.065
-18.799
-19.922
-20.63
-21.167
-21.484
-21.704
-21.924
-21.997
-22.168
-22.095
-22.144
-22.192
-22.29
-22.266
-22.29
-22.339
-22.241
-22.363
-22.339
-22.388
-22.363
-22.388
-22.363
-22.363
-22.412
-22.339
-22.363
-14.771
-3.1738
5.7373
10.767
13.501
15.186
16.138
16.797
17.236
17.407
17.651
17.798
17.798
17.896
17.969
17.92
18.018
18.018
17.993
18.066
18.042
18.091
18.115
18.066
18.115
18.091
18.066
18.115
18.091
18.018
12.134
3.5889
-2.2705
-5.1514
-6.665
-7.4219
-7.8125
-8.1299
-8.2764
-8.4473
-8.4961
-8.5205
-8.5205
-8.5449
-8.5693
-8.5938
-8.6182
-8.6182
-8.5938
-8.5693
-8.5938
-8.6182
-8.6182
-8.6182
-8.5938
-8.5938
-8.6426
-8.6426
-8.667
-8.6182
-8.1055
-7.5195
-7.1289
-6.8115
-6.5674
-6.3721
-6.0791
-5.957
-5.7861
-5.7373
-5.5908
-5.5664
-5.4932
-5.4199
-5.3711
-5.3223
-5.249
-5.2734
-5.249
-5.2734
-5.2734
-5.2979
-5.2979
-5.2979
-5.2246
-5.2734
-5.2246
-5.249
-5.249
-5.2002
1.1963
9.5459
13.721
16.138
17.676
18.506
19.189
19.507
19.751
19.995
20.02
20.166
20.215
20.215
20.337
20.288
20.361
20.361
20.361
20.386
20.361
20.459
20.41
20.435
20.483
20.386
20.483
20.41
20.459
20.483
16.821
11.841
8.3252
6.1768
4.8584
4.1992
3.833
3.5156
3.1494
2.9297
2.7344
2.5879
2.4414
2.2949
2.1973
2.0752
2.0508
1.9531
1.9531
1.9531
1.9287
1.9043
1.9287
1.9043
1.9287
1.9043
1.8799
1.9043
1.9043
1.9043
2.6855
3.8574
4.3945
4.8096
4.9805
5.127
5.1758
5.2246
5.2002
5.2002
5.2246
5.249
5.2246
5.2246
5.2734
5.249
5.249
5.249
5.249
5.2246
5.1758
5.2734
5.249
5.2246
5.2002
5.249
5.2246
5.2246
5.2002
0.097656
-7.7881
-11.768
-14.014
-15.308
-16.04
-16.626
-16.919
-17.114
-17.334
-17.407
-17.407
-17.554
-17.505
-17.554
-17.627
-17.627
-17.627
-17.773
-17.651
-17.676
-17.725
-17.651
-17.7
-17.725
-17.651
-17.7
-17.725
-17.651
-17.749
-16.675
-14.697
-13.574
-12.842
-12.28
-11.865
-11.499
-11.255
-10.986
-10.84
-10.693
-10.62
-10.522
-10.376
-10.303
-10.303
-10.278
-10.181
-10.132
-10.107
-10.107
-10.132
-10.083
-10.034
-10.059
-10.083
-10.083
-10.083
-10.034
-10.059
-9.0088
-7.0557
-5.9814
-5.2246
-4.8096
-4.5166
-4.2236
-3.9795
-3.833
-3.6621
-3.4912
-3.3691
-3.2471
-3.1738
-3.0518
-3.0029
-2.9541
-2.9297
-2.9053
-2.832
-2.9053
-2.9053
-2.832
-2.8809
-2.8809
-2.8564
-2.8809
-2.8809
-2.9053
-2.9053
-5.9082
-11.572
-14.697
-16.626
-17.773
-18.457
-18.994
-19.287
-19.458
-19.678
-19.702
-19.824
-19.897
-19.824
-19.946
-19.897
-19.971
-19.995
-19.971
-20.02
-19.971
-20.044
-20.068
-20.02
-20.117
-20.02
-20.02
-20.093
-20.044
-20.117
-16.675
-8.1055
-1.2939
3.0762
5.1025
6.1523
6.6895
7.0068
7.2998
7.3975
7.4707
7.5195
7.5439
7.5684
7.5195
7.6416
7.5684
7.6416
7.5684
7.5928
7.5684
7.5684
7.6172
7.5439
7.5928
7.5928
7.5195
7.5684
7.5928
7.5928
3.9307
-5.3711
-10.107
-12.72
-14.282
-15.234
-15.918
-16.211
-16.528
-16.772
-16.821
-16.919
-17.017
-16.943
-16.992
-17.09
-17.041
-17.09
-17.139
-17.065
-17.139
-17.163
-17.09
-17.188
-17.212
-17.09
-17.163
-17.212
-17.114
-17.236
-17.725
-19.092
-20.166
-20.776
-21.289
-21.582
-21.777
-21.948
-21.948
-22.144
-22.119
-22.29
-22.192
-22.217
-22.266
-22.29
-22.363
-22.314
-22.412
-22.241
-22.363
-22.363
-22.412
-22.412
-22.412
-22.412
-22.363
-22.461
-22.388
-22.485
-22.144
-21.362
-20.776
-20.288
-19.971
-19.556
-19.36
-19.116
-18.896
-18.896
-18.701
-18.652
-18.652
-18.506
-18.506
-18.433
-18.359
-18.433
-18.335
-18.311
-18.359
-18.262
-18.286
-18.335
-18.213
-18.286
-18.262
-18.213
-18.311
-18.237
-15.747
-6.6406
1.8799
6.9092
9.5947
10.962
11.816
12.402
12.695
12.891
13.037
13.159
13.208
13.184
13.232
13.257
13.257
13.232
13.306
13.306
13.281
13.281
13.33
13.33
13.306
13.33
13.379
13.33
13.306
13.33
12.451
9.3262
7.3242
6.0303
5.3223
4.8584
4.5898
4.248
4.0283
3.8818
3.6621
3.5156
3.3691
3.2471
3.125
2.9785
2.7588
2.6855
2.5879
2.5635
2.71
2.7832
2.832
2.8564
2.8564
2.8809
2.8809
2.8564
2.8564
2.832
3.3936
5.5664
6.9336
7.7148
8.2275
8.5693
8.667
8.8135
8.8379
8.8867
8.9844
8.96
8.9844
8.96
8.9844
9.0088
9.0088
9.0332
9.0332
8.9844
9.0088
9.0332
9.0332
9.0088
8.9844
8.96
9.0332
9.0088
9.0332
8.9844
7.6416
1.3916
-3.1006
-5.3711
-6.4941
-7.2266
-7.5684
-7.8125
-7.9102
-7.9834
-7.9834
-8.0566
-8.0322
-8.1055
-8.1055
-8.0811
-8.0566
-8.1299
-8.1543
-8.1543
-8.1787
-8.1299
-8.0811
-8.1543
-8.1299
-8.1299
-8.1543
-8.1055
-8.1299
-8.1055
-8.6426
-11.304
-13.037
-14.185
-14.868
-15.381
-15.601
-15.771
-15.942
-15.967
-16.016
-16.113
-16.138
-16.089
-16.187
-16.187
-16.162
-16.235
-16.235
-16.187
-16.235
-16.235
-16.187
-16.26
-16.235
-16.138
-16.26
-16.309
-16.211
-16.284
-15.479
-10.889
-7.2266
-4.9561
-3.5645
-2.8564
-2.417
-2.124
-1.9287
-1.6846
-1.4893
-1.3428
-1.1475
-1.0254
-0.87891
-0.73242
-0.65918
-0.58594
-0.58594
-0.53711
-0.53711
-0.5127
-0.5127
-0.48828
-0.41504
-0.46387
-0.5127
-0.56152
-0.5127
-0.46387
-0.1709
2.3438
3.7354
4.6143
5.0293
5.3223
5.4932
5.5664
5.6152
5.6396
5.6396
5.5664
5.6641
5.6396
5.7129
5.6641
5.7129
5.6885
5.6885
5.6885
5.6641
5.7373
5.7129
5.7373
5.7617
5.6885
5.7129
5.6885
5.6641
5.6641
6.3965
11.499
15.161
17.334
18.75
19.556
20.142
20.532
20.703
20.972
20.996
21.143
21.167
21.191
21.265
21.216
21.338
21.289
21.313
21.338
21.313
21.362
21.313
21.411
21.362
21.411
21.387
21.362
21.411
21.338
20.435
11.499
2.4414
-3.9063
-7.0801
-8.7158
-9.6191
-10.107
-10.376
-10.596
-10.742
-10.864
-10.889
-10.864
-10.889
-10.986
-10.962
-10.962
-10.962
-11.011
-11.035
-11.035
-10.986
-11.035
-11.011
-11.06
-11.035
-11.011
-11.011
-11.06
-10.864
-9.2529
-7.9346
-7.3242
-6.8604
-6.543
-6.2744
-6.0059
-5.7617
-5.6152
-5.4443
-5.3711
-5.2246
-5.127
-5.0537
-5.0049
-4.9072
-4.8584
-4.8096
-4.834
-4.7852
-4.7852
-4.8584
-4.8096
-4.8096
-4.834
-4.7607
-4.8096
-4.7363
-4.7363
-4.8584
-6.0059
-6.9092
-7.4463
-7.6904
-7.8857
-7.959
-8.0078
-8.0811
-8.1299
-8.1543
-8.0811
-8.0811
-8.1055
-8.1055
-8.1299
-8.1543
-8.1055
-8.1299
-8.1055
-8.1055
-8.1055
-8.1543
-8.1543
-8.1055
-8.0811
-8.1299
-8.1543
-8.1787
-8.2031
-8.3008
-10.181
-11.792
-12.769
-13.306
-13.647
-13.892
-14.038
-14.087
-14.16
-14.233
-14.258
-14.258
-14.331
-14.355
-14.282
-14.331
-14.38
-14.38
-14.331
-14.355
-14.404
-14.307
-14.331
-14.429
-14.38
-14.331
-14.355
-14.404
-14.355
-13.94
-5.9326
3.6865
9.3994
12.183
13.818
14.844
15.454
15.82
16.138
16.309
16.333
16.504
16.504
16.479
16.577
16.577
16.528
16.626
16.65
16.602
16.675
16.675
16.626
16.675
16.675
16.602
16.675
16.675
16.626
16.479
11.938
7.251
4.4189
2.7344
1.8555
1.3428
1.0498
0.80566
0.61035
0.46387
0.14648
0
-0.097656
-0.12207
-0.048828
-0.024414
0
0.024414
0
0
0
0
0
0
0
0
0
0
0
0.1709
5.4443
10.156
12.695
14.136
15.039
15.625
15.942
16.138
16.357
16.406
16.455
16.577
16.577
16.528
16.626
16.626
16.602
16.65
16.675
16.65
16.699
16.699
16.675
16.699
16.675
16.675
16.699
16.675
16.65
16.528
8.3496
-1.9287
-8.3008
-11.694
-13.477
-14.6
-15.332
-15.796
-16.064
-16.26
-16.406
-16.431
-16.528
-16.602
-16.577
-16.626
-16.724
-16.626
-16.675
-16.724
-16.675
-16.675
-16.772
-16.675
-16.797
-16.772
-16.748
-16.772
-16.772
-16.602
-10.254
-1.4648
4.8096
8.1055
9.9854
11.011
11.743
12.109
12.354
12.5
12.598
12.72
12.695
12.744
12.769
12.793
12.769
12.744
12.817
12.793
12.793
12.769
12.817
12.842
12.817
12.817
12.891
12.842
12.793
12.817
14.575
16.528
17.749
18.652
19.116
19.507
19.775
19.897
20.068
20.117
20.166
20.239
20.215
20.337
20.288
20.386
20.337
20.337
20.386
20.337
20.386
20.361
20.386
20.435
20.361
20.41
20.41
20.386
20.41
20.361
15.918
9.6924
5.4443
2.7832
1.3672
0.61035
0.1709
0.024414
-0.073242
-0.097656
-0.048828
-0.024414
-0.048828
-0.024414
0
0
0
0
0
0
0
0
0
0
0
0
0
0
0
0
0
0
0
0
0
0
0
0
0
0
0
0
0
0
0
0
0
0
0
0
0
0
0
0
0
0
0
0
0
0
-3.8086
-9.0576
-12.036
-13.77
-14.722
-15.381
-15.869
-16.04
-16.211
-16.431
-16.406
-16.479
-16.577
-16.553
-16.602
-16.675
-16.602
-16.675
-16.748
-16.65
-16.65
-16.748
-16.65
-16.699
-16.772
-16.699
-16.675
-16.748
-16.699
-12.988
-6.2256
-1.2451
1.709
3.0273
3.7354
4.1992
4.3457
4.541
4.6143
4.6143
4.6631
4.6631
4.6875
4.7363
4.7363
4.7363
4.7607
4.7607
4.7363
4.7119
4.7119
4.7119
4.7363
4.7363
4.7363
4.7607
4.7607
4.7363
4.7852
2.1973
-2.1973
-4.248
-5.2979
-5.8838
-6.2256
-6.3477
-6.4941
-6.5186
-6.5918
-6.6406
-6.665
-6.6895
-6.665
-6.665
-6.6162
-6.665
-6.665
-6.6895
-6.665
-6.665
-6.6406
-6.665
-6.665
-6.6895
-6.7139
-6.7383
-6.7139
-6.6895
-6.6895
-3.3936
2.5635
5.9326
7.5928
8.6182
9.2041
9.4971
9.668
9.7412
9.8389
9.8877
9.9609
9.8877
9.9365
9.9609
9.9854
9.9854
9.9854
9.9365
10.034
9.9854
10.034
10.01
9.9854
10.034
10.034
9.9854
10.01
9.9365
10.01
7.959
4.1016
1.6602
0.48828
-0.14648
-0.39063
-0.43945
-0.48828
-0.58594
-0.56152
-0.56152
-0.48828
-0.53711
-0.48828
-0.48828
-0.48828
-0.56152
-0.53711
-0.56152
-0.53711
-0.48828
-0.5127
-0.43945
-0.46387
-0.53711
-0.53711
-0.53711
-0.48828
-0.53711
-0.46387
-2.5391
-6.8604
-9.1553
-10.596
-11.475
-12.012
-12.305
-12.427
-12.622
-12.744
-12.744
-12.769
-12.793
-12.866
-12.817
-12.817
-12.866
-12.915
-12.842
-12.842
-12.915
-12.939
-12.915
-12.915
-12.939
-12.964
-12.915
-12.915
-12.964
-12.939
-12.5
-11.548
-11.011
-10.62
-10.254
-9.9365
-9.7168
-9.5459
-9.3994
-9.2285
-9.082
-9.0088
-8.9844
-8.9111
-8.8379
-8.8135
-8.667
-8.6914
-8.6914
-8.7158
-8.6426
-8.6182
-8.5938
-8.6426
-8.6914
-8.6914
-8.6426
-8.6182
-8.5693
-8.6182
-8.1787
-7.0313
-6.2988
-5.835
-5.542
-5.3223
-5.0781
-4.8096
-4.6631
-4.5166
-4.3945
-4.2236
-4.0283
-3.8818
-3.7842
-3.833
-3.7842
-3.8574
-3.8818
-3.8574
-3.8574
-3.8818
-3.9063
-3.8818
-3.9063
-3.8818
-3.833
-3.8086
-3.833
-3.7842
-2.9053
-0.3418
1.0742
1.6602
2.0264
2.1729
2.2949
2.2949
2.3682
2.3682
2.3926
2.3682
2.3926
2.4414
2.417
2.4414
2.417
2.417
2.4414
2.417
2.4414
2.3926
2.3926
2.417
2.3926
2.3926
2.3926
2.417
2.3682
2.3926
3.6377
7.2266
9.3506
10.596
11.206
11.646
11.914
12.109
12.158
12.183
12.28
12.329
12.305
12.305
12.402
12.354
12.354
12.305
12.354
12.402
12.329
12.329
12.354
12.378
12.378
12.378
12.378
12.427
12.378
12.329
10.059
1.8555
-3.9063
-6.7383
-8.2764
-9.1797
-9.6924
-10.01
-10.205
-10.278
-10.327
-10.449
-10.474
-10.474
-10.425
-10.474
-10.522
-10.547
-10.522
-10.449
-10.449
-10.547
-10.522
-10.522
-10.498
-10.522
-10.547
-10.571
-10.498
-10.498
-11.426
-14.722
-16.87
-18.286
-19.238
-19.8
-20.288
-20.508
-20.728
-20.898
-20.947
-21.118
-21.045
-21.118
-21.143
-21.167
-21.265
-21.191
-21.289
-21.191
-21.216
-21.289
-21.216
-21.338
-21.216
-21.265
-21.24
-21.265
-21.313
-21.24
-19.141
-7.5928
4.6875
11.768
15.454
17.48
18.848
19.678
20.19
20.581
20.728
20.972
21.069
21.118
21.191
21.191
21.289
21.265
21.289
21.362
21.313
21.436
21.338
21.411
21.338
21.387
21.411
21.387
21.436
21.411
19.165
7.2998
-3.7354
-10.303
-13.55
-15.454
-16.699
-17.505
-17.969
-18.335
-18.555
-18.628
-18.823
-18.848
-18.848
-18.97
-18.896
-19.043
-19.019
-19.019
-19.116
-19.043
-19.067
-19.116
-19.067
-19.165
-19.165
-19.116
-19.189
-19.092
-17.578
-7.6172
3.6133
10.522
13.989
15.894
17.139
17.944
18.359
18.774
18.97
19.092
19.238
19.214
19.336
19.336
19.336
19.434
19.385
19.482
19.458
19.434
19.507
19.434
19.458
19.507
19.458
19.531
19.482
19.507
19.482
19.043
18.726
18.384
18.14
18.042
17.847
17.749
17.7
17.529
17.529
17.456
17.358
17.358
17.358
17.261
17.285
17.261
17.212
17.236
17.212
17.139
17.212
17.188
17.114
17.236
17.163
17.163
17.212
17.139
16.211
9.1553
2.832
-1.0254
-2.8564
-3.7598
-4.2236
-4.3213
-4.4434
-4.541
-4.6387
-4.6631
-4.7119
-4.7363
-4.7607
-4.7852
-4.7363
-4.834
-4.7607
-4.7852
-4.7363
-4.7607
-4.7852
-4.7852
-4.7852
-4.834
-4.834
-4.834
-4.8584
-4.8096
-3.8574
3.833
8.8623
11.621
13.208
14.063
14.648
15.039
15.186
15.308
15.479
15.479
15.503
15.625
15.625
15.601
15.674
15.698
15.625
15.674
15.698
15.649
15.674
15.698
15.674
15.649
15.723
15.723
15.649
15.698
15.796
16.772
17.773
18.262
18.652
18.945
19.067
19.165
19.287
19.238
19.36
19.36
19.36
19.458
19.409
19.458
19.482
19.434
19.507
19.434
19.458
19.507
19.434
19.531
19.482
19.482
19.507
19.434
19.507
19.458
19.434
19.165
18.726
18.457
18.213
17.969
17.871
17.725
17.627
17.627
17.505
17.456
17.456
17.358
17.31
17.31
17.236
17.236
17.236
17.188
17.212
17.236
17.163
17.163
17.188
17.114
17.163
17.163
17.114
17.163
16.602
8.3496
-0.61035
-6.2256
-9.1064
-10.815
-11.768
-12.329
-12.671
-12.939
-13.086
-13.135
-13.184
-13.257
-13.306
-13.306
-13.281
-13.379
-13.379
-13.379
-13.379
-13.452
-13.403
-13.379
-13.403
-13.452
-13.379
-13.379
-13.428
-13.428
-13.428
-14.6
-15.698
-16.284
-16.699
-17.065
-17.188
-17.261
-17.456
-17.407
-17.505
-17.603
-17.529
-17.603
-17.627
-17.603
-17.676
-17.676
-17.603
-17.676
-17.676
-17.651
-17.749
-17.676
-17.676
-17.749
-17.627
-17.651
-17.725
-17.651
-17.48
-13.403
-9.2041
-6.2988
-4.5898
-3.5889
-3.0762
-2.7588
-2.5146
-2.2461
-2.0996
-1.9043
-1.7334
-1.5869
-1.416
-1.3184
-1.1963
-1.123
-1.001
-1.0254
-1.0254
-0.97656
-0.97656
-0.92773
-1.001
-0.95215
-0.97656
-0.95215
-1.001
-0.95215
-0.78125
5.1025
9.8633
12.476
14.038
14.917
15.552
15.942
16.089
16.309
16.431
16.406
16.504
16.553
16.553
16.553
16.65
16.577
16.65
16.699
16.626
16.65
16.699
16.626
16.675
16.675
16.626
16.699
16.724
16.626
16.455
7.7393
-3.6133
-9.8633
-13.013
-14.844
-16.016
-16.724
-17.139
-17.48
-17.651
-17.749
-17.896
-17.92
-17.92
-18.066
-17.993
-18.066
-18.14
-18.042
-18.115
-18.14
-18.066
-18.164
-18.14
-18.14
-18.188
-18.115
-18.164
-18.213
-18.14
-18.262
-18.335
-18.311
-18.457
-18.457
-18.481
-18.604
-18.481
-18.53
-18.579
-18.555
-18.604
-18.604
-18.579
-18.604
-18.579
-18.628
-18.652
-18.604
-18.604
-18.604
-18.628
-18.701
-18.628
-18.628
-18.701
-18.579
-18.652
-18.652
-18.555
-12.109
-1.5381
6.7383
10.913
13.11
14.355
15.21
15.674
15.942
16.26
16.333
16.382
16.479
16.528
16.553
16.626
16.626
16.577
16.65
16.626
16.602
16.626
16.65
16.626
16.675
16.699
16.65
16.675
16.675
16.602
14.819
12.622
11.23
10.352
9.8389
9.4727
9.082
8.8135
8.5449
8.374
8.2031
8.1055
7.959
7.8857
7.7881
7.7637
7.7393
7.666
7.6416
7.6416
7.5684
7.6172
7.6172
7.6172
7.6172
7.6416
7.5928
7.5928
7.5928
7.5684
0.29297
-9.082
-13.77
-16.553
-18.237
-19.214
-19.946
-20.361
-20.63
-20.923
-20.996
-21.167
-21.167
-21.191
-21.289
-21.265
-21.387
-21.338
-21.436
-21.362
-21.411
-21.46
-21.411
-21.509
-21.436
-21.46
-21.411
-21.484
-21.509
-21.46
-16.577
-7.3975
0.39063
4.8828
7.1777
8.3496
8.9844
9.375
9.5703
9.7168
9.8877
9.8633
9.8877
9.9365
9.9121
9.9854
9.9609
9.9609
9.9121
9.9609
9.9609
9.9854
9.9365
9.9121
9.9854
9.9854
10.01
9.9854
10.034
3.1738
-7.8857
-13.574
-16.919
-18.921
-20.117
-21.045
-21.509
-21.875
-22.168
-22.314
-22.51
-22.534
-22.632
-22.632
-22.705
-22.729
-22.754
-22.827
-22.754
-22.827
-22.827
-22.9
-22.803
-22.852
-22.803
-22.876
-22.852
-22.9
-22.9
-18.262
-9.082
-0.90332
4.6143
7.1533
8.5693
9.3018
9.6924
9.9609
10.181
10.303
10.303
10.303
10.425
10.449
10.4
10.425
10.474
10.474
10.449
10.449
10.425
10.449
10.425
10.474
10.449
10.425
10.425
10.474
10.449
5.249
-5.9814
-11.938
-15.137
-16.968
-18.14
-18.896
-19.312
-19.702
-19.946
-20.044
-20.239
-20.215
-20.337
-20.337
-20.361
-20.459
-20.41
-20.508
-20.435
-20.459
-20.508
-20.459
-20.532
-20.459
-20.532
-20.532
-20.532
-20.581
-20.508
-16.65
-6.6895
2.4658
7.9834
10.742
12.256
13.11
13.745
14.087
14.258
14.429
14.551
14.551
14.575
14.648
14.673
14.6
14.697
14.697
14.673
14.697
14.746
14.722
14.697
14.746
14.746
14.697
14.722
14.722
14.722
12.549
7.9834
5.0293
3.3203
2.3926
1.8555
1.5869
1.3184
1.1475
0.95215
0.78125
0.61035
0.46387
0.39063
0.3418
0.21973
0.12207
0.048828
0.024414
0.024414
0.024414
0.097656
0.073242
0.14648
0.1709
0.1709
0.073242
0.097656
0.048828
0.024414
1.4893
4.6875
6.4209
7.2998
7.8857
8.1543
8.3496
8.374
8.4717
8.4717
8.5205
8.5449
8.5693
8.5449
8.5449
8.5449
8.5693
8.5693
8.5693
8.5449
8.5693
8.5693
8.6182
8.6182
8.6182
8.5693
8.5693
8.5693
8.5938
8.5693
9.6436
12.231
13.965
14.941
15.527
15.894
16.211
16.309
16.382
16.504
16.504
16.479
16.602
16.577
16.553
16.65
16.626
16.602
16.699
16.675
16.626
16.675
16.65
16.602
16.699
16.65
16.626
16.675
16.675
16.626
12.793
-0.24414
-9.6191
-14.282
-16.968
-18.677
-19.678
-20.361
-20.825
-21.069
-21.387
-21.387
-21.631
-21.631
-21.704
-21.777
-21.753
-21.851
-21.802
-21.899
-21.851
-21.899
-21.924
-21.899
-21.973
-21.899
-21.973
-21.851
-21.973
-21.973
-21.729
-21.118
-20.508
-20.093
-19.702
-19.434
-19.214
-18.945
-18.896
-18.701
-18.628
-18.652
-18.506
-18.506
-18.457
-18.335
-18.384
-18.359
-18.311
-18.335
-18.262
-18.237
-18.286
-18.213
-18.262
-18.262
-18.213
-18.237
-18.237
-18.213
-18.457
-18.994
-19.434
-19.775
-19.922
-20.117
-20.142
-20.264
-20.313
-20.313
-20.435
-20.361
-20.459
-20.483
-20.435
-20.508
-20.435
-20.532
-20.532
-20.508
-20.557
-20.483
-20.581
-20.532
-20.557
-20.581
-20.508
-20.581
-20.508
-20.557
-20.483
-20.068
-19.775
-19.409
-19.214
-19.043
-18.848
-18.823
-18.677
-18.628
-18.628
-18.481
-18.506
-18.481
-18.384
-18.408
-18.359
-18.311
-18.384
-18.286
-18.286
-18.359
-18.237
-18.286
-18.286
-18.213
-18.262
-18.262
-18.213
-18.286
-18.506
-19.849
-20.801
-21.411
-21.899
-22.119
-22.388
-22.461
-22.583
-22.681
-22.705
-22.803
-22.778
-22.852
-22.778
-22.949
-22.852
-22.949
-22.876
-22.925
-22.925
-22.925
-22.974
-22.925
-22.998
-22.9
-22.998
-22.9
-22.998
-22.949
-21.338
-10.938
1.6113
10.107
14.282
16.602
18.115
19.043
19.58
20.02
20.215
20.435
20.581
20.581
20.728
20.728
20.728
20.825
20.801
20.874
20.825
20.898
20.874
20.85
20.898
20.85
20.947
20.874
20.923
20.923
19.702
12.378
5.835
1.5381
-0.73242
-1.8311
-2.2705
-2.5391
-2.71
-2.7832
-2.832
-2.832
-2.7344
-2.5146
-2.4658
-2.4414
-2.4902
-2.6855
-2.7344
-2.7832
-2.7832
-2.8809
-2.8564
-2.832
-2.9053
-2.9053
-2.8564
-2.9297
-2.8809
-2.9053
-1.9287
4.7119
9.2285
11.743
13.135
14.038
14.6
14.966
15.161
15.332
15.43
15.43
15.552
15.576
15.527
15.601
15.625
15.576
15.625
15.649
15.649
15.649
15.698
15.674
15.625
15.698
15.698
15.625
15.698
15.674
15.21
11.987
9.4238
7.7393
6.7139
6.1035
5.6641
5.3223
4.9805
4.834
4.5898
4.4434
4.3213
4.248
4.0527
3.9795
3.9063
3.8574
3.8086
3.833
3.7598
3.8086
3.7842
3.833
3.7842
3.833
3.7842
3.833
3.7598
3.7842
3.6377
1.9043
0.63477
0.024414
-0.29297
-0.41504
-0.41504
-0.41504
-0.48828
-0.56152
-0.56152
-0.5127
-0.53711
-0.46387
-0.46387
-0.46387
-0.5127
-0.53711
-0.56152
-0.48828
-0.48828
-0.46387
-0.48828
-0.46387
-0.5127
-0.5127
-0.56152
-0.5127
-0.48828
-0.53711
-0.80566
-4.5898
-7.5439
-9.1553
-10.034
-10.547
-10.864
-11.108
-11.206
-11.279
-11.304
-11.353
-11.45
-11.426
-11.401
-11.426
-11.499
-11.45
-11.45
-11.45
-11.45
-11.548
-11.475
-11.45
-11.475
-11.499
-11.499
-11.45
-11.475
-11.523
-11.45
-10.84
-10.254
-9.9609
-9.6191
-9.375
-9.1309
-8.9111
-8.7891
-8.6914
-8.6182
-8.4961
-8.4229
-8.3252
-8.2764
-8.2764
-8.2764
-8.2275
-8.1787
-8.1299
-8.1299
-8.1543
-8.2031
-8.1543
-8.1299
-8.1055
-8.0811
-8.1543
-8.1787
-8.1543
-7.8613
-4.0771
-0.70801
1.1475
1.9287
2.2949
2.3682
2.4414
2.4414
2.6855
2.71
2.7832
2.7832
2.8809
2.8564
2.832
2.8564
2.8564
2.832
2.832
2.8564
2.8564
2.8076
2.8076
2.71
2.6855
2.71
2.7588
2.7832
2.8809
3.0762
7.3486
10.938
12.915
14.136
14.868
15.283
15.576
15.796
15.869
15.894
16.016
16.064
16.016
16.089
16.138
16.064
16.162
16.162
16.113
16.138
16.162
16.089
16.162
16.162
16.113
16.162
16.187
16.162
16.138
15.869
7.959
-1.1963
-6.7627
-9.6191
-11.23
-12.158
-12.695
-13.11
-13.403
-13.477
-13.599
-13.672
-13.745
-13.696
-13.745
-13.843
-13.794
-13.818
-13.818
-13.867
-13.818
-13.818
-13.867
-13.843
-13.77
-13.843
-13.867
-13.843
-13.818
-13.94
-16.089
-18.262
-19.824
-20.728
-21.338
-21.826
-22.021
-22.29
-22.388
-22.559
-22.559
-22.681
-22.656
-22.681
-22.778
-22.729
-22.827
-22.754
-22.827
-22.754
-22.9
-22.803
-22.9
-22.827
-22.827
-22.852
-22.827
-22.9
-22.827
-22.852
-21.533
-20.142
-19.214
-18.481
-18.042
-17.603
-17.188
-16.943
-16.699
-16.528
-16.455
-16.235
-16.187
-16.162
-16.064
-16.016
-16.064
-15.942
-15.894
-15.942
-15.869
-15.845
-15.894
-15.869
-15.771
-15.869
-15.845
-15.796
-15.845
-15.796
-11.377
-5.9814
-2.417
-0.41504
0.63477
1.0254
1.2451
1.2939
1.3672
1.3916
1.4404
1.3916
1.3672
1.123
0.83008
0.43945
0.19531
0.024414
0
0
0
0
0
0
0
0
0
0
0
0.048828
3.3691
7.7148
10.352
11.914
12.744
13.232
13.647
13.843
13.916
14.038
14.111
14.136
14.136
14.185
14.233
14.16
14.185
14.233
14.209
14.185
14.233
14.233
14.233
14.233
14.282
14.258
14.209
14.258
14.258
14.233
13.672
13.037
12.573
12.158
11.816
11.597
11.426
11.23
11.084
10.938
10.913
10.767
10.718
10.62
10.62
10.596
10.571
10.498
10.522
10.547
10.522
10.498
10.498
10.498
10.474
10.474
10.425
10.449
10.449
10.449
9.3506
7.8369
6.9336
6.4697
6.1279
5.8838
5.6396
5.3711
5.1514
5.0293
4.7852
4.6631
4.4922
4.3701
4.3701
4.3213
4.3213
4.2969
4.2969
4.2969
4.2725
4.2969
4.2725
4.248
4.2236
4.248
4.248
4.248
4.2725
4.2725
-1.4893
-9.4238
-13.452
-15.747
-17.236
-18.164
-18.628
-19.092
-19.36
-19.507
-19.727
-19.678
-19.824
-19.8
-19.824
-19.971
-19.897
-19.995
-19.946
-19.897
-19.971
-20.02
-20.02
-19.946
-20.044
-19.995
-20.068
-20.044
-20.02
-20.361
-20.703
-21.118
-21.338
-21.46
-21.606
-21.558
-21.704
-21.704
-21.802
-21.802
-21.851
-21.851
-21.826
-21.948
-21.851
-21.973
-21.851
-21.899
-21.899
-21.924
-21.948
-21.899
-21.948
-21.826
-21.973
-21.899
-21.948
-21.973
-21.924
-18.018
-9.2529
-2.1484
2.5879
4.7363
5.8838
6.6406
7.0313
7.2021
7.3242
7.3975
7.4707
7.4951
7.5684
7.5195
7.5928
7.5684
7.4951
7.5439
7.5928
7.5439
7.5928
7.6172
7.5439
7.5684
7.5684
7.6172
7.5928
7.5928
7.6172
7.4463
7.2021
7.0557
6.8604
6.7627
6.6406
6.4941
6.4453
6.3477
6.2988
6.25
6.25
6.2256
6.2256
6.1768
6.2012
6.1523
6.1768
6.2256
6.2012
6.2012
6.2012
6.1768
6.1523
6.1768
6.2012
6.1523
6.1768
6.1768
6.1768
6.5918
7.2998
7.7881
8.0566
8.3008
8.4229
8.4229
8.4473
8.5205
8.5205
8.5205
8.5693
8.5693
8.5449
8.5449
8.5449
8.5693
8.5693
8.5449
8.4961
8.4961
8.5449
8.5449
8.5693
8.5449
8.5205
8.4961
8.5449
8.5693
8.5693
5.127
-2.9297
-7.9346
-10.547
-11.987
-12.744
-13.33
-13.696
-13.818
-13.989
-14.111
-14.185
-14.185
-14.185
-14.258
-14.258
-14.233
-14.307
-14.355
-14.258
-14.282
-14.355
-14.331
-14.282
-14.355
-14.355
-14.307
-14.307
-14.355
-14.355
-14.16
-13.818
-13.477
-13.159
-12.915
-12.793
-12.671
-12.476
-12.378
-12.354
-12.305
-12.231
-12.134
-12.158
-12.158
-12.085
-12.012
-12.085
-12.061
-12.036
-11.963
-11.987
-12.036
-12.012
-11.938
-12.012
-12.012
-11.963
-11.963
-11.938
-8.8867
1.1719
8.4229
12.061
14.038
15.332
16.113
16.553
16.895
17.139
17.236
17.334
17.407
17.358
17.48
17.505
17.432
17.554
17.529
17.529
17.603
17.554
17.578
17.603
17.578
17.554
17.627
17.554
17.603
17.651
14.258
2.1729
-7.5439
-12.524
-15.308
-16.919
-17.92
-18.628
-18.994
-19.312
-19.556
-19.604
-19.751
-19.849
-19.8
-19.922
-19.897
-19.971
-19.995
-19.995
-20.044
-19.946
-20.044
-20.044
-20.044
-20.068
-19.971
-20.044
-20.068
-20.044
-19.727
-18.188
-17.188
-16.577
-16.016
-15.649
-15.405
-15.015
-14.746
-14.673
-14.526
-14.38
-14.38
-14.282
-14.136
-14.111
-14.136
-14.063
-13.989
-13.989
-14.014
-13.94
-13.916
-13.965
-13.94
-13.867
-13.867
-13.965
-13.867
-13.867
-13.599
-12.354
-11.475
-10.864
-10.498
-10.229
-9.8877
-9.5947
-9.4482
-9.2773
-9.2041
-9.1553
-8.96
-8.8623
-8.8623
-8.7646
-8.8135
-8.7158
-8.6914
-8.6182
-8.6426
-8.667
-8.6914
-8.6182
-8.6426
-8.6426
-8.6426
-8.6426
-8.667
-8.6182
-7.5928
-3.7109
-1.0498
0.29297
0.90332
1.1719
1.2939
1.3184
1.416
1.3916
1.3916
1.4648
1.416
1.4404
1.416
1.3672
1.416
1.416
1.416
1.4648
1.4404
1.4404
1.4893
1.4893
1.4404
1.4893
1.4648
1.4893
1.4404
1.4893
0.61035
-3.1006
-5.0781
-6.1768
-6.7871
-7.1289
-7.2998
-7.4219
-7.4707
-7.6172
-7.5684
-7.6172
-7.5928
-7.5928
-7.5928
-7.5928
-7.666
-7.666
-7.6172
-7.666
-7.5928
-7.6904
-7.666
-7.666
-7.6904
-7.5928
-7.6416
-7.5928
-7.666
-7.6416
-7.0801
-4.0527
-2.0996
-0.92773
-0.3418
-0.12207
-0.048828
0
-0.024414
-0.024414
-0.024414
-0.048828
-0.024414
0
-0.024414
-0.024414
0
0
0
-0.024414
0
0
0
0
0
0
0
0
0
