0
-20.508
-125.98
-190.43
-295.9
-429.2
-436.52
-461.42
-562.5
-609.36
-643.08
-660.66
-663.6
-666.48
-682.62
-706.08
-706.08
-689.94
-703.14
-719.22
-716.28
-697.26
-704.58
-703.14
-714.84
-704.58
-698.76
-698.76
-711.9
-722.16
-723.66
-695.82
-558.11
-479
-440.92
-407.23
-373.54
-355.96
-325.19
-278.32
-237.31
-234.38
-229.98
-215.33
-190.43
-165.53
-171.38
-174.32
-159.67
-162.6
-161.13
-158.2
-161.13
-169.92
-171.38
-165.53
-169.92
-183.11
-183.11
-188.96
-191.89
-190.43
-158.2
-133.3
-121.58
-89.358
-54.199
-23.438
-11.719
-2.9297
0
0
-1.4648
-2.9297
-2.9297
-1.4648
-5.8594
-10.254
-8.7888
-7.3242
-5.8594
-7.3242
-4.3945
-7.3242
-2.9297
0
-1.4648
0
0
0
0
-14.648
-118.65
-212.4
-213.87
-328.13
-404.3
-418.94
-429.2
-443.85
-462.89
-477.54
-477.54
-474.61
-477.54
-489.26
-479
-464.36
-471.68
-474.61
-476.08
-470.21
-479
-486.33
-483.4
-483.4
-489.26
-489.26
-493.65
-480.47
-473.14
-424.81
-102.54
48.34
153.81
120.12
191.89
322.27
382.33
301.76
303.22
373.54
413.09
410.15
407.23
414.55
418.94
413.09
418.94
417.48
411.62
401.37
405.76
414.55
420.41
421.88
429.2
433.6
417.48
417.48
418.94
377.93
33.691
-55.664
-203.62
-281.25
-229.98
-284.18
-375
-433.6
-473.14
-536.13
-543.46
-539.06
-555.17
-566.89
-569.83
-577.15
-584.47
-597.65
-603.54
-602.04
-585.94
-596.19
-603.54
-607.92
-610.86
-607.92
-591.8
-590.33
-588.87
-588.87
-599.12
-607.92
-619.62
-640.14
-650.4
-650.4
-640.14
-651.84
-662.1
-663.6
-654.78
-660.66
-667.98
-663.6
-646.02
-632.82
-641.58
-656.28
-654.78
-656.28
-660.66
-656.28
-653.34
-654.78
-644.52
-653.34
-669.42
-675.3
-665.04
-650.4
-685.56
-751.44
-788.1
-796.86
-815.94
-834.96
-829.08
-833.52
-862.8
-877.44
-864.24
-853.98
-862.8
-867.18
-867.18
-881.82
-890.64
-883.32
-867.18
-868.68
-880.38
-886.26
-886.26
-867.18
-861.3
-867.18
-886.26
-890.64
-876
-874.5
-949.2
-1035.7
-1101.5
-1108.9
-1144
-1164.5
-1198.3
-1224.6
-1210
-1224.6
-1246.6
-1255.4
-1249.5
-1242.2
-1261.3
-1273
-1274.4
-1253.9
-1267.1
-1278.8
-1259.8
-1271.5
-1278.8
-1277.3
-1268.6
-1273
-1278.8
-1274.4
-1271.5
-1262.7
-1001.9
-771.96
-594.73
-484.87
-451.17
-430.66
-388.18
-339.85
-319.34
-320.8
-294.43
-257.81
-221.19
-203.62
-196.29
-175.78
-166.99
-161.13
-145.02
-146.48
-150.88
-143.56
-134.77
-136.23
-139.16
-145.02
-142.09
-142.09
-143.56
-123.05
-74.706
-36.621
-36.621
-20.508
-1.4648
0
-1.4648
0
0
0
0
0
0
0
0
0
0
0
0
0
0
0
0
0
0
0
0
0
0
-5.8594
-156.74
-320.8
-505.37
-689.94
-830.58
-754.38
-717.78
-793.92
-881.82
-921.36
-933.12
-936.06
-931.62
-934.56
-947.76
-975.6
-988.74
-965.34
-966.78
-990.24
-1007.8
-1003.4
-981.42
-985.86
-987.3
-994.62
-993.18
-988.74
-984.36
-985.86
-947.76
-895.02
-862.8
-833.52
-789.54
-777.84
-782.22
-758.76
-735.36
-717.78
-720.72
-704.58
-689.94
-701.64
-698.76
-684.06
-663.6
-665.04
-682.62
-688.5
-685.56
-676.74
-685.56
-676.74
-656.28
-647.46
-673.8
-691.38
-689.94
-678.24
-556.64
-458.5
-427.73
-399.9
-375
-338.38
-297.37
-271
-266.6
-257.81
-246.1
-231.44
-224.12
-212.4
-212.4
-209.47
-196.29
-203.62
-190.43
-191.89
-203.62
-208.01
-206.54
-206.54
-196.29
-199.22
-188.96
-180.17
-196.29
-169.92
24.902
251.95
366.21
427.73
524.41
632.82
635.76
558.11
613.74
675.3
708.96
695.82
687
688.5
710.46
736.8
728.04
700.2
704.58
711.9
714.84
711.9
711.9
720.72
722.16
708.96
704.58
708.96
719.22
713.4
769.02
916.98
953.64
1006.3
1073.8
1106
1067.9
1094.2
1130.9
1151.3
1154.3
1136.7
1166
1179.2
1190.9
1185.1
1174.8
1179.2
1201.2
1182.1
1189.4
1192.4
1201.2
1208.5
1183.6
1190.9
1201.2
1201.2
1180.7
1168.9
1189.4
1185.1
1154.3
1166
1164.5
1176.2
1160.2
1157.2
1151.3
1163.1
1157.2
1163.1
1157.2
1183.6
1189.4
1182.1
1185.1
1199.7
1208.5
1190.9
1177.7
1193.8
1192.4
1190.9
1183.6
1180.7
1193.8
1179.2
1171.9
1164.5
710.46
310.55
4.3945
-260.74
-373.54
-361.82
-316.4
-495.12
-637.2
-691.38
-521.48
-424.81
-555.17
-675.3
-751.44
-783.72
-767.58
-691.38
-703.14
-736.8
-751.44
-729.48
-758.76
-769.02
-777.84
-780.78
-792.48
-810.06
-807.12
-785.16
-354.49
-48.34
238.77
493.65
550.78
616.68
807.12
971.22
902.34
654.78
730.98
931.62
1029.8
1092.8
927.24
880.38
991.68
1081.1
1110.4
1089.8
1089.8
1119.1
1152.8
1138.2
1132.3
1141.1
1164.5
1168.9
1163.1
1138.2
895.02
624
457.03
341.31
232.91
168.46
166.99
178.71
152.35
118.65
102.54
98.142
71.778
27.832
8.7888
23.438
10.254
0
0
0
0
0
0
0
0
0
0
0
0
0
71.778
260.74
474.61
689.94
700.2
650.4
751.44
870.12
950.7
933.12
955.08
1001.9
1000.5
1010.8
1045.9
1013.7
1018.1
1035.7
1054.7
1051.7
1021
1010.8
1047.4
1063.5
1059.1
1060.6
1054.7
1060.6
1078.1
766.14
437.99
190.43
2.9297
-112.79
-11.719
1.4648
-23.438
-109.87
-159.67
-125.98
-159.67
-178.71
-197.75
-206.54
-205.08
-219.73
-210.94
-222.65
-231.44
-222.65
-219.73
-212.4
-215.33
-222.65
-222.65
-231.44
-228.52
-228.52
-234.38
-202.15
-177.25
-166.99
-146.48
-128.9
-102.54
-55.664
-19.043
-13.184
-20.508
-21.973
-7.3242
-1.4648
-2.9297
-1.4648
-5.8594
-4.3945
-7.3242
-2.9297
-4.3945
-5.8594
-2.9297
-2.9297
0
-1.4648
0
0
0
-1.4648
0
-30.762
-130.37
-156.74
-219.73
-275.39
-316.4
-328.13
-328.13
-345.7
-357.42
-353.03
-344.24
-328.13
-332.52
-333.98
-341.31
-329.59
-320.8
-331.06
-333.98
-331.06
-338.38
-319.34
-314.94
-320.8
-332.52
-336.91
-333.98
-332.52
-335.45
-323.73
-342.77
-357.42
-367.67
-364.75
-373.54
-389.65
-392.58
-377.93
-373.54
-366.21
-361.82
-353.03
-351.56
-353.03
-361.82
-363.28
-351.56
-351.56
-357.42
-363.28
-366.21
-367.67
-363.28
-355.96
-336.91
-350.1
-367.67
-369.14
-379.39
-369.14
-338.38
-313.48
-297.37
-273.92
-229.98
-215.33
-200.68
-202.15
-186.04
-168.46
-184.57
-186.04
-152.35
-166.99
-169.92
-145.02
-158.2
-164.06
-140.63
-153.81
-166.99
-155.27
-159.67
-162.6
-158.2
-171.38
-175.78
-174.32
-177.25
-7.3242
177.25
234.38
339.85
435.06
493.65
455.57
500.98
562.5
590.33
590.33
618.18
634.26
637.2
613.74
603.54
626.94
641.58
647.46
624
610.86
619.62
634.26
638.7
635.76
632.82
643.08
653.34
646.02
624
328.13
-10.254
-193.36
-440.92
-613.74
-751.44
-722.16
-653.34
-663.6
-827.64
-963.84
-1013.7
-1035.7
-915.54
-900.9
-978.54
-1028.3
-1053.2
-1063.5
-1026.8
-1019.5
-1045.9
-1040
-1021
-1023.9
-1047.4
-1073.8
-1088.4
-1076.6
-1066.4
-924.3
-603.54
-380.86
-250.49
-171.38
-84.96
-33.691
-76.17
-89.358
-48.34
-10.254
0
0
0
0
0
0
0
0
0
0
0
0
0
0
0
0
0
0
0
49.805
186.04
366.21
509.77
569.83
553.71
602.04
615.24
656.28
691.38
714.84
726.54
728.04
730.98
735.36
733.86
729.48
736.8
752.94
742.68
725.1
726.54
742.68
754.38
735.36
738.3
745.62
750
739.74
741.24
736.8
704.58
679.68
657.72
643.08
641.58
634.26
621.12
616.68
631.32
640.14
628.44
609.36
612.3
621.12
618.18
600.6
603.54
619.62
613.74
604.98
604.98
603.54
606.42
612.3
618.18
612.3
609.36
610.86
622.56
604.98
580.08
578.62
587.4
594.73
581.54
565.43
569.83
572.75
577.15
588.87
574.22
578.62
587.4
600.6
596.19
578.62
565.43
569.83
581.54
580.08
578.62
588.87
578.62
577.15
581.54
574.22
578.62
581.54
593.26
537.6
355.96
271
197.75
156.74
128.9
82.032
26.367
0
0
0
0
0
0
0
0
0
0
0
0
0
0
0
0
0
0
0
0
0
0
38.086
140.63
208.01
351.56
461.42
498.05
511.23
546.38
577.15
604.98
613.74
607.92
612.3
628.44
628.44
626.94
634.26
635.76
635.76
641.58
640.14
621.12
613.74
626.94
638.7
626.94
618.18
629.88
629.88
621.12
514.16
272.46
156.74
90.822
-1.4648
-19.043
-23.438
-65.916
-87.888
-95.214
-99.612
-98.142
-90.822
-93.75
-90.822
-79.104
-80.568
-86.424
-87.888
-90.822
-89.358
-76.17
-77.634
-83.496
-87.888
-83.496
-87.888
-80.568
-84.96
-92.286
-92.286
-83.496
-109.87
-111.33
-127.44
-130.37
-127.44
-134.77
-147.95
-140.63
-130.37
-137.69
-142.09
-133.3
-131.84
-143.56
-143.56
-130.37
-131.84
-149.41
-149.41
-139.16
-137.69
-145.02
-145.02
-133.3
-136.23
-137.69
-133.3
-124.51
-68.85
14.648
5.8594
39.551
149.41
212.4
228.52
238.77
256.35
271
278.32
281.25
284.18
281.25
279.79
268.07
262.21
266.6
272.46
266.6
268.07
269.53
279.79
273.92
278.32
281.25
294.43
291.5
285.64
282.71
247.56
67.38
54.199
14.648
-8.7888
-33.691
-60.06
-83.496
-82.032
-73.242
-74.706
-68.85
-76.17
-77.634
-76.17
-82.032
-83.496
-80.568
-73.242
-71.778
-71.778
-74.706
-76.17
-82.032
-74.706
-70.314
-68.85
-61.524
-65.916
-68.85
-90.822
-271
-401.37
-580.08
-713.4
-744.12
-763.2
-814.44
-824.7
-855.48
-890.64
-914.04
-944.82
-962.4
-972.66
-963.84
-974.1
-984.36
-993.18
-990.24
-975.6
-971.22
-985.86
-996.12
-994.62
-991.68
-988.74
-991.68
-1007.8
-1000.5
-821.76
-358.88
-64.452
49.805
202.15
379.39
282.71
345.7
531.74
635.76
468.75
405.76
568.36
666.48
704.58
585.94
596.19
670.92
716.28
729.48
735.36
728.04
730.98
748.56
752.94
750
773.46
782.22
754.38
725.1
723.66
849.6
975.6
1043
1082.5
1107.4
1116.2
1148.5
1149.9
1164.5
1163.1
1173.4
1193.8
1193.8
1201.2
1220.2
1229
1227.5
1221.7
1231.9
1236.3
1217.3
1227.5
1226.1
1229
1224.6
1233.4
1243.7
1233.4
1231.9
1086.9
591.8
199.22
-67.38
-278.32
-540.53
-710.46
-566.89
-489.26
-691.38
-870.12
-971.22
-1010.8
-1038.6
-966.78
-700.2
-692.88
-845.22
-959.46
-1022.5
-1053.2
-1057.6
-1054.7
-984.36
-937.5
-1004.9
-1050.3
-1081.1
-1078.1
-1021
-896.46
-451.17
-118.65
17.578
193.36
380.86
492.19
300.29
128.9
199.22
395.51
514.16
561.04
591.8
509.77
417.48
489.26
558.11
593.26
590.33
522.95
531.74
571.29
599.12
602.04
593.26
590.33
563.96
558.11
572.75
585.94
525.88
474.61
470.21
455.57
427.73
394.04
373.54
364.75
347.17
342.77
333.98
333.98
338.38
320.8
335.45
345.7
332.52
338.38
344.24
344.24
338.38
323.73
331.06
332.52
341.31
338.38
328.13
328.13
332.52
333.98
449.71
612.3
745.62
783.72
795.42
836.4
889.14
908.22
921.36
940.44
930.18
953.64
982.92
975.6
959.46
966.78
982.92
1007.8
1012.2
985.86
977.04
996.12
1007.8
1018.1
999
981.42
1000.5
1018.1
1010.8
889.14
364.75
2.9297
-240.23
-558.11
-628.44
-708.96
-782.22
-887.7
-940.44
-805.68
-811.5
-845.22
-912.6
-925.8
-965.34
-1028.3
-1084
-1088.4
-1089.8
-1113.3
-1142.6
-1158.7
-1163.1
-1163.1
-1177.7
-1186.5
-1188
-1171.9
-1176.2
-1188
-1136.7
-1088.4
-1059.1
-1037.1
-1023.9
-1016.6
-981.42
-960.96
-962.4
-947.76
-931.62
-918.48
-914.04
-919.92
-936.06
-933.12
-918.48
-905.28
-899.4
-903.78
-900.9
-896.46
-877.44
-880.38
-900.9
-911.16
-914.04
-909.66
-905.28
-886.26
-637.2
-442.38
-329.59
-297.37
-240.23
-165.53
-121.58
-105.47
-76.17
-45.41
-27.832
-5.8594
0
0
0
0
0
0
0
0
0
0
0
0
0
0
0
0
0
1.4648
55.664
29.297
57.129
99.612
111.33
134.77
143.56
139.16
140.63
150.88
153.81
153.81
150.88
161.13
165.53
146.48
152.35
169.92
168.46
153.81
149.41
155.27
147.95
147.95
155.27
145.02
136.23
146.48
159.67
147.95
186.04
273.92
320.8
344.24
363.28
388.18
404.3
414.55
418.94
424.81
418.94
404.3
392.58
404.3
414.55
417.48
408.69
410.15
421.88
429.2
417.48
411.62
410.15
411.62
413.09
417.48
413.09
408.69
411.62
404.3
520.02
707.52
870.12
944.82
997.56
1023.9
1075.2
1092.8
1107.4
1142.6
1145.5
1148.5
1158.7
1166
1190.9
1196.8
1179.2
1192.4
1214.3
1230.5
1223.2
1210
1224.6
1236.3
1236.3
1224.6
1231.9
1243.7
1220.2
1205.6
865.74
568.36
379.39
213.87
114.26
123.05
136.23
106.93
54.199
27.832
16.113
2.9297
-2.9297
-1.4648
0
0
0
0
0
0
0
0
0
0
0
0
0
0
0
0
0
0
0
0
0
0
0
0
0
0
0
0
0
0
0
0
0
0
0
0
0
0
0
0
0
0
0
0
0
-5.8594
-171.38
-361.82
-659.16
-899.4
-1038.6
-925.8
-887.7
-1010.8
-1135.3
-1152.8
-1088.4
-1139.6
-1199.7
-1210
-1224.6
-1246.6
-1273
-1290.5
-1275.9
-1280.3
-1292
-1280.3
-1277.3
-1292
-1308.1
-1306.6
-1289
-1300.8
-1303.7
-1255.4
-761.7
-358.88
-45.41
200.68
221.19
298.83
392.58
550.78
602.04
396.97
249.02
423.34
574.22
647.46
691.38
578.62
477.54
536.13
632.82
679.68
694.32
631.32
646.02
666.48
678.24
676.74
669.42
679.68
689.94
670.92
320.8
74.706
-64.452
-90.822
-224.12
-243.16
-136.23
-196.29
-291.5
-297.37
-288.58
-338.38
-379.39
-394.04
-383.79
-391.12
-405.76
-395.51
-388.18
-395.51
-407.23
-398.44
-402.83
-414.55
-402.83
-396.97
-391.12
-389.65
-389.65
-377.93
-115.72
57.129
153.81
253.42
316.4
215.33
227.05
310.55
326.66
322.27
355.96
382.33
391.12
398.44
392.58
389.65
389.65
385.25
394.04
385.25
380.86
383.79
391.12
399.9
404.3
402.83
392.58
379.39
389.65
383.79
114.26
-87.888
-95.214
-307.62
-423.34
-437.99
-357.42
-433.6
-528.81
-562.5
-524.41
-565.43
-602.04
-609.36
-594.73
-602.04
-628.44
-628.44
-607.92
-606.42
-610.86
-603.54
-610.86
-618.18
-616.68
-619.62
-622.56
-619.62
-612.3
-603.54
-291.5
-48.34
60.06
150.88
237.31
216.8
191.89
227.05
336.91
357.42
379.39
405.76
408.69
414.55
413.09
418.94
421.88
413.09
416.02
418.94
423.34
416.02
402.83
402.83
411.62
426.27
427.73
408.69
416.02
418.94
404.3
383.79
366.21
367.67
351.56
336.91
331.06
328.13
329.59
336.91
336.91
350.1
348.63
339.85
339.85
339.85
335.45
328.13
331.06
338.38
320.8
323.73
331.06
342.77
348.63
338.38
344.24
351.56
351.56
354.49
350.1
353.03
348.63
345.7
341.31
345.7
358.88
376.46
376.46
370.61
373.54
376.46
375
375
372.07
355.96
363.28
353.03
335.45
347.17
357.42
372.07
363.28
358.88
366.21
376.46
366.21
357.42
351.56
351.56
331.06
295.9
291.5
291.5
282.71
263.67
257.81
253.42
260.74
257.81
271
260.74
269.53
260.74
265.13
250.49
256.35
259.28
253.42
247.56
249.02
254.88
249.02
253.42
247.56
251.95
256.35
257.81
249.02
247.56
241.7
228.52
224.12
208.01
194.83
191.89
199.22
199.22
203.62
209.47
206.54
199.22
197.75
199.22
199.22
199.22
193.36
196.29
194.83
196.29
203.62
210.94
210.94
212.4
213.87
216.8
210.94
203.62
206.54
-1.4648
-191.89
-375
-641.58
-798.36
-892.08
-830.58
-826.2
-908.22
-1050.3
-1082.5
-1021
-1060.6
-1126.4
-1157.2
-1154.3
-1157.2
-1190.9
-1195.3
-1185.1
-1193.8
-1205.6
-1220.2
-1215.8
-1202.6
-1214.3
-1226.1
-1240.7
-1223.2
-1205.6
-1073.8
-842.28
-656.28
-537.6
-470.21
-429.2
-413.09
-389.65
-376.46
-358.88
-342.77
-306.15
-268.07
-249.02
-235.84
-232.91
-229.98
-197.75
-197.75
-197.75
-181.64
-193.36
-202.15
-191.89
-212.4
-197.75
-190.43
-208.01
-197.75
-191.89
-26.367
196.29
345.7
496.58
574.22
670.92
767.58
711.9
689.94
741.24
818.82
852.54
858.42
868.68
889.14
883.32
881.82
900.9
922.86
916.98
908.22
914.04
900.9
896.46
905.28
909.66
906.72
905.28
924.3
934.56
773.46
517.09
369.14
240.23
128.9
106.93
108.4
57.129
21.973
21.973
11.719
0
-1.4648
0
0
-2.9297
0
0
0
0
0
0
0
0
0
0
0
0
0
0
61.524
237.31
312.01
550.78
679.68
654.78
682.62
782.22
839.34
837.9
853.98
867.18
881.82
884.76
890.64
900.9
899.4
899.4
909.66
911.16
914.04
928.74
930.18
924.3
911.16
915.54
905.28
909.66
922.86
922.86
660.66
282.71
16.113
-156.74
-43.945
-67.38
-140.63
-128.9
-200.68
-155.27
-240.23
-278.32
-323.73
-345.7
-342.77
-339.85
-350.1
-353.03
-353.03
-364.75
-367.67
-372.07
-377.93
-367.67
-366.21
-373.54
-380.86
-382.33
-376.46
-370.61
-373.54
-528.81
-651.84
-764.64
-843.78
-884.76
-902.34
-963.84
-1004.9
-1015.1
-1038.6
-1037.1
-1022.5
-1044.4
-1060.6
-1070.8
-1073.8
-1070.8
-1062
-1079.6
-1086.9
-1070.8
-1056.2
-1064.9
-1079.6
-1085.5
-1067.9
-1067.9
-1076.6
-1085.5
-820.32
-462.89
-159.67
-8.7888
71.778
11.719
7.3242
106.93
57.129
41.015
114.26
183.11
197.75
188.96
210.94
225.59
232.91
234.38
221.19
229.98
232.91
232.91
241.7
235.84
225.59
229.98
234.38
235.84
227.05
218.26
218.26
369.14
442.38
512.69
571.29
596.19
603.54
626.94
651.84
672.36
656.28
615.24
626.94
657.72
669.42
659.16
643.08
647.46
660.66
662.1
657.72
663.6
679.68
688.5
666.48
643.08
631.32
641.58
654.78
654.78
647.46
625.5
632.82
629.88
610.86
604.98
616.68
631.32
629.88
621.12
613.74
610.86
596.19
584.47
587.4
600.6
618.18
621.12
610.86
600.6
597.65
610.86
621.12
626.94
629.88
637.2
615.24
602.04
597.65
597.65
584.47
543.46
530.27
506.84
448.24
394.04
379.39
375
375
367.67
369.14
364.75
366.21
370.61
377.93
376.46
367.67
360.35
357.42
360.35
347.17
344.24
351.56
344.24
332.52
355.96
369.14
366.21
372.07
364.75
196.29
-79.104
-208.01
-354.49
-503.9
-518.56
-394.04
-454.1
-581.54
-626.94
-562.5
-593.26
-640.14
-619.62
-615.24
-650.4
-663.6
-669.42
-667.98
-675.3
-687
-684.06
-669.42
-666.48
-669.42
-679.68
-684.06
-692.88
-691.38
-687
-539.06
-229.98
-86.424
-2.9297
29.297
57.129
105.47
111.33
87.888
90.822
111.33
131.84
130.37
123.05
123.05
136.23
142.09
130.37
127.44
133.3
133.3
131.84
125.98
123.05
124.51
125.98
120.12
117.19
124.51
130.37
32.227
-161.13
-249.02
-454.1
-679.68
-767.58
-638.7
-643.08
-741.24
-804.18
-814.44
-823.26
-830.58
-839.34
-853.98
-877.44
-902.34
-899.4
-897.96
-903.78
-906.72
-911.16
-915.54
-903.78
-887.7
-893.58
-903.78
-905.28
-908.22
-912.6
-719.22
-271
-20.508
140.63
191.89
298.83
445.31
380.86
290.04
396.97
558.11
644.52
632.82
583.01
610.86
657.72
660.66
654.78
660.66
672.36
685.56
684.06
678.24
692.88
691.38
692.88
697.26
700.2
704.58
692.88
648.9
531.74
484.87
473.14
477.54
449.71
411.62
373.54
342.77
326.66
312.01
285.64
273.92
269.53
268.07
266.6
273.92
281.25
285.64
284.18
285.64
290.04
288.58
288.58
292.97
287.11
291.5
290.04
284.18
265.13
210.94
87.888
51.269
29.297
-1.4648
-13.184
-24.902
-36.621
-30.762
-11.719
-11.719
-8.7888
-8.7888
-14.648
-7.3242
-8.7888
-7.3242
-2.9297
-4.3945
-7.3242
-5.8594
-4.3945
-2.9297
-7.3242
-5.8594
-5.8594
-4.3945
-4.3945
-4.3945
-1.4648
49.805
228.52
379.39
490.72
666.48
676.74
733.86
760.26
779.28
826.2
874.5
897.96
896.46
874.5
867.18
874.5
886.26
892.08
895.02
895.02
915.54
927.24
936.06
946.26
933.12
909.66
905.28
902.34
914.04
930.18
815.94
416.02
140.63
26.367
-14.648
-23.438
-89.358
-101.08
-51.269
-52.735
-98.142
-79.104
-82.032
-115.72
-143.56
-175.78
-175.78
-165.53
-168.46
-169.92
-153.81
-139.16
-152.35
-158.2
-147.95
-143.56
-155.27
-159.67
-152.35
-149.41
-147.95
-312.01
-427.73
-599.12
-764.64
-733.86
-698.76
-796.86
-848.16
-883.32
-912.6
-927.24
-941.88
-956.52
-949.2
-931.62
-943.38
-952.14
-956.52
-949.2
-947.76
-949.2
-960.96
-982.92
-972.66
-941.88
-944.82
-959.46
-968.28
-969.72
-877.44
-481.93
-247.56
-123.05
-45.41
-27.832
-30.762
-10.254
13.184
23.438
26.367
16.113
30.762
36.621
27.832
23.438
30.762
23.438
17.578
29.297
16.113
4.3945
1.4648
4.3945
2.9297
2.9297
2.9297
1.4648
0
1.4648
24.902
206.54
313.48
467.29
616.68
714.84
758.76
729.48
711.9
747.06
770.52
773.46
798.36
829.08
815.94
817.38
834.96
840.84
829.08
836.4
818.82
811.5
808.62
811.5
827.64
829.08
827.64
840.84
849.6
846.66
820.32
583.01
421.88
338.38
292.97
235.84
194.83
153.81
108.4
54.199
29.297
17.578
4.3945
1.4648
0
0
0
0
0
0
0
0
0
0
0
0
0
0
0
0
13.184
146.48
355.96
481.93
656.28
697.26
679.68
744.12
826.2
853.98
868.68
899.4
912.6
902.34
886.26
899.4
921.36
944.82
943.38
924.3
936.06
953.64
956.52
950.7
933.12
919.92
928.74
941.88
944.82
941.88
867.18
455.57
99.612
-20.508
-13.184
-93.75
-229.98
-345.7
-229.98
-137.69
-275.39
-383.79
-437.99
-451.17
-436.52
-417.48
-432.13
-402.83
-380.86
-392.58
-439.45
-455.57
-436.52
-443.85
-446.78
-446.78
-439.45
-442.38
-448.24
-455.57
-375
-23.438
262.21
435.06
562.5
773.46
887.7
679.68
525.88
676.74
839.34
933.12
969.72
886.26
836.4
839.34
914.04
966.78
1000.5
924.3
912.6
947.76
981.42
1013.7
1015.1
990.24
1001.9
1010.8
1000.5
985.86
933.12
562.5
300.29
133.3
4.3945
-21.973
-20.508
-24.902
-39.551
-79.104
-117.19
-146.48
-194.83
-200.68
-206.54
-188.96
-178.71
-199.22
-187.5
-184.57
-209.47
-186.04
-191.89
-208.01
-187.5
-191.89
-203.62
-191.89
-202.15
-199.22
-199.22
-184.57
-166.99
-153.81
-143.56
-128.9
-125.98
-121.58
-120.12
-121.58
-117.19
-115.72
-109.87
-106.93
-115.72
-109.87
-106.93
-112.79
-114.26
-101.08
-109.87
-112.79
-123.05
-124.51
-128.9
-121.58
-120.12
-125.98
-121.58
-124.51
-109.87
-262.21
-344.24
-404.3
-546.38
-583.01
-577.15
-634.26
-672.36
-669.42
-682.62
-706.08
-719.22
-714.84
-717.78
-723.66
-735.36
-733.86
-729.48
-741.24
-742.68
-729.48
-711.9
-711.9
-726.54
-744.12
-728.04
-722.16
-735.36
-742.68
-679.68
-253.42
-27.832
17.578
149.41
408.69
517.09
392.58
476.08
632.82
719.22
698.76
656.28
678.24
708.96
719.22
711.9
738.3
761.7
764.64
755.88
767.58
777.84
780.78
780.78
783.72
767.58
754.38
770.52
788.1
730.98
284.18
58.594
-130.37
-355.96
-388.18
-351.56
-294.43
-470.21
-502.44
-388.18
-459.96
-547.85
-520.02
-577.15
-615.24
-625.5
-628.44
-643.08
-644.52
-650.4
-651.84
-654.78
-667.98
-656.28
-622.56
-613.74
-631.32
-648.9
-648.9
-610.86
-271
-51.269
65.916
142.09
131.84
89.358
104
156.74
196.29
208.01
215.33
229.98
235.84
224.12
222.65
231.44
215.33
228.52
213.87
210.94
219.73
213.87
216.8
215.33
208.01
212.4
210.94
224.12
229.98
208.01
300.29
418.94
522.95
565.43
610.86
634.26
679.68
707.52
730.98
750
744.12
738.3
748.56
763.2
761.7
761.7
771.96
769.02
766.14
761.7
776.34
782.22
774.9
763.2
763.2
777.84
774.9
760.26
754.38
769.02
685.56
574.22
522.95
487.79
464.36
443.85
408.69
385.25
364.75
357.42
338.38
314.94
314.94
314.94
295.9
294.43
297.37
300.29
291.5
291.5
300.29
314.94
314.94
316.4
323.73
322.27
319.34
309.08
310.55
285.64
-14.648
-222.65
-484.87
-802.74
-984.36
-889.14
-748.56
-833.52
-1018.1
-1095.7
-1050.3
-1025.4
-1091.3
-1157.2
-1183.6
-1152.8
-1138.2
-1171.9
-1195.3
-1179.2
-1192.4
-1221.7
-1240.7
-1234.9
-1230.5
-1243.7
-1243.7
-1233.4
-1233.4
-1240.7
-960.96
-622.56
-361.82
-235.84
-188.96
-140.63
-79.104
-35.156
-35.156
-71.778
-57.129
-29.297
-17.578
-19.043
-11.719
-1.4648
2.9297
1.4648
1.4648
0
0
0
0
0
0
0
0
0
0
0
48.34
127.44
200.68
301.76
339.85
385.25
420.41
445.31
458.5
467.29
471.68
481.93
474.61
484.87
480.47
476.08
474.61
477.54
487.79
493.65
489.26
473.14
471.68
471.68
459.96
448.24
462.89
477.54
483.4
468.75
243.16
76.17
-24.902
-55.664
-62.988
-67.38
-136.23
-162.6
-174.32
-175.78
-181.64
-178.71
-172.85
-180.17
-166.99
-159.67
-180.17
-187.5
-175.78
-171.38
-171.38
-166.99
-174.32
-174.32
-172.85
-169.92
-162.6
-166.99
-164.06
-162.6
-153.81
-124.51
-105.47
-84.96
-73.242
-64.452
-46.875
-38.086
-32.227
-32.227
-24.902
-23.438
-19.043
-17.578
-20.508
-23.438
-16.113
-17.578
-21.973
-17.578
-23.438
-26.367
-24.902
-20.508
-20.508
-8.7888
-4.3945
-8.7888
-8.7888
-10.254
-137.69
-307.62
-604.98
-865.74
-1016.6
-949.2
-937.5
-1038.6
-1120.6
-1100.1
-1163.1
-1205.6
-1220.2
-1239.2
-1261.3
-1262.7
-1253.9
-1262.7
-1284.7
-1277.3
-1271.5
-1293.5
-1294.9
-1287.6
-1265.6
-1278.8
-1271.5
-1253.9
-1256.8
-1034.2
-643.08
-377.93
-237.31
-187.5
-115.72
-70.314
-61.524
-77.634
-62.988
-32.227
-11.719
-4.3945
1.4648
0
1.4648
2.9297
0
0
0
0
0
0
0
0
0
0
0
0
0
99.612
333.98
610.86
805.68
853.98
845.22
890.64
952.14
993.18
1023.9
1041.5
1057.6
1095.7
1111.8
1117.7
1116.2
1125
1154.3
1152.8
1141.1
1142.6
1154.3
1174.8
1168.9
1167.5
1171.9
1168.9
1174.8
1166
1158.7
1026.8
770.52
616.68
498.05
408.69
342.77
329.59
335.45
282.71
263.67
246.1
222.65
178.71
159.67
147.95
145.02
137.69
123.05
118.65
121.58
120.12
104
98.142
114.26
115.72
93.75
82.032
90.822
105.47
106.93
145.02
268.07
379.39
509.77
553.71
569.83
616.68
678.24
713.4
716.28
708.96
708.96
730.98
741.24
736.8
735.36
739.74
733.86
728.04
744.12
754.38
769.02
751.44
747.06
757.32
760.26
739.74
745.62
758.76
755.88
509.77
168.46
-24.902
-228.52
-309.08
-143.56
-137.69
-158.2
-294.43
-361.82
-326.66
-380.86
-405.76
-372.07
-408.69
-437.99
-452.63
-443.85
-440.92
-436.52
-448.24
-458.5
-467.29
-468.75
-473.14
-470.21
-464.36
-465.82
-458.5
-452.63
-445.31
-495.12
-503.9
-543.46
-569.83
-584.47
-594.73
-591.8
-597.65
-606.42
-616.68
-622.56
-625.5
-619.62
-628.44
-637.2
-635.76
-619.62
-606.42
-622.56
-638.7
-625.5
-613.74
-612.3
-621.12
-628.44
-629.88
-622.56
-624
-634.26
-603.54
-515.63
-474.61
-452.63
-433.6
-398.44
-373.54
-357.42
-336.91
-291.5
-269.53
-276.86
-279.79
-287.11
-287.11
-279.79
-276.86
-281.25
-281.25
-268.07
-265.13
-276.86
-292.97
-290.04
-291.5
-291.5
-298.83
-307.62
-309.08
-303.22
-292.97
-490.72
-621.12
-853.98
-987.3
-975.6
-959.46
-1043
-1098.7
-1135.3
-1151.3
-1151.3
-1157.2
-1182.1
-1199.7
-1204.1
-1211.4
-1220.2
-1230.5
-1248.1
-1233.4
-1227.5
-1237.8
-1236.3
-1230.5
-1236.3
-1253.9
-1251
-1230.5
-1231.9
-1028.3
-646.02
-366.21
-130.37
-32.227
32.227
77.634
60.06
-17.578
4.3945
60.06
105.47
125.98
84.96
90.822
115.72
130.37
120.12
112.79
117.19
128.9
123.05
114.26
117.19
121.58
121.58
115.72
124.51
127.44
115.72
39.551
-109.87
-98.142
-180.17
-265.13
-348.63
-421.88
-448.24
-462.89
-467.29
-483.4
-500.98
-517.09
-517.09
-511.23
-514.16
-511.23
-502.44
-514.16
-515.63
-503.9
-498.05
-498.05
-503.9
-505.37
-512.69
-493.65
-476.08
-481.93
-492.19
-486.33
-646.02
-764.64
-886.26
-933.12
-902.34
-936.06
-979.98
-1018.1
-1035.7
-1045.9
-1054.7
-1078.1
-1101.5
-1095.7
-1089.8
-1089.8
-1095.7
-1104.5
-1089.8
-1078.1
-1092.8
-1110.4
-1116.2
-1088.4
-1082.5
-1100.1
-1104.5
-1084
-1086.9
-1018.1
-660.66
-401.37
-276.86
-171.38
-98.142
-57.129
-76.17
-77.634
-48.34
-21.973
-8.7888
-10.254
-1.4648
0
7.3242
4.3945
0
0
0
0
0
0
0
0
0
0
0
0
0
19.043
133.3
172.85
279.79
339.85
383.79
411.62
435.06
446.78
462.89
467.29
461.42
461.42
465.82
477.54
486.33
479
470.21
474.61
470.21
467.29
455.57
462.89
476.08
483.4
468.75
467.29
473.14
489.26
486.33
470.21
546.38
604.98
660.66
695.82
706.08
713.4
714.84
729.48
744.12
754.38
771.96
780.78
786.6
769.02
785.16
793.92
777.84
770.52
777.84
773.46
760.26
764.64
773.46
786.6
786.6
779.28
779.28
776.34
766.14
689.94
407.23
225.59
146.48
29.297
-16.113
2.9297
-2.9297
-26.367
-30.762
-35.156
-71.778
-101.08
-84.96
-61.524
-49.805
-52.735
-55.664
-57.129
-55.664
-60.06
-54.199
-52.735
-52.735
-48.34
-57.129
-54.199
-49.805
-52.735
-43.945
-8.7888
216.8
448.24
679.68
817.38
833.52
981.42
1084
1056.2
965.34
1006.3
1107.4
1182.1
1158.7
1114.7
1142.6
1198.3
1226.1
1214.3
1205.6
1214.3
1226.1
1231.9
1221.7
1230.5
1256.8
1273
1275.9
1252.4
1261.3
1155.8
735.36
459.96
227.05
136.23
45.41
4.3945
19.043
5.8594
-60.06
-83.496
-19.043
-21.973
-58.594
-73.242
-83.496
-98.142
-93.75
-77.634
-77.634
-83.496
-90.822
-83.496
-77.634
-73.242
-77.634
-70.314
-71.778
-73.242
-80.568
-96.678
-159.67
-253.42
-256.35
-316.4
-385.25
-443.85
-459.96
-461.42
-481.93
-489.26
-493.65
-495.12
-505.37
-503.9
-496.58
-508.3
-518.56
-530.27
-522.95
-495.12
-495.12
-490.72
-496.58
-505.37
-515.63
-515.63
-495.12
-493.65
-500.98
-512.69
-458.5
-424.81
-404.3
-376.46
-353.03
-339.85
-329.59
-316.4
-290.04
-284.18
-282.71
-287.11
-279.79
-272.46
-269.53
-269.53
-271
-279.79
-278.32
-275.39
-269.53
-259.28
-268.07
-275.39
-272.46
-279.79
-284.18
-278.32
-282.71
-282.71
-244.63
-219.73
-199.22
-172.85
-146.48
-136.23
-120.12
-102.54
-98.142
-109.87
-112.79
-114.26
-121.58
-120.12
-118.65
-115.72
-118.65
-127.44
-133.3
-133.3
-134.77
-137.69
-140.63
-127.44
-125.98
-125.98
-131.84
-131.84
-124.51
-117.19
-64.452
-29.297
-11.719
0
13.184
19.043
7.3242
0
-1.4648
0
0
0
0
0
0
0
0
0
0
0
0
0
0
0
0
0
0
0
0
-7.3242
-178.71
-355.96
-641.58
-902.34
-1034.2
-996.12
-892.08
-963.84
-1091.3
-1148.5
-1133.8
-1149.9
-1158.7
-1142.6
-1158.7
-1174.8
-1188
-1201.2
-1211.4
-1234.9
-1239.2
-1226.1
-1218.8
-1229
-1240.7
-1234.9
-1243.7
-1256.8
-1256.8
-1240.7
-1079.6
-952.14
-889.14
-820.32
-770.52
-730.98
-700.2
-669.42
-657.72
-644.52
-624
-591.8
-544.92
-525.88
-520.02
-520.02
-508.3
-500.98
-493.65
-489.26
-493.65
-498.05
-508.3
-500.98
-490.72
-503.9
-515.63
-520.02
-520.02
-511.23
-383.79
-276.86
-241.7
-213.87
-175.78
-150.88
-124.51
-71.778
-49.805
-52.735
-35.156
-11.719
-5.8594
-2.9297
-4.3945
-5.8594
0
0
0
0
0
0
0
0
0
0
0
0
0
0
29.297
21.973
19.043
24.902
36.621
38.086
35.156
30.762
33.691
33.691
24.902
21.973
21.973
24.902
17.578
23.438
20.508
21.973
24.902
24.902
32.227
36.621
38.086
39.551
41.015
46.875
54.199
45.41
38.086
41.015
120.12
219.73
256.35
331.06
376.46
404.3
429.2
465.82
468.75
457.03
445.31
451.17
468.75
477.54
468.75
465.82
471.68
480.47
473.14
465.82
467.29
479
470.21
465.82
467.29
470.21
474.61
487.79
492.19
473.14
515.63
663.6
755.88
814.44
876
922.86
919.92
944.82
1000.5
1016.6
1003.4
1016.6
1022.5
1031.3
1048.8
1044.4
1034.2
1047.4
1063.5
1067.9
1063.5
1035.7
1032.7
1054.7
1062
1057.6
1048.8
1045.9
1066.4
1079.6
918.48
736.8
638.7
559.57
509.77
486.33
470.21
443.85
416.02
364.75
320.8
304.69
292.97
288.58
278.32
281.25
285.64
278.32
266.6
276.86
281.25
281.25
294.43
300.29
307.62
303.22
307.62
292.97
294.43
278.32
172.85
80.568
41.015
4.3945
-13.184
-21.973
-8.7888
-16.113
-23.438
-17.578
-2.9297
-1.4648
-1.4648
0
-1.4648
-1.4648
-2.9297
-1.4648
-1.4648
0
-1.4648
0
0
-1.4648
0
0
0
0
-1.4648
0
150.88
268.07
410.15
607.92
750
833.52
776.34
776.34
846.66
916.98
947.76
949.2
938.94
940.44
974.1
982.92
987.3
991.68
971.22
971.22
985.86
994.62
991.68
1000.5
993.18
977.04
993.18
1003.4
991.68
802.74
571.29
454.1
342.77
262.21
210.94
183.11
184.57
150.88
117.19
93.75
45.41
24.902
5.8594
0
0
0
0
0
0
0
0
0
0
0
0
0
0
0
0
-67.38
-202.15
-213.87
-312.01
-426.27
-477.54
-500.98
-506.84
-509.77
-514.16
-517.09
-525.88
-527.35
-531.74
-531.74
-530.27
-537.6
-527.35
-520.02
-518.56
-525.88
-537.6
-531.74
-533.2
-537.6
-544.92
-541.99
-539.06
-536.13
-540.53
-256.35
-2.9297
105.47
273.92
398.44
467.29
295.9
260.74
427.73
530.27
537.6
502.44
528.81
558.11
575.68
559.57
550.78
556.64
584.47
590.33
590.33
562.5
559.57
572.75
596.19
577.15
581.54
590.33
602.04
599.12
584.47
569.83
561.04
559.57
565.43
575.68
581.54
562.5
539.06
546.38
556.64
543.46
531.74
541.99
563.96
574.22
566.89
544.92
527.35
527.35
543.46
553.71
552.25
550.78
559.57
566.89
558.11
537.6
539.06
544.92
487.79
372.07
344.24
322.27
273.92
244.63
187.5
146.48
121.58
111.33
98.142
83.496
67.38
65.916
33.691
42.481
55.664
52.735
43.945
35.156
45.41
43.945
33.691
26.367
41.015
61.524
51.269
48.34
68.85
58.594
82.032
145.02
150.88
197.75
218.26
227.05
229.98
237.31
241.7
240.23
247.56
254.88
250.49
250.49
253.42
266.6
268.07
262.21
260.74
256.35
243.16
246.1
243.16
246.1
238.77
250.49
246.1
249.02
253.42
251.95
243.16
225.59
227.05
216.8
208.01
196.29
191.89
187.5
178.71
178.71
177.25
181.64
184.57
174.32
165.53
164.06
166.99
164.06
156.74
146.48
143.56
153.81
158.2
159.67
161.13
161.13
165.53
171.38
175.78
180.17
58.594
-86.424
-120.12
-310.55
-426.27
-376.46
-451.17
-528.81
-541.99
-585.94
-610.86
-626.94
-629.88
-634.26
-637.2
-634.26
-634.26
-647.46
-653.34
-654.78
-638.7
-643.08
-657.72
-647.46
-638.7
-644.52
-665.04
-667.98
-653.34
-641.58
-647.46
-707.52
-722.16
-730.98
-726.54
-751.44
-770.52
-769.02
-766.14
-782.22
-799.8
-791.04
-779.28
-783.72
-783.72
-789.54
-793.92
-792.48
-786.6
-779.28
-785.16
-796.86
-811.5
-808.62
-802.74
-799.8
-785.16
-782.22
-799.8
-796.86
-566.89
-140.63
95.214
287.11
355.96
496.58
654.78
640.14
459.96
357.42
517.09
697.26
777.84
780.78
654.78
692.88
733.86
776.34
818.82
842.28
821.76
821.76
815.94
829.08
837.9
839.34
840.84
834.96
814.44
814.44
832.02
824.7
808.62
804.18
785.16
771.96
776.34
782.22
774.9
783.72
774.9
779.28
791.04
777.84
785.16
796.86
792.48
771.96
774.9
786.6
783.72
780.78
786.6
788.1
773.46
770.52
773.46
776.34
777.84
785.16
780.78
776.34
776.34
785.16
798.36
801.24
770.52
763.2
779.28
789.54
785.16
786.6
771.96
764.64
766.14
771.96
766.14
761.7
760.26
764.64
769.02
761.7
761.7
763.2
779.28
774.9
761.7
767.58
763.2
758.76
648.9
272.46
77.634
-84.96
-149.41
-71.778
-98.142
-164.06
-228.52
-254.88
-263.67
-285.64
-301.76
-294.43
-314.94
-314.94
-301.76
-309.08
-317.87
-319.34
-313.48
-312.01
-317.87
-331.06
-336.91
-319.34
-317.87
-312.01
-301.76
-307.62
-306.15
-468.75
-594.73
-839.34
-962.4
-1032.7
-1001.9
-1032.7
-1119.1
-1168.9
-1188
-1202.6
-1224.6
-1253.9
-1265.6
-1277.3
-1284.7
-1289
-1292
-1278.8
-1290.5
-1297.9
-1309.6
-1297.9
-1300.8
-1308.1
-1292
-1294.9
-1303.7
-1312.5
-1214.3
-868.68
-591.8
-448.24
-298.83
-213.87
-206.54
-247.56
-234.38
-162.6
-127.44
-117.19
-93.75
-45.41
-29.297
-14.648
0
0
0
0
0
0
-1.4648
0
0
0
0
0
0
0
-30.762
-177.25
-294.43
-449.71
-588.87
-672.36
-666.48
-719.22
-764.64
-771.96
-761.7
-801.24
-837.9
-859.86
-864.24
-864.24
-861.3
-867.18
-880.38
-880.38
-887.7
-876
-862.8
-861.3
-880.38
-883.32
-881.82
-868.68
-871.56
-868.68
-767.58
-335.45
-64.452
46.875
71.778
121.58
304.69
468.75
474.61
297.37
251.95
423.34
524.41
561.04
524.41
521.48
556.64
580.08
566.89
549.32
558.11
571.29
571.29
574.22
578.62
583.01
600.6
600.6
596.19
572.75
540.53
662.1
744.12
799.8
868.68
871.56
871.56
890.64
925.8
952.14
959.46
955.08
971.22
959.46
959.46
963.84
953.64
947.76
959.46
975.6
974.1
977.04
985.86
966.78
971.22
984.36
963.84
959.46
968.28
972.66
886.26
383.79
41.015
-159.67
-437.99
-752.94
-950.7
-783.72
-707.52
-767.58
-984.36
-1122.1
-1186.5
-1221.7
-1174.8
-937.5
-950.7
-1092.8
-1190.9
-1233.4
-1256.8
-1265.6
-1268.6
-1252.4
-1207
-1196.8
-1234.9
-1253.9
-1264.1
-1242.2
-1208.5
-871.56
-550.78
-339.85
-194.83
-96.678
-51.269
-98.142
-105.47
-89.358
-48.34
-13.184
-7.3242
-13.184
-1.4648
5.8594
0
0
0
0
0
0
0
0
0
0
0
0
0
0
-4.3945
-105.47
-89.358
-102.54
-153.81
-186.04
-224.12
-225.59
-215.33
-213.87
-216.8
-231.44
-227.05
-231.44
-224.12
-225.59
-237.31
-232.91
-235.84
-238.77
-235.84
-241.7
-228.52
-225.59
-224.12
-216.8
-218.26
-215.33
-221.19
-221.19
-197.75
-13.184
62.988
76.17
99.612
117.19
174.32
194.83
203.62
212.4
222.65
222.65
232.91
244.63
244.63
244.63
232.91
234.38
237.31
235.84
222.65
229.98
227.05
218.26
213.87
219.73
224.12
224.12
222.65
231.44
205.08
-10.254
-92.286
-229.98
-410.15
-574.22
-470.21
-498.05
-610.86
-653.34
-659.16
-691.38
-703.14
-725.1
-744.12
-750
-751.44
-761.7
-769.02
-751.44
-729.48
-744.12
-755.88
-754.38
-745.62
-755.88
-754.38
-751.44
-752.94
-773.46
-782.22
-810.06
-842.28
-878.88
-930.18
-968.28
-984.36
-985.86
-994.62
-1019.5
-1031.3
-1034.2
-1031.3
-1028.3
-1022.5
-1031.3
-1029.8
-1026.8
-1041.5
-1043
-1047.4
-1060.6
-1051.7
-1037.1
-1028.3
-1038.6
-1041.5
-1040
-1040
-1048.8
-1034.2
-785.16
-559.57
-399.9
-325.19
-282.71
-229.98
-178.71
-161.13
-147.95
-124.51
-115.72
-93.75
-43.945
-8.7888
-1.4648
0
0
0
0
0
0
0
0
0
0
0
0
0
0
0
-54.199
-43.945
-92.286
-156.74
-183.11
-200.68
-196.29
-200.68
-206.54
-212.4
-221.19
-212.4
-210.94
-206.54
-202.15
-213.87
-221.19
-224.12
-221.19
-234.38
-235.84
-232.91
-241.7
-240.23
-250.49
-249.02
-249.02
-254.88
-249.02
-244.63
-287.11
-457.03
-543.46
-644.52
-647.46
-689.94
-771.96
-802.74
-810.06
-836.4
-868.68
-876
-870.12
-878.88
-896.46
-905.28
-896.46
-889.14
-887.7
-895.02
-897.96
-897.96
-897.96
-909.66
-909.66
-915.54
-903.78
-899.4
-896.46
-881.82
-452.63
-121.58
43.945
235.84
479
643.08
588.87
395.51
426.27
638.7
735.36
777.84
811.5
628.44
578.62
638.7
732.42
788.1
810.06
766.14
728.04
751.44
785.16
795.42
788.1
791.04
813
813
813
805.68
454.1
118.65
-30.762
-139.16
-205.08
-341.31
-304.69
-205.08
-310.55
-416.02
-480.47
-524.41
-473.14
-459.96
-508.3
-518.56
-503.9
-517.09
-527.35
-524.41
-536.13
-525.88
-514.16
-512.69
-524.41
-522.95
-528.81
-528.81
-524.41
-528.81
-452.63
-341.31
-282.71
-251.95
-213.87
-186.04
-149.41
-106.93
-77.634
-77.634
-68.85
-60.06
-36.621
-36.621
-41.015
-27.832
-16.113
-17.578
-16.113
-14.648
-16.113
-16.113
-16.113
-23.438
-21.973
-20.508
-21.973
-33.691
-36.621
64.452
114.26
149.41
181.64
256.35
284.18
304.69
325.19
347.17
348.63
351.56
339.85
329.59
325.19
320.8
329.59
326.66
328.13
336.91
341.31
335.45
333.98
332.52
347.17
345.7
354.49
345.7
338.38
345.7
344.24
86.424
-96.678
-139.16
-332.52
-503.9
-505.37
-411.62
-520.02
-581.54
-596.19
-626.94
-679.68
-703.14
-704.58
-710.46
-722.16
-730.98
-728.04
-720.72
-735.36
-748.56
-735.36
-729.48
-723.66
-711.9
-720.72
-738.3
-744.12
-741.24
-744.12
-632.82
-446.78
-345.7
-306.15
-278.32
-244.63
-212.4
-153.81
-99.612
-89.358
-89.358
-77.634
-61.524
-38.086
-35.156
-39.551
-35.156
-27.832
-26.367
-27.832
-23.438
-16.113
-16.113
-14.648
-16.113
-14.648
-13.184
-14.648
-14.648
-17.578
111.33
331.06
524.41
673.8
720.72
832.02
952.14
969.72
867.18
876
966.78
1021
1004.9
987.3
1022.5
1053.2
1051.7
1066.4
1062
1047.4
1056.2
1060.6
1078.1
1076.6
1081.1
1092.8
1100.1
1098.7
1106
1076.6
1063.5
1082.5
1075.2
1069.3
1078.1
1098.7
1104.5
1097.2
1066.4
1075.2
1089.8
1084
1066.4
1067.9
1095.7
1114.7
1101.5
1098.7
1079.6
1070.8
1082.5
1091.3
1079.6
1092.8
1097.2
1078.1
1073.8
1060.6
1081.1
1091.3
824.7
464.36
209.47
32.227
-2.9297
-33.691
-118.65
-93.75
-14.648
-45.41
-142.09
-155.27
-155.27
-150.88
-191.89
-238.77
-216.8
-193.36
-224.12
-225.59
-225.59
-224.12
-227.05
-225.59
-221.19
-225.59
-232.91
-229.98
-224.12
-224.12
-219.73
-317.87
-353.03
-426.27
-470.21
-506.84
-525.88
-536.13
-552.25
-572.75
-565.43
-552.25
-559.57
-565.43
-565.43
-550.78
-556.64
-547.85
-544.92
-547.85
-549.32
-543.46
-543.46
-547.85
-562.5
-574.22
-568.36
-572.75
-566.89
-563.96
-575.68
-574.22
-556.64
-547.85
-539.06
-546.38
-537.6
-531.74
-514.16
-511.23
-521.48
-530.27
-546.38
-540.53
-531.74
-543.46
-541.99
-539.06
-530.27
-537.6
-534.67
-541.99
-549.32
-540.53
-539.06
-521.48
-517.09
-517.09
-530.27
-522.95
-313.48
10.254
143.56
212.4
437.99
657.72
647.46
517.09
597.65
764.64
862.8
911.16
804.18
758.76
832.02
908.22
931.62
903.78
886.26
928.74
950.7
958.02
955.08
956.52
963.84
979.98
974.1
940.44
941.88
963.84
953.64
937.5
916.98
899.4
903.78
902.34
892.08
864.24
862.8
865.74
864.24
873.06
889.14
878.88
870.12
881.82
881.82
876
868.68
862.8
833.52
836.4
861.3
867.18
855.48
858.42
876
883.32
868.68
853.98
689.94
281.25
51.269
-152.35
-158.2
-219.73
-162.6
-208.01
-309.08
-377.93
-358.88
-391.12
-421.88
-377.93
-383.79
-435.06
-445.31
-430.66
-437.99
-448.24
-464.36
-458.5
-454.1
-451.17
-452.63
-445.31
-436.52
-446.78
-445.31
-458.5
-285.64
-7.3242
71.778
262.21
490.72
584.47
402.83
549.32
707.52
813
795.42
801.24
855.48
880.38
849.6
858.42
883.32
880.38
871.56
892.08
906.72
922.86
928.74
911.16
906.72
906.72
906.72
908.22
905.28
909.66
903.78
959.46
1026.8
1072.3
1062
1051.7
1053.2
1063.5
1082.5
1064.9
1082.5
1097.2
1107.4
1098.7
1092.8
1091.3
1107.4
1104.5
1082.5
1110.4
1114.7
1136.7
1138.2
1123.6
1114.7
1116.2
1111.8
1110.4
1092.8
1113.3
1119.1
1056.2
1029.8
1003.4
990.24
979.98
943.38
906.72
909.66
915.54
924.3
915.54
906.72
883.32
884.76
903.78
897.96
861.3
864.24
881.82
903.78
919.92
909.66
880.38
881.82
906.72
908.22
884.76
873.06
877.44
732.42
300.29
27.832
-175.78
-449.71
-458.5
-292.97
-353.03
-550.78
-687
-720.72
-602.04
-571.29
-647.46
-707.52
-763.2
-786.6
-754.38
-739.74
-741.24
-755.88
-735.36
-745.62
-766.14
-789.54
-793.92
-792.48
-791.04
-786.6
-791.04
-670.92
-222.65
13.184
168.46
404.3
629.88
694.32
517.09
484.87
679.68
826.2
896.46
802.74
672.36
710.46
810.06
892.08
928.74
928.74
836.4
842.28
896.46
925.8
919.92
921.36
930.18
933.12
936.06
956.52
962.4
832.02
317.87
36.621
-147.95
-398.44
-471.68
-657.72
-701.64
-566.89
-552.25
-697.26
-865.74
-947.76
-952.14
-824.7
-763.2
-883.32
-969.72
-1018.1
-1038.6
-1037.1
-1007.8
-997.56
-1018.1
-1034.2
-1010.8
-987.3
-1018.1
-1038.6
-1045.9
-1021
-842.28
-691.38
-619.62
-584.47
-577.15
-555.17
-520.02
-486.33
-464.36
-442.38
-404.3
-386.72
-380.86
-354.49
-347.17
-348.63
-345.7
-342.77
-338.38
-328.13
-320.8
-319.34
-320.8
-325.19
-329.59
-339.85
-345.7
-341.31
-341.31
-329.59
-243.16
-200.68
-191.89
-181.64
-161.13
-112.79
-70.314
-54.199
-46.875
-45.41
-41.015
-35.156
-33.691
-21.973
-17.578
-16.113
-14.648
-10.254
-7.3242
-4.3945
-4.3945
-2.9297
-2.9297
-2.9297
-2.9297
-2.9297
0
0
0
0
-1.4648
0
0
0
0
0
0
0
0
0
0
0
0
0
0
0
0
0
0
0
0
0
0
0
0
0
0
0
0
13.184
210.94
454.1
618.18
714.84
776.34
934.56
1069.3
1067.9
974.1
1000.5
1110.4
1154.3
1123.6
1122.1
1132.3
1174.8
1195.3
1183.6
1173.4
1189.4
1211.4
1215.8
1195.3
1217.3
1230.5
1243.7
1224.6
1218.8
1226.1
1166
666.48
234.38
-29.297
-231.44
-395.51
-446.78
-476.08
-665.04
-792.48
-689.94
-528.81
-562.5
-716.28
-852.54
-908.22
-928.74
-856.92
-813
-859.86
-914.04
-947.76
-947.76
-908.22
-921.36
-936.06
-938.94
-931.62
-931.62
-934.56
-949.2
-834.96
-729.48
-678.24
-640.14
-600.6
-581.54
-559.57
-543.46
-505.37
-480.47
-470.21
-449.71
-413.09
-398.44
-398.44
-396.97
-392.58
-389.65
-391.12
-392.58
-394.04
-399.9
-404.3
-413.09
-411.62
-388.18
-389.65
-398.44
-398.44
-370.61
-191.89
-80.568
-19.043
11.719
23.438
38.086
57.129
76.17
83.496
61.524
46.875
54.199
55.664
51.269
49.805
58.594
68.85
65.916
65.916
60.06
54.199
54.199
60.06
55.664
64.452
65.916
64.452
61.524
55.664
54.199
4.3945
-32.227
-4.3945
-4.3945
-13.184
-20.508
-23.438
-7.3242
-2.9297
-5.8594
-8.7888
-10.254
-10.254
-16.113
-8.7888
-5.8594
-8.7888
-4.3945
-1.4648
0
0
0
0
-2.9297
-5.8594
-5.8594
-4.3945
-4.3945
-7.3242
-1.4648
161.13
416.02
562.5
761.7
902.34
993.18
874.5
919.92
1007.8
1094.2
1072.3
1031.3
1057.6
1122.1
1155.8
1151.3
1135.3
1164.5
1183.6
1180.7
1171.9
1173.4
1199.7
1190.9
1173.4
1182.1
1195.3
1212.9
1196.8
1192.4
1047.4
887.7
793.92
708.96
646.02
612.3
596.19
574.22
550.78
522.95
481.93
446.78
429.2
414.55
405.76
399.9
391.12
394.04
395.51
401.37
395.51
396.97
398.44
394.04
386.72
380.86
375
373.54
380.86
394.04
79.104
-30.762
-90.822
-257.81
-457.03
-418.94
-367.67
-445.31
-541.99
-565.43
-583.01
-603.54
-622.56
-604.98
-621.12
-635.76
-631.32
-647.46
-654.78
-643.08
-635.76
-644.52
-656.28
-646.02
-637.2
-643.08
-657.72
-665.04
-670.92
-659.16
-662.1
-687
-691.38
-701.64
-713.4
-707.52
-710.46
-714.84
-707.52
-710.46
-739.74
-754.38
-748.56
-732.42
-735.36
-742.68
-744.12
-741.24
-739.74
-732.42
-722.16
-720.72
-733.86
-741.24
-735.36
-745.62
-754.38
-741.24
-733.86
-736.8
-720.72
-688.5
-662.1
-629.88
-610.86
-594.73
-575.68
-578.62
-581.54
-578.62
-581.54
-578.62
-571.29
-563.96
-563.96
-568.36
-569.83
-569.83
-575.68
-561.04
-559.57
-565.43
-552.25
-555.17
-566.89
-568.36
-572.75
-575.68
-574.22
-208.01
41.015
276.86
426.27
648.9
666.48
647.46
710.46
791.04
853.98
782.22
832.02
909.66
924.3
902.34
895.02
947.76
972.66
982.92
994.62
987.3
991.68
1000.5
968.28
968.28
978.54
985.86
1009.3
1022.5
1013.7
599.12
222.65
-70.314
-275.39
-388.18
-550.78
-451.17
-402.83
-473.14
-616.68
-741.24
-779.28
-710.46
-585.94
-657.72
-714.84
-773.46
-801.24
-792.48
-771.96
-793.92
-786.6
-771.96
-796.86
-817.38
-818.82
-814.44
-818.82
-814.44
-813
-818.82
-966.78
-1018.1
-1086.9
-1152.8
-1168.9
-1151.3
-1174.8
-1210
-1221.7
-1210
-1220.2
-1249.5
-1267.1
-1270
-1253.9
-1265.6
-1262.7
-1249.5
-1253.9
-1264.1
-1281.7
-1273
-1267.1
-1270
-1271.5
-1259.8
-1249.5
-1271.5
-1286.2
-1088.4
-701.64
-408.69
-238.77
-186.04
-133.3
-71.778
-43.945
-104
-137.69
-123.05
-70.314
-26.367
-19.043
-33.691
1.4648
0
1.4648
0
0
0
0
0
0
0
0
0
0
0
0
58.594
259.28
442.38
600.6
610.86
559.57
616.68
672.36
713.4
739.74
758.76
748.56
748.56
767.58
776.34
770.52
758.76
760.26
758.76
767.58
774.9
785.16
795.42
788.1
780.78
783.72
771.96
763.2
776.34
783.72
659.16
383.79
243.16
169.92
156.74
131.84
84.96
33.691
-1.4648
-5.8594
-1.4648
0
0
0
0
0
0
0
0
0
0
0
0
0
0
0
0
0
0
0
-21.973
-33.691
-11.719
-33.691
-46.875
-51.269
-57.129
-62.988
-65.916
-68.85
-73.242
-65.916
-62.988
-55.664
-60.06
-65.916
-64.452
-67.38
-68.85
-68.85
-67.38
-51.269
-58.594
-64.452
-62.988
-65.916
-68.85
-64.452
-57.129
0
-95.214
-199.22
-338.38
-552.25
-604.98
-644.52
-695.82
-766.14
-830.58
-887.7
-862.8
-829.08
-851.1
-856.92
-890.64
-903.78
-912.6
-915.54
-925.8
-928.74
-943.38
-968.28
-971.22
-965.34
-963.84
-956.52
-971.22
-965.34
-959.46
-953.64
-924.3
-832.02
-774.9
-744.12
-725.1
-706.08
-673.8
-631.32
-613.74
-612.3
-597.65
-571.29
-540.53
-546.38
-549.32
-540.53
-544.92
-550.78
-546.38
-541.99
-530.27
-541.99
-539.06
-518.56
-522.95
-533.2
-541.99
-537.6
-515.63
-522.95
-528.81
-637.2
-723.66
-805.68
-845.22
-876
-897.96
-909.66
-931.62
-943.38
-960.96
-956.52
-952.14
-962.4
-988.74
-1006.3
-1006.3
-991.68
-997.56
-999
-990.24
-979.98
-979.98
-985.86
-985.86
-993.18
-993.18
-988.74
-994.62
-997.56
-707.52
-265.13
36.621
357.42
675.3
741.24
840.84
820.32
918.48
909.66
1003.4
997.56
826.2
851.1
946.26
1032.7
972.66
940.44
997.56
1048.8
1064.9
1076.6
1067.9
1075.2
1082.5
1086.9
1091.3
1092.8
1100.1
1129.4
864.24
370.61
43.945
-150.88
-373.54
-647.46
-764.64
-708.96
-656.28
-830.58
-915.54
-732.42
-663.6
-773.46
-897.96
-990.24
-1016.6
-1032.7
-1021
-996.12
-1001.9
-1021
-1003.4
-1021
-1028.3
-1038.6
-1040
-1041.5
-1067.9
-1072.3
-799.8
-363.28
-64.452
184.57
181.64
232.91
454.1
569.83
528.81
235.84
200.68
395.51
563.96
631.32
665.04
571.29
487.79
518.56
590.33
641.58
651.84
593.26
607.92
637.2
654.78
656.28
651.84
656.28
669.42
682.62
673.8
771.96
861.3
958.02
1045.9
1069.3
1060.6
1069.3
1104.5
1147
1130.9
1122.1
1123.6
1122.1
1141.1
1138.2
1136.7
1157.2
1176.2
1177.7
1160.2
1141.1
1157.2
1174.8
1164.5
1154.3
1164.5
1182.1
1170.4
1147
1095.7
897.96
798.36
735.36
669.42
628.44
604.98
584.47
558.11
522.95
487.79
448.24
423.34
418.94
413.09
410.15
398.44
386.72
385.25
396.97
398.44
398.44
392.58
395.51
391.12
396.97
394.04
382.33
372.07
383.79
303.22
38.086
-26.367
-70.314
-169.92
-147.95
-221.19
-253.42
-276.86
-269.53
-281.25
-287.11
-294.43
-304.69
-316.4
-319.34
-312.01
-317.87
-307.62
-301.76
-298.83
-298.83
-301.76
-303.22
-309.08
-313.48
-300.29
-301.76
-301.76
-303.22
-169.92
65.916
102.54
227.05
317.87
391.12
421.88
414.55
440.92
464.36
476.08
487.79
476.08
487.79
495.12
487.79
477.54
479
484.87
490.72
490.72
493.65
493.65
489.26
489.26
493.65
493.65
481.93
479
499.51
486.33
648.9
773.46
852.54
912.6
941.88
1007.8
1009.3
999
1016.6
1060.6
1094.2
1086.9
1064.9
1064.9
1092.8
1113.3
1097.2
1075.2
1086.9
1100.1
1119.1
1107.4
1089.8
1117.7
1132.3
1135.3
1123.6
1095.7
1107.4
928.74
502.44
134.77
-51.269
-208.01
-202.15
-166.99
-128.9
-246.1
-429.2
-326.66
-309.08
-408.69
-465.82
-486.33
-451.17
-489.26
-525.88
-527.35
-521.48
-525.88
-539.06
-534.67
-524.41
-543.46
-540.53
-530.27
-524.41
-531.74
-550.78
-541.99
-666.48
-773.46
-871.56
-918.48
-950.7
-988.74
-1010.8
-1007.8
-1019.5
-1051.7
-1079.6
-1084
-1067.9
-1082.5
-1092.8
-1101.5
-1101.5
-1084
-1092.8
-1106
-1104.5
-1100.1
-1097.2
-1095.7
-1116.2
-1113.3
-1097.2
-1103
-1106
-1073.8
-930.18
-810.06
-725.1
-697.26
-684.06
-676.74
-646.02
-613.74
-596.19
-574.22
-547.85
-522.95
-515.63
-487.79
-474.61
-480.47
-477.54
-465.82
-465.82
-467.29
-480.47
-479
-471.68
-473.14
-486.33
-481.93
-470.21
-467.29
-473.14
-465.82
-404.3
-379.39
-367.67
-360.35
-339.85
-287.11
-257.81
-244.63
-232.91
-216.8
-199.22
-200.68
-203.62
-194.83
-186.04
-188.96
-197.75
-208.01
-203.62
-199.22
-210.94
-209.47
-210.94
-212.4
-210.94
-208.01
-203.62
-200.68
-209.47
-227.05
-383.79
-470.21
-578.62
-663.6
-682.62
-704.58
-754.38
-821.76
-846.66
-855.48
-861.3
-865.74
-893.58
-909.66
-889.14
-868.68
-886.26
-892.08
-893.58
-915.54
-900.9
-893.58
-902.34
-922.86
-927.24
-915.54
-892.08
-893.58
-912.6
-805.68
-435.06
-183.11
-5.8594
61.524
93.75
45.41
0
26.367
99.612
143.56
155.27
168.46
193.36
215.33
197.75
194.83
202.15
193.36
196.29
194.83
191.89
205.08
210.94
199.22
200.68
196.29
202.15
202.15
188.96
150.88
11.719
0
-7.3242
-55.664
-101.08
-139.16
-149.41
-152.35
-147.95
-156.74
-169.92
-164.06
-155.27
-171.38
-174.32
-159.67
-164.06
-184.57
-174.32
-169.92
-183.11
-164.06
-177.25
-188.96
-171.38
-171.38
-181.64
-168.46
-165.53
-108.4
133.3
221.19
427.73
590.33
585.94
610.86
660.66
726.54
703.14
726.54
792.48
818.82
827.64
824.7
846.66
861.3
861.3
858.42
856.92
855.48
849.6
832.02
848.16
852.54
840.84
855.48
862.8
851.1
862.8
870.12
903.78
921.36
938.94
965.34
977.04
988.74
1006.3
1010.8
1028.3
1021
1009.3
1009.3
1018.1
1007.8
1021
1016.6
1010.8
1028.3
1041.5
1028.3
1021
1026.8
1035.7
1045.9
1029.8
1022.5
1038.6
1041.5
1040
1022.5
959.46
922.86
916.98
903.78
880.38
861.3
852.54
834.96
829.08
839.34
832.02
815.94
813
795.42
801.24
810.06
811.5
805.68
783.72
789.54
798.36
801.24
802.74
791.04
767.58
758.76
766.14
786.6
808.62
789.54
710.46
662.1
651.84
629.88
599.12
580.08
559.57
522.95
495.12
489.26
479
468.75
455.57
462.89
471.68
483.4
473.14
468.75
468.75
473.14
486.33
465.82
455.57
459.96
473.14
487.79
481.93
459.96
454.1
436.52
549.32
670.92
758.76
870.12
930.18
978.54
966.78
1007.8
1044.4
1075.2
1056.2
1041.5
1034.2
1079.6
1098.7
1075.2
1082.5
1094.2
1106
1100.1
1076.6
1075.2
1095.7
1108.9
1120.6
1127.9
1127.9
1138.2
1129.4
1025.4
631.32
358.88
150.88
-10.254
-7.3242
-1.4648
-24.902
-67.38
-84.96
-90.822
-92.286
-150.88
-181.64
-202.15
-183.11
-169.92
-191.89
-184.57
-161.13
-174.32
-175.78
-158.2
-183.11
-178.71
-178.71
-202.15
-197.75
-186.04
-206.54
-193.36
-165.53
-169.92
-153.81
-136.23
-111.33
-99.612
-95.214
-86.424
-80.568
-89.358
-90.822
-96.678
-87.888
-82.032
-79.104
-82.032
-87.888
-89.358
-93.75
-92.286
-86.424
-86.424
-93.75
-96.678
-89.358
-90.822
-96.678
-98.142
-98.142
-89.358
-14.648
19.043
16.113
10.254
10.254
26.367
35.156
35.156
13.184
11.719
16.113
10.254
1.4648
1.4648
0
0
0
0
0
0
0
0
0
0
0
1.4648
1.4648
2.9297
1.4648
0
7.3242
19.043
38.086
24.902
14.648
27.832
32.227
27.832
38.086
35.156
21.973
32.227
17.578
7.3242
14.648
38.086
38.086
21.973
30.762
38.086
42.481
42.481
29.297
36.621
41.015
43.945
29.297
38.086
24.902
16.113
-76.17
-133.3
-172.85
-332.52
-389.65
-427.73
-461.42
-484.87
-493.65
-502.44
-514.16
-503.9
-502.44
-490.72
-496.58
-493.65
-493.65
-512.69
-518.56
-506.84
-498.05
-506.84
-517.09
-508.3
-505.37
-495.12
-496.58
-511.23
-514.16
-514.16
-574.22
-634.26
-684.06
-767.58
-782.22
-773.46
-845.22
-873.06
-884.76
-909.66
-927.24
-930.18
-934.56
-922.86
-903.78
-911.16
-912.6
-928.74
-928.74
-928.74
-933.12
-937.5
-943.38
-946.26
-925.8
-918.48
-922.86
-921.36
-915.54
-903.78
-539.06
-298.83
-171.38
-96.678
-73.242
-26.367
-5.8594
0
-1.4648
-1.4648
0
0
0
0
0
1.4648
0
0
0
0
0
0
0
0
0
0
0
0
0
0
-93.75
-147.95
-172.85
-224.12
-303.22
-347.17
-351.56
-361.82
-375
-372.07
-361.82
-355.96
-345.7
-350.1
-351.56
-354.49
-361.82
-360.35
-354.49
-361.82
-372.07
-375
-376.46
-373.54
-360.35
-348.63
-344.24
-339.85
-351.56
-336.91
-39.551
142.09
232.91
370.61
385.25
492.19
569.83
588.87
599.12
622.56
615.24
619.62
640.14
662.1
662.1
684.06
704.58
698.76
678.24
675.3
694.32
708.96
708.96
706.08
701.64
691.38
687
682.62
666.48
660.66
437.99
268.07
229.98
133.3
95.214
60.06
16.113
-8.7888
-13.184
0
0
0
-1.4648
0
0
0
0
0
0
0
0
0
0
0
0
0
0
0
0
-1.4648
-101.08
-178.71
-285.64
-413.09
-459.96
-461.42
-520.02
-533.2
-549.32
-569.83
-585.94
-599.12
-593.26
-594.73
-615.24
-626.94
-622.56
-625.5
-621.12
-629.88
-629.88
-624
-609.36
-594.73
-594.73
-597.65
-602.04
-597.65
-606.42
-622.56
-656.28
-766.14
-834.96
-943.38
-984.36
-1025.4
-1047.4
-1066.4
-1084
-1106
-1122.1
-1119.1
-1126.4
-1139.6
-1161.6
-1155.8
-1139.6
-1138.2
-1145.5
-1147
-1138.2
-1133.8
-1157.2
-1166
-1154.3
-1133.8
-1151.3
-1170.4
-1154.3
-1127.9
-777.84
-448.24
-285.64
-186.04
-131.84
-76.17
-82.032
-83.496
-70.314
-32.227
-2.9297
5.8594
-5.8594
-1.4648
0
1.4648
1.4648
0
0
0
0
0
0
0
0
0
0
0
0
0
-4.3945
-20.508
-7.3242
0
0
0
0
0
0
0
0
0
0
0
0
0
0
0
0
0
0
0
0
0
0
0
0
0
0
0
2.9297
4.3945
5.8594
2.9297
2.9297
0
0
0
0
0
0
0
0
0
0
0
0
0
0
0
0
0
0
0
0
0
0
0
0
-142.09
-278.32
-500.98
-811.5
-1009.3
-1117.7
-997.56
-878.88
-994.62
-1108.9
-1180.7
-1166
-1123.6
-1157.2
-1193.8
-1186.5
-1192.4
-1218.8
-1252.4
-1259.8
-1226.1
-1224.6
-1248.1
-1271.5
-1265.6
-1252.4
-1271.5
-1284.7
-1289
-1267.1
-1198.3
-1078.1
-984.36
-936.06
-896.46
-876
-873.06
-845.22
-796.86
-763.2
-760.26
-767.58
-750
-694.32
-682.62
-687
-695.82
-697.26
-688.5
-681.18
-679.68
-678.24
-663.6
-667.98
-665.04
-673.8
-673.8
-656.28
-659.16
-659.16
-304.69
30.762
271
451.17
539.06
493.65
643.08
717.78
648.9
517.09
604.98
707.52
767.58
710.46
728.04
760.26
783.72
814.44
827.64
824.7
837.9
834.96
818.82
823.26
839.34
840.84
826.2
818.82
820.32
826.2
840.84
859.86
873.06
845.22
845.22
848.16
856.92
871.56
883.32
890.64
870.12
871.56
900.9
915.54
902.34
887.7
889.14
896.46
893.58
899.4
880.38
861.3
876
892.08
900.9
897.96
880.38
861.3
877.44
892.08
644.52
331.06
146.48
-41.015
-146.48
-99.612
-33.691
-61.524
-152.35
-215.33
-213.87
-191.89
-218.26
-234.38
-212.4
-224.12
-238.77
-231.44
-231.44
-222.65
-215.33
-208.01
-224.12
-234.38
-222.65
-231.44
-232.91
-227.05
-232.91
-222.65
-64.452
114.26
212.4
347.17
325.19
333.98
407.23
448.24
457.03
474.61
503.9
512.69
518.56
531.74
528.81
528.81
531.74
525.88
524.41
528.81
534.67
524.41
530.27
520.02
520.02
509.77
509.77
499.51
498.05
508.3
328.13
42.481
-24.902
-112.79
-276.86
-391.12
-244.63
-254.88
-335.45
-429.2
-376.46
-358.88
-430.66
-470.21
-464.36
-449.71
-462.89
-468.75
-470.21
-479
-483.4
-483.4
-474.61
-470.21
-473.14
-487.79
-498.05
-503.9
-484.87
-480.47
-310.55
-193.36
-98.142
-43.945
-43.945
-21.973
0
4.3945
13.184
13.184
2.9297
0
0
0
0
0
0
0
0
0
0
0
0
0
0
0
0
0
0
0
43.945
184.57
331.06
458.5
449.71
502.44
553.71
618.18
619.62
650.4
670.92
675.3
669.42
685.56
698.76
688.5
670.92
667.98
670.92
670.92
675.3
682.62
691.38
694.32
682.62
676.74
682.62
701.64
701.64
703.14
643.08
505.37
437.99
404.3
377.93
344.24
287.11
256.35
238.77
240.23
216.8
194.83
208.01
196.29
199.22
191.89
178.71
171.38
165.53
155.27
139.16
145.02
150.88
140.63
131.84
145.02
152.35
149.41
146.48
171.38
92.286
-43.945
-24.902
-36.621
-127.44
-156.74
-177.25
-190.43
-188.96
-190.43
-203.62
-202.15
-196.29
-209.47
-216.8
-224.12
-219.73
-219.73
-227.05
-222.65
-219.73
-225.59
-213.87
-208.01
-199.22
-202.15
-208.01
-186.04
-188.96
-196.29
-213.87
-263.67
-304.69
-385.25
-436.52
-465.82
-489.26
-495.12
-503.9
-509.77
-503.9
-511.23
-522.95
-533.2
-531.74
-527.35
-534.67
-546.38
-530.27
-512.69
-518.56
-522.95
-531.74
-534.67
-541.99
-539.06
-539.06
-536.13
-536.13
-541.99
-480.47
-297.37
-183.11
-133.3
-99.612
-76.17
-58.594
-19.043
0
0
0
0
0
0
0
0
0
0
0
0
0
0
0
0
0
0
0
0
0
0
33.691
108.4
89.358
177.25
238.77
271
281.25
284.18
282.71
298.83
306.15
313.48
310.55
312.01
314.94
322.27
314.94
300.29
307.62
306.15
300.29
294.43
291.5
297.37
292.97
295.9
281.25
285.64
291.5
307.62
159.67
-45.41
-108.4
-177.25
-402.83
-382.33
-326.66
-427.73
-483.4
-546.38
-552.25
-594.73
-612.3
-629.88
-629.88
-625.5
-644.52
-638.7
-646.02
-659.16
-667.98
-659.16
-640.14
-643.08
-646.02
-651.84
-653.34
-654.78
-654.78
-647.46
-622.56
-530.27
-493.65
-458.5
-432.13
-416.02
-398.44
-376.46
-361.82
-342.77
-329.59
-312.01
-312.01
-310.55
-304.69
-291.5
-314.94
-325.19
-317.87
-310.55
-310.55
-310.55
-320.8
-320.8
-314.94
-314.94
-314.94
-312.01
-309.08
-307.62
-161.13
117.19
407.23
637.2
769.02
832.02
811.5
742.68
792.48
852.54
836.4
868.68
893.58
918.48
953.64
966.78
960.96
972.66
969.72
982.92
991.68
997.56
996.12
994.62
1003.4
1010.8
1031.3
1010.8
977.04
984.36
996.12
1006.3
1001.9
982.92
965.34
994.62
1012.2
1013.7
996.12
994.62
1012.2
1026.8
1018.1
981.42
996.12
1010.8
1016.6
1001.9
978.54
984.36
997.56
1001.9
991.68
985.86
997.56
1013.7
1034.2
1007.8
977.04
984.36
997.56
984.36
971.22
940.44
919.92
931.62
943.38
924.3
906.72
914.04
924.3
924.3
930.18
921.36
896.46
905.28
925.8
938.94
938.94
924.3
905.28
922.86
928.74
925.8
908.22
903.78
908.22
906.72
906.72
900.9
887.7
868.68
853.98
846.66
836.4
827.64
811.5
799.8
795.42
792.48
789.54
791.04
793.92
785.16
774.9
769.02
785.16
792.48
774.9
761.7
770.52
782.22
760.26
758.76
773.46
779.28
780.78
776.34
780.78
788.1
767.58
597.65
498.05
436.52
394.04
364.75
350.1
303.22
273.92
247.56
232.91
225.59
228.52
224.12
208.01
206.54
194.83
197.75
199.22
181.64
186.04
191.89
180.17
191.89
188.96
178.71
188.96
200.68
196.29
194.83
130.37
-95.214
-142.09
-183.11
-395.51
-527.35
-457.03
-437.99
-584.47
-612.3
-626.94
-640.14
-669.42
-679.68
-682.62
-689.94
-710.46
-723.66
-729.48
-707.52
-685.56
-704.58
-713.4
-701.64
-687
-700.2
-700.2
-688.5
-679.68
-689.94
-670.92
-537.6
-448.24
-410.15
-375
-348.63
-326.66
-287.11
-234.38
-205.08
-180.17
-158.2
-149.41
-153.81
-152.35
-128.9
-134.77
-143.56
-137.69
-130.37
-125.98
-111.33
-134.77
-143.56
-134.77
-131.84
-145.02
-145.02
-133.3
-142.09
-155.27
-164.06
-172.85
-158.2
-187.5
-221.19
-210.94
-202.15
-193.36
-191.89
-209.47
-183.11
-221.19
-221.19
-203.62
-215.33
-203.62
-222.65
-237.31
-228.52
-225.59
-231.44
-221.19
-209.47
-227.05
-234.38
-222.65
-209.47
-181.64
-200.68
-139.16
123.05
221.19
262.21
331.06
351.56
399.9
439.45
484.87
525.88
550.78
552.25
543.46
546.38
562.5
569.83
562.5
555.17
552.25
546.38
540.53
525.88
520.02
521.48
525.88
547.85
553.71
558.11
550.78
539.06
445.31
60.06
-131.84
-292.97
-454.1
-421.88
-455.57
-499.51
-490.72
-575.68
-588.87
-640.14
-692.88
-710.46
-700.2
-719.22
-733.86
-733.86
-735.36
-747.06
-757.32
-777.84
-783.72
-761.7
-744.12
-751.44
-761.7
-754.38
-751.44
-754.38
-666.48
-292.97
-68.85
32.227
24.902
45.41
77.634
89.358
139.16
174.32
225.59
246.1
247.56
256.35
269.53
276.86
272.46
275.39
273.92
273.92
269.53
262.21
266.6
275.39
275.39
273.92
269.53
273.92
276.86
279.79
259.28
-30.762
-139.16
-373.54
-596.19
-692.88
-539.06
-511.23
-634.26
-732.42
-730.98
-711.9
-750
-774.9
-785.16
-791.04
-802.74
-798.36
-786.6
-786.6
-799.8
-808.62
-810.06
-817.38
-824.7
-810.06
-807.12
-824.7
-842.28
-840.84
-808.62
-858.42
-927.24
-1019.5
-1073.8
-1084
-1117.7
-1149.9
-1173.4
-1189.4
-1170.4
-1164.5
-1180.7
-1179.2
-1188
-1211.4
-1221.7
-1233.4
-1215.8
-1199.7
-1205.6
-1201.2
-1202.6
-1190.9
-1205.6
-1223.2
-1212.9
-1212.9
-1214.3
-1223.2
-1151.3
-722.16
-426.27
-218.26
-120.12
-38.086
-14.648
-13.184
-1.4648
14.648
4.3945
0
11.719
36.621
45.41
49.805
26.367
19.043
24.902
24.902
13.184
14.648
14.648
7.3242
5.8594
4.3945
1.4648
0
0
0
0
-52.735
-70.314
-55.664
-68.85
-73.242
-76.17
-86.424
-98.142
-93.75
-84.96
-86.424
-84.96
-87.888
-90.822
-96.678
-95.214
-96.678
-90.822
-86.424
-89.358
-95.214
-101.08
-92.286
-84.96
-77.634
-82.032
-87.888
-92.286
-87.888
-77.634
-175.78
-342.77
-464.36
-700.2
-764.64
-694.32
-736.8
-827.64
-864.24
-881.82
-919.92
-956.52
-994.62
-988.74
-978.54
-993.18
-1001.9
-994.62
-1001.9
-1000.5
-997.56
-1012.2
-1019.5
-1003.4
-1000.5
-1007.8
-1013.7
-1012.2
-1016.6
-1004.9
-849.6
-676.74
-587.4
-527.35
-496.58
-476.08
-451.17
-429.2
-402.83
-369.14
-335.45
-319.34
-304.69
-291.5
-284.18
-271
-271
-257.81
-253.42
-240.23
-244.63
-244.63
-234.38
-237.31
-249.02
-253.42
-256.35
-247.56
-254.88
-241.7
-347.17
-515.63
-714.84
-900.9
-937.5
-840.84
-873.06
-982.92
-1019.5
-1066.4
-1086.9
-1130.9
-1149.9
-1154.3
-1160.2
-1154.3
-1154.3
-1158.7
-1155.8
-1160.2
-1176.2
-1188
-1180.7
-1170.4
-1182.1
-1193.8
-1179.2
-1180.7
-1182.1
-1170.4
-704.58
-317.87
-51.269
104
275.39
437.99
309.08
165.53
187.5
407.23
555.17
625.5
665.04
588.87
455.57
483.4
583.01
643.08
678.24
606.42
577.15
612.3
644.52
672.36
675.3
665.04
667.98
666.48
670.92
644.52
312.01
39.551
-74.706
-145.02
-247.56
-96.678
-158.2
-212.4
-291.5
-300.29
-314.94
-355.96
-358.88
-358.88
-375
-377.93
-375
-372.07
-360.35
-358.88
-360.35
-367.67
-369.14
-364.75
-363.28
-361.82
-364.75
-364.75
-351.56
-336.91
-41.015
194.83
209.47
392.58
509.77
490.72
328.13
398.44
495.12
543.46
525.88
518.56
552.25
577.15
588.87
575.68
568.36
565.43
569.83
571.29
583.01
580.08
575.68
588.87
585.94
556.64
561.04
575.68
563.96
559.57
503.9
457.03
433.6
395.51
347.17
294.43
254.88
235.84
221.19
212.4
202.15
203.62
203.62
199.22
202.15
208.01
203.62
200.68
202.15
205.08
209.47
205.08
206.54
219.73
208.01
203.62
202.15
196.29
202.15
187.5
238.77
306.15
355.96
427.73
487.79
502.44
520.02
550.78
568.36
568.36
556.64
561.04
562.5
565.43
561.04
568.36
581.54
590.33
575.68
561.04
563.96
571.29
580.08
572.75
587.4
599.12
596.19
578.62
578.62
577.15
580.08
602.04
603.54
607.92
615.24
613.74
597.65
594.73
606.42
607.92
597.65
603.54
616.68
622.56
590.33
575.68
588.87
599.12
602.04
591.8
600.6
609.36
594.73
597.65
591.8
594.73
594.73
606.42
613.74
606.42
348.63
93.75
-2.9297
-83.496
-39.551
-30.762
-86.424
-131.84
-164.06
-175.78
-155.27
-174.32
-188.96
-172.85
-172.85
-190.43
-183.11
-166.99
-172.85
-168.46
-149.41
-140.63
-162.6
-146.48
-137.69
-155.27
-168.46
-158.2
-166.99
-137.69
-104
-92.286
-79.104
-41.015
-11.719
-11.719
-23.438
-20.508
-19.043
-13.184
-24.902
-17.578
-17.578
-16.113
-11.719
-11.719
-13.184
-19.043
-23.438
-24.902
-32.227
-24.902
-29.297
-23.438
-27.832
-26.367
-26.367
-32.227
-29.297
80.568
140.63
152.35
213.87
295.9
319.34
329.59
361.82
380.86
375
383.79
394.04
396.97
392.58
388.18
379.39
383.79
385.25
386.72
389.65
383.79
376.46
373.54
377.93
388.18
394.04
391.12
382.33
376.46
375
203.62
67.38
4.3945
0
-2.9297
-32.227
-60.06
-114.26
-118.65
-96.678
-105.47
-101.08
-111.33
-108.4
-115.72
-111.33
-115.72
-117.19
-124.51
-120.12
-121.58
-115.72
-117.19
-118.65
-123.05
-112.79
-109.87
-109.87
-123.05
-118.65
-46.875
17.578
27.832
36.621
65.916
95.214
104
120.12
115.72
112.79
114.26
124.51
128.9
128.9
123.05
118.65
120.12
117.19
114.26
105.47
105.47
108.4
105.47
101.08
101.08
101.08
108.4
111.33
111.33
111.33
150.88
370.61
539.06
682.62
799.8
931.62
895.02
849.6
881.82
981.42
1043
1029.8
991.68
1010.8
1062
1089.8
1092.8
1081.1
1086.9
1091.3
1113.3
1107.4
1095.7
1086.9
1108.9
1101.5
1101.5
1086.9
1092.8
1119.1
1070.8
990.24
950.7
925.8
909.66
871.56
818.82
771.96
771.96
766.14
751.44
723.66
714.84
723.66
726.54
725.1
732.42
735.36
726.54
706.08
714.84
728.04
719.22
725.1
722.16
725.1
726.54
729.48
730.98
720.72
719.22
716.28
719.22
725.1
722.16
703.14
695.82
717.78
725.1
697.26
701.64
710.46
720.72
713.4
708.96
717.78
730.98
719.22
708.96
714.84
722.16
720.72
710.46
713.4
710.46
713.4
703.14
689.94
710.46
726.54
681.18
591.8
552.25
525.88
511.23
495.12
470.21
445.31
435.06
418.94
408.69
394.04
377.93
369.14
373.54
372.07
373.54
383.79
379.39
394.04
402.83
404.3
392.58
394.04
395.51
389.65
389.65
376.46
379.39
385.25
150.88
-82.032
-208.01
-489.26
-684.06
-643.08
-587.4
-679.68
-817.38
-864.24
-795.42
-792.48
-861.3
-887.7
-873.06
-892.08
-916.98
-930.18
-928.74
-944.82
-949.2
-928.74
-927.24
-930.18
-933.12
-938.94
-934.56
-915.54
-924.3
-940.44
-827.64
-515.63
-303.22
-190.43
-98.142
-57.129
-52.735
-46.875
-35.156
-17.578
-8.7888
0
4.3945
1.4648
0
0
0
0
0
0
0
0
0
0
0
0
0
0
0
0
30.762
87.888
74.706
137.69
162.6
171.38
202.15
215.33
218.26
224.12
237.31
246.1
235.84
229.98
235.84
240.23
243.16
228.52
219.73
212.4
218.26
218.26
208.01
203.62
203.62
212.4
213.87
210.94
221.19
221.19
232.91
474.61
654.78
779.28
886.26
981.42
981.42
975.6
1010.8
1064.9
1133.8
1144
1151.3
1145.5
1155.8
1170.4
1183.6
1188
1196.8
1204.1
1226.1
1227.5
1212.9
1198.3
1211.4
1218.8
1205.6
1199.7
1214.3
1223.2
1170.4
990.24
895.02
871.56
810.06
750
706.08
685.56
667.98
626.94
602.04
597.65
577.15
552.25
527.35
508.3
511.23
517.09
531.74
540.53
530.27
531.74
531.74
530.27
528.81
511.23
502.44
512.69
534.67
543.46
544.92
583.01
626.94
694.32
738.3
745.62
741.24
769.02
793.92
779.28
769.02
777.84
795.42
802.74
791.04
773.46
774.9
783.72
792.48
813
820.32
796.86
796.86
810.06
810.06
795.42
811.5
810.06
796.86
774.9
703.14
464.36
345.7
279.79
246.1
213.87
153.81
99.612
45.41
11.719
13.184
1.4648
1.4648
0
0
0
0
0
0
0
0
0
0
0
0
0
0
0
0
0
-33.691
-152.35
-206.54
-360.35
-467.29
-483.4
-518.56
-531.74
-531.74
-561.04
-563.96
-588.87
-607.92
-597.65
-593.26
-606.42
-625.5
-634.26
-616.68
-613.74
-631.32
-640.14
-643.08
-626.94
-604.98
-609.36
-606.42
-604.98
-596.19
-594.73
-452.63
-127.44
10.254
35.156
152.35
276.86
369.14
290.04
262.21
317.87
369.14
364.75
373.54
396.97
405.76
408.69
410.15
410.15
423.34
424.81
430.66
442.38
437.99
423.34
408.69
402.83
413.09
420.41
423.34
421.88
265.13
-62.988
-146.48
-358.88
-640.14
-786.6
-769.02
-628.44
-703.14
-805.68
-893.58
-938.94
-902.34
-836.4
-867.18
-890.64
-886.26
-874.5
-908.22
-941.88
-950.7
-921.36
-909.66
-936.06
-956.52
-965.34
-959.46
-949.2
-956.52
-972.66
-962.4
-870.12
-796.86
-763.2
-739.74
-733.86
-713.4
-684.06
-648.9
-618.18
-606.42
-594.73
-583.01
-575.68
-590.33
-600.6
-594.73
-568.36
-559.57
-559.57
-566.89
-568.36
-553.71
-552.25
-555.17
-565.43
-562.5
-547.85
-543.46
-556.64
-537.6
-364.75
-257.81
-200.68
-166.99
-142.09
-108.4
-77.634
-20.508
0
-1.4648
0
0
0
0
0
0
0
0
0
0
0
0
0
0
0
0
0
0
0
-35.156
-250.49
-445.31
-685.56
-896.46
-826.2
-764.64
-833.52
-940.44
-949.2
-978.54
-1035.7
-1088.4
-1098.7
-1075.2
-1091.3
-1123.6
-1127.9
-1117.7
-1120.6
-1139.6
-1164.5
-1157.2
-1136.7
-1145.5
-1154.3
-1151.3
-1130.9
-1133.8
-1151.3
-1160.2
-1073.8
-990.24
-955.08
-936.06
-911.16
-889.14
-856.92
-830.58
-815.94
-802.74
-796.86
-770.52
-754.38
-751.44
-748.56
-735.36
-732.42
-719.22
-714.84
-720.72
-723.66
-725.1
-738.3
-755.88
-763.2
-745.62
-729.48
-732.42
-736.8
-732.42
-736.8
-735.36
-732.42
-735.36
-760.26
-777.84
-788.1
-786.6
-788.1
-777.84
-783.72
-788.1
-785.16
-792.48
-789.54
-789.54
-791.04
-791.04
-795.42
-807.12
-805.68
-801.24
-796.86
-795.42
-786.6
-782.22
-779.28
-774.9
-763.2
-673.8
-243.16
-24.902
48.34
156.74
263.67
262.21
212.4
169.92
355.96
476.08
481.93
457.03
484.87
528.81
537.6
524.41
518.56
530.27
541.99
547.85
540.53
544.92
565.43
566.89
562.5
562.5
572.75
559.57
549.32
481.93
73.242
-89.358
-251.95
-509.77
-597.65
-436.52
-396.97
-511.23
-676.74
-741.24
-732.42
-687
-678.24
-716.28
-744.12
-741.24
-751.44
-769.02
-764.64
-754.38
-752.94
-757.32
-785.16
-799.8
-793.92
-767.58
-774.9
-786.6
-793.92
-716.28
-257.81
-8.7888
276.86
531.74
651.84
558.11
600.6
692.88
785.16
667.98
648.9
714.84
748.56
758.76
779.28
815.94
836.4
827.64
820.32
823.26
839.34
845.22
846.66
843.78
848.16
851.1
856.92
861.3
876
873.06
916.98
990.24
1043
1110.4
1141.1
1139.6
1135.3
1170.4
1202.6
1207
1188
1176.2
1207
1230.5
1218.8
1240.7
1251
1267.1
1251
1245.1
1248.1
1253.9
1252.4
1229
1248.1
1261.3
1255.4
1258.3
1259.8
1267.1
1106
950.7
881.82
836.4
807.12
763.2
732.42
691.38
657.72
635.76
632.82
619.62
584.47
553.71
552.25
559.57
559.57
547.85
553.71
569.83
581.54
581.54
577.15
572.75
568.36
571.29
572.75
575.68
575.68
547.85
152.35
-58.594
-203.62
-379.39
-549.32
-549.32
-391.12
-404.3
-531.74
-638.7
-653.34
-616.68
-628.44
-635.76
-622.56
-648.9
-681.18
-707.52
-698.76
-692.88
-706.08
-719.22
-716.28
-695.82
-695.82
-701.64
-698.76
-701.64
-713.4
-697.26
-733.86
-808.62
-853.98
-889.14
-921.36
-937.5
-944.82
-952.14
-963.84
-982.92
-975.6
-960.96
-971.22
-975.6
-984.36
-987.3
-979.98
-978.54
-968.28
-975.6
-972.66
-971.22
-972.66
-971.22
-985.86
-999
-996.12
-996.12
-988.74
-953.64
-610.86
-350.1
-237.31
-87.888
-80.568
-10.254
-14.648
-35.156
0
0
2.9297
21.973
35.156
17.578
2.9297
0
1.4648
0
0
0
0
0
0
1.4648
0
0
0
0
0
0
-152.35
-227.05
-342.77
-577.15
-754.38
-752.94
-755.88
-814.44
-862.8
-877.44
-883.32
-924.3
-953.64
-950.7
-952.14
-966.78
-971.22
-982.92
-988.74
-975.6
-971.22
-978.54
-987.3
-978.54
-974.1
-968.28
-977.04
-988.74
-988.74
-978.54
-1007.8
-1056.2
-1100.1
-1127.9
-1142.6
-1173.4
-1186.5
-1192.4
-1180.7
-1173.4
-1188
-1196.8
-1182.1
-1193.8
-1202.6
-1220.2
-1210
-1207
-1201.2
-1199.7
-1198.3
-1199.7
-1207
-1223.2
-1221.7
-1202.6
-1192.4
-1204.1
-1201.2
-1182.1
-1038.6
-846.66
-722.16
-650.4
-597.65
-575.68
-544.92
-515.63
-490.72
-467.29
-436.52
-389.65
-372.07
-357.42
-335.45
-310.55
-301.76
-300.29
-301.76
-310.55
-300.29
-288.58
-303.22
-306.15
-313.48
-304.69
-298.83
-298.83
-317.87
-326.66
-300.29
-272.46
-260.74
-250.49
-224.12
-209.47
-203.62
-199.22
-197.75
-191.89
-202.15
-209.47
-191.89
-200.68
-209.47
-191.89
-202.15
-190.43
-186.04
-205.08
-186.04
-175.78
-190.43
-171.38
-178.71
-188.96
-184.57
-193.36
-193.36
13.184
180.17
317.87
355.96
382.33
471.68
534.67
514.16
514.16
556.64
577.15
565.43
571.29
583.01
604.98
621.12
613.74
612.3
607.92
602.04
590.33
587.4
599.12
616.68
606.42
599.12
599.12
607.92
607.92
603.54
641.58
681.18
703.14
708.96
710.46
710.46
722.16
733.86
726.54
719.22
710.46
719.22
719.22
717.78
736.8
754.38
757.32
736.8
729.48
742.68
748.56
744.12
750
744.12
728.04
732.42
748.56
745.62
754.38
750
369.14
8.7888
-172.85
-432.13
-722.16
-845.22
-638.7
-506.84
-619.62
-789.54
-906.72
-960.96
-940.44
-811.5
-832.02
-902.34
-975.6
-999
-1001.9
-972.66
-938.94
-960.96
-965.34
-955.08
-946.26
-982.92
-1015.1
-1031.3
-1010.8
-984.36
-956.52
-902.34
-877.44
-834.96
-795.42
-771.96
-752.94
-741.24
-732.42
-728.04
-694.32
-665.04
-648.9
-653.34
-648.9
-640.14
-632.82
-632.82
-637.2
-631.32
-632.82
-631.32
-640.14
-654.78
-665.04
-654.78
-635.76
-647.46
-648.9
-644.52
-369.14
-55.664
61.524
285.64
370.61
322.27
358.88
476.08
556.64
474.61
452.63
518.56
583.01
591.8
577.15
571.29
572.75
596.19
612.3
602.04
587.4
600.6
606.42
596.19
590.33
602.04
613.74
621.12
637.2
635.76
556.64
408.69
342.77
282.71
249.02
234.38
205.08
171.38
118.65
90.822
82.032
74.706
74.706
73.242
45.41
42.481
42.481
52.735
36.621
43.945
55.664
55.664
55.664
60.06
54.199
52.735
51.269
42.481
43.945
55.664
76.17
257.81
357.42
432.13
468.75
477.54
493.65
503.9
541.99
566.89
568.36
571.29
584.47
591.8
588.87
581.54
561.04
549.32
566.89
585.94
591.8
580.08
585.94
575.68
571.29
574.22
574.22
577.15
590.33
597.65
389.65
43.945
-96.678
-288.58
-459.96
-487.79
-310.55
-338.38
-486.33
-563.96
-518.56
-533.2
-565.43
-553.71
-559.57
-596.19
-610.86
-606.42
-606.42
-612.3
-621.12
-634.26
-632.82
-635.76
-626.94
-616.68
-615.24
-616.68
-602.04
-603.54
-603.54
-552.25
-511.23
-473.14
-455.57
-437.99
-420.41
-405.76
-396.97
-383.79
-383.79
-382.33
-389.65
-389.65
-391.12
-373.54
-355.96
-348.63
-348.63
-350.1
-348.63
-342.77
-360.35
-364.75
-361.82
-358.88
-345.7
-347.17
-345.7
-355.96
-256.35
-68.85
11.719
5.8594
10.254
62.988
106.93
131.84
136.23
137.69
145.02
152.35
142.09
139.16
147.95
152.35
130.37
130.37
143.56
164.06
158.2
145.02
159.67
164.06
134.77
136.23
153.81
145.02
133.3
143.56
165.53
426.27
654.78
771.96
886.26
1004.9
1095.7
1037.1
1007.8
1062
1142.6
1120.6
1084
1116.2
1168.9
1196.8
1166
1168.9
1186.5
1208.5
1204.1
1201.2
1224.6
1234.9
1217.3
1210
1208.5
1223.2
1218.8
1212.9
1177.7
979.98
852.54
780.78
713.4
657.72
648.9
651.84
616.68
580.08
553.71
539.06
517.09
493.65
479
474.61
473.14
476.08
467.29
459.96
461.42
449.71
440.92
429.2
440.92
457.03
451.17
439.45
454.1
457.03
314.94
-19.043
-114.26
-420.41
-691.38
-813
-568.36
-512.69
-692.88
-848.16
-937.5
-955.08
-908.22
-845.22
-887.7
-936.06
-978.54
-972.66
-955.08
-984.36
-1015.1
-1016.6
-1013.7
-1010.8
-994.62
-993.18
-997.56
-993.18
-1001.9
-997.56
-982.92
-925.8
-883.32
-855.48
-832.02
-805.68
-789.54
-770.52
-739.74
-704.58
-681.18
-665.04
-662.1
-667.98
-673.8
-665.04
-667.98
-654.78
-638.7
-629.88
-644.52
-654.78
-656.28
-644.52
-626.94
-622.56
-637.2
-646.02
-641.58
-643.08
-522.95
-194.83
7.3242
111.33
57.129
41.015
200.68
282.71
273.92
276.86
316.4
336.91
357.42
353.03
354.49
348.63
345.7
354.49
354.49
344.24
364.75
369.14
372.07
358.88
348.63
357.42
366.21
353.03
355.96
367.67
250.49
-58.594
-171.38
-479
-769.02
-921.36
-706.08
-670.92
-833.52
-978.54
-1079.6
-1119.1
-1117.7
-982.92
-958.02
-1054.7
-1123.6
-1157.2
-1163.1
-1145.5
-1155.8
-1188
-1182.1
-1144
-1127.9
-1161.6
-1168.9
-1149.9
-1157.2
-1177.7
-1188
-1133.8
-1086.9
-1066.4
-1059.1
-1025.4
-1004.9
-990.24
-975.6
-972.66
-958.02
-930.18
-916.98
-911.16
-908.22
-899.4
-895.02
-883.32
-883.32
-902.34
-914.04
-909.66
-893.58
-893.58
-903.78
-916.98
-912.6
-895.02
-889.14
-902.34
-893.58
-767.58
-682.62
-640.14
-602.04
-569.83
-553.71
-547.85
-518.56
-481.93
-442.38
-411.62
-396.97
-385.25
-369.14
-373.54
-379.39
-376.46
-372.07
-366.21
-369.14
-379.39
-386.72
-389.65
-391.12
-391.12
-386.72
-373.54
-366.21
-363.28
-292.97
-41.015
106.93
213.87
355.96
370.61
358.88
404.3
439.45
467.29
500.98
515.63
512.69
517.09
522.95
531.74
514.16
511.23
524.41
537.6
539.06
537.6
530.27
527.35
521.48
506.84
505.37
515.63
522.95
524.41
511.23
275.39
159.67
115.72
61.524
29.297
-7.3242
-27.832
-41.015
-38.086
-52.735
-52.735
-51.269
-46.875
-41.015
-51.269
-45.41
-49.805
-51.269
-42.481
-41.015
-45.41
-49.805
-43.945
-45.41
-49.805
-54.199
-49.805
-64.452
-55.664
-26.367
164.06
306.15
500.98
644.52
619.62
700.2
811.5
878.88
889.14
921.36
966.78
988.74
988.74
981.42
982.92
985.86
1001.9
1006.3
1009.3
1009.3
1003.4
1003.4
1019.5
1022.5
1019.5
1018.1
1019.5
1026.8
1045.9
1034.2
1041.5
1053.2
1060.6
1072.3
1075.2
1054.7
1067.9
1076.6
1076.6
1078.1
1075.2
1076.6
1091.3
1088.4
1078.1
1098.7
1103
1119.1
1100.1
1079.6
1075.2
1088.4
1079.6
1075.2
1057.6
1069.3
1097.2
1100.1
1086.9
1040
618.18
266.6
-4.3945
-210.94
-363.28
-344.24
-249.02
-232.91
-380.86
-514.16
-558.11
-556.64
-423.34
-392.58
-486.33
-540.53
-577.15
-553.71
-558.11
-577.15
-572.75
-549.32
-552.25
-580.08
-607.92
-610.86
-596.19
-600.6
-588.87
-580.08
-445.31
-353.03
-312.01
-265.13
-238.77
-193.36
-130.37
-98.142
-68.85
-62.988
-33.691
0
0
0
0
0
0
0
0
0
0
0
0
0
0
0
0
0
0
0
24.902
45.41
60.06
84.96
112.79
128.9
139.16
146.48
161.13
161.13
146.48
137.69
152.35
149.41
128.9
137.69
150.88
146.48
127.44
137.69
146.48
137.69
128.9
140.63
149.41
145.02
140.63
146.48
156.74
150.88
210.94
433.6
547.85
660.66
708.96
752.94
789.54
801.24
839.34
890.64
914.04
900.9
880.38
893.58
922.86
938.94
937.5
916.98
900.9
928.74
940.44
928.74
909.66
906.72
916.98
941.88
958.02
934.56
922.86
934.56
597.65
328.13
171.38
105.47
-11.719
-95.214
-114.26
-10.254
-23.438
-71.778
-65.916
-42.481
-74.706
-123.05
-143.56
-124.51
-114.26
-105.47
-112.79
-115.72
-112.79
-106.93
-104
-104
-114.26
-109.87
-98.142
-101.08
-102.54
-108.4
1.4648
89.358
82.032
120.12
155.27
187.5
202.15
210.94
216.8
215.33
221.19
218.26
215.33
225.59
218.26
212.4
213.87
221.19
219.73
210.94
209.47
206.54
210.94
221.19
213.87
208.01
210.94
210.94
219.73
205.08
256.35
295.9
313.48
335.45
363.28
369.14
364.75
363.28
367.67
382.33
392.58
389.65
383.79
377.93
375
382.33
395.51
392.58
396.97
391.12
377.93
369.14
380.86
382.33
379.39
380.86
386.72
385.25
373.54
383.79
82.032
-90.822
-272.46
-587.4
-793.92
-868.68
-692.88
-669.42
-792.48
-918.48
-984.36
-955.08
-922.86
-968.28
-1006.3
-1021
-966.78
-993.18
-1037.1
-1044.4
-1032.7
-1025.4
-1041.5
-1069.3
-1073.8
-1044.4
-1043
-1060.6
-1079.6
-729.48
-402.83
-147.95
-67.38
-1.4648
24.902
76.17
27.832
-17.578
2.9297
48.34
90.822
73.242
38.086
73.242
95.214
104
102.54
93.75
87.888
92.286
92.286
83.496
80.568
73.242
65.916
65.916
77.634
86.424
92.286
-41.015
-137.69
-169.92
-218.26
-292.97
-360.35
-417.48
-458.5
-473.14
-476.08
-480.47
-492.19
-493.65
-499.51
-498.05
-496.58
-496.58
-496.58
-508.3
-515.63
-509.77
-508.3
-499.51
-503.9
-511.23
-521.48
-514.16
-509.77
-512.69
-522.95
-550.78
-653.34
-745.62
-849.6
-908.22
-933.12
-924.3
-972.66
-1009.3
-1040
-1073.8
-1078.1
-1062
-1066.4
-1069.3
-1081.1
-1086.9
-1082.5
-1088.4
-1114.7
-1122.1
-1126.4
-1106
-1092.8
-1095.7
-1100.1
-1079.6
-1075.2
-1081.1
-1097.2
-776.34
-407.23
-143.56
80.568
262.21
281.25
153.81
136.23
306.15
399.9
372.07
209.47
259.28
369.14
426.27
418.94
420.41
440.92
449.71
445.31
437.99
429.2
437.99
437.99
448.24
436.52
426.27
420.41
426.27
426.27
234.38
5.8594
-32.227
-169.92
-244.63
-181.64
-202.15
-341.31
-350.1
-361.82
-405.76
-421.88
-416.02
-418.94
-421.88
-430.66
-440.92
-449.71
-457.03
-455.57
-458.5
-452.63
-457.03
-468.75
-476.08
-467.29
-449.71
-448.24
-427.73
-439.45
-437.99
-408.69
-396.97
-386.72
-364.75
-338.38
-331.06
-332.52
-336.91
-338.38
-320.8
-323.73
-332.52
-319.34
-313.48
-332.52
-344.24
-347.17
-348.63
-344.24
-348.63
-351.56
-344.24
-335.45
-336.91
-331.06
-322.27
-325.19
-335.45
-332.52
-320.8
-527.35
-622.56
-804.18
-878.88
-890.64
-953.64
-1038.6
-1088.4
-1100.1
-1098.7
-1104.5
-1144
-1151.3
-1151.3
-1152.8
-1166
-1182.1
-1161.6
-1152.8
-1167.5
-1180.7
-1174.8
-1174.8
-1179.2
-1195.3
-1199.7
-1188
-1170.4
-1168.9
-865.74
-353.03
-23.438
92.286
262.21
547.85
824.7
846.66
667.98
593.26
773.46
974.1
1086.9
1138.2
1108.9
802.74
758.76
915.54
1054.7
1132.3
1168.9
1193.8
1075.2
1022.5
1057.6
1122.1
1167.5
1193.8
1127.9
1098.7
1108.9
1104.5
1097.2
1064.9
1041.5
1044.4
1037.1
1025.4
1021
1031.3
1048.8
1053.2
1037.1
1022.5
1006.3
999
1010.8
1001.9
990.24
999
1015.1
1015.1
1004.9
1003.4
984.36
997.56
1000.5
984.36
994.62
1013.7
788.1
316.4
-10.254
-269.53
-559.57
-691.38
-615.24
-518.56
-600.6
-795.42
-881.82
-848.16
-662.1
-701.64
-783.72
-903.78
-950.7
-969.72
-962.4
-927.24
-908.22
-921.36
-940.44
-928.74
-938.94
-958.02
-979.98
-979.98
-971.22
-968.28
-840.84
-452.63
-271
-191.89
-35.156
-2.9297
-16.113
-41.015
-4.3945
38.086
39.551
36.621
55.664
61.524
45.41
33.691
35.156
43.945
38.086
29.297
26.367
36.621
36.621
29.297
27.832
33.691
35.156
35.156
35.156
36.621
-5.8594
-131.84
-150.88
-332.52
-401.37
-432.13
-522.95
-574.22
-590.33
-599.12
-632.82
-656.28
-667.98
-670.92
-675.3
-682.62
-681.18
-685.56
-675.3
-676.74
-672.36
-662.1
-654.78
-650.4
-657.72
-665.04
-659.16
-659.16
-672.36
-685.56
-546.38
-205.08
-43.945
67.38
89.358
58.594
114.26
155.27
187.5
200.68
221.19
238.77
256.35
260.74
265.13
259.28
257.81
254.88
257.81
253.42
262.21
251.95
251.95
246.1
235.84
234.38
237.31
240.23
237.31
244.63
165.53
-43.945
-29.297
-70.314
-224.12
-260.74
-295.9
-391.12
-435.06
-448.24
-449.71
-462.89
-462.89
-473.14
-496.58
-498.05
-492.19
-492.19
-493.65
-487.79
-487.79
-489.26
-473.14
-470.21
-464.36
-470.21
-473.14
-468.75
-459.96
-464.36
-353.03
-79.104
36.621
29.297
0
19.043
136.23
193.36
209.47
222.65
249.02
244.63
246.1
250.49
254.88
259.28
253.42
265.13
265.13
271
260.74
263.67
256.35
259.28
253.42
251.95
254.88
251.95
249.02
249.02
205.08
-38.086
-106.93
-232.91
-364.75
-328.13
-335.45
-459.96
-471.68
-495.12
-524.41
-527.35
-540.53
-540.53
-534.67
-541.99
-555.17
-571.29
-578.62
-583.01
-580.08
-571.29
-568.36
-563.96
-563.96
-555.17
-556.64
-559.57
-550.78
-547.85
-427.73
-51.269
104
271
394.04
561.04
635.76
527.35
591.8
670.92
741.24
678.24
701.64
764.64
813
804.18
802.74
807.12
808.62
814.44
830.58
833.52
830.58
829.08
827.64
842.28
843.78
832.02
827.64
820.32
747.06
443.85
254.88
210.94
98.142
71.778
77.634
49.805
11.719
-10.254
-21.973
-29.297
-30.762
-17.578
-16.113
-14.648
-14.648
-19.043
-14.648
-14.648
-20.508
-24.902
-24.902
-20.508
-19.043
-17.578
-13.184
-19.043
-14.648
-7.3242
11.719
193.36
379.39
547.85
807.12
848.16
708.96
842.28
936.06
993.18
943.38
968.28
1018.1
1050.3
1059.1
1069.3
1086.9
1095.7
1113.3
1094.2
1104.5
1092.8
1086.9
1089.8
1091.3
1100.1
1119.1
1119.1
1117.7
1113.3
1018.1
506.84
71.778
-243.16
-380.86
-606.42
-742.68
-669.42
-559.57
-651.84
-855.48
-978.54
-1003.4
-796.86
-744.12
-829.08
-963.84
-1029.8
-1067.9
-1078.1
-1057.6
-1009.3
-1038.6
-1063.5
-1084
-1067.9
-1076.6
-1086.9
-1086.9
-1079.6
-1001.9
-593.26
-263.67
-13.184
190.43
240.23
184.57
90.822
193.36
316.4
413.09
380.86
257.81
314.94
380.86
402.83
386.72
395.51
405.76
416.02
430.66
440.92
443.85
445.31
440.92
433.6
433.6
443.85
446.78
429.2
421.88
471.68
540.53
602.04
635.76
621.12
594.73
603.54
640.14
660.66
646.02
635.76
653.34
673.8
657.72
646.02
648.9
663.6
679.68
684.06
666.48
659.16
659.16
665.04
653.34
648.9
656.28
669.42
663.6
648.9
599.12
150.88
-98.142
-266.6
-446.78
-575.68
-826.2
-827.64
-616.68
-619.62
-780.78
-937.5
-1018.1
-1067.9
-1053.2
-893.58
-911.16
-994.62
-1048.8
-1081.1
-1054.7
-1031.3
-1051.7
-1085.5
-1084
-1050.3
-1066.4
-1089.8
-1098.7
-1073.8
-1073.8
-1045.9
-1004.9
-979.98
-947.76
-931.62
-914.04
-887.7
-867.18
-834.96
-824.7
-826.2
-824.7
-818.82
-815.94
-808.62
-798.36
-799.8
-798.36
-796.86
-776.34
-767.58
-769.02
-777.84
-777.84
-782.22
-792.48
-796.86
-792.48
-791.04
-793.92
-689.94
-610.86
-556.64
-517.09
-481.93
-439.45
-388.18
-353.03
-332.52
-331.06
-331.06
-314.94
-295.9
-294.43
-297.37
-292.97
-285.64
-278.32
-284.18
-287.11
-276.86
-271
-285.64
-298.83
-300.29
-288.58
-275.39
-275.39
-282.71
-273.92
-357.42
-530.27
-632.82
-723.66
-811.5
-820.32
-881.82
-947.76
-958.02
-972.66
-1000.5
-1022.5
-1043
-1048.8
-1040
-1045.9
-1063.5
-1081.1
-1073.8
-1051.7
-1053.2
-1064.9
-1081.1
-1067.9
-1045.9
-1054.7
-1079.6
-1089.8
-1063.5
-1040
-599.12
-221.19
-2.9297
125.98
249.02
495.12
651.84
720.72
515.63
279.79
292.97
496.58
660.66
741.24
776.34
795.42
707.52
634.26
651.84
726.54
769.02
783.72
708.96
694.32
735.36
770.52
763.2
755.88
739.74
744.12
758.76
750
733.86
748.56
761.7
748.56
747.06
758.76
761.7
767.58
755.88
751.44
757.32
752.94
745.62
736.8
748.56
755.88
742.68
752.94
752.94
728.04
733.86
751.44
761.7
748.56
730.98
728.04
752.94
750
323.73
2.9297
-272.46
-465.82
-574.22
-455.57
-410.15
-562.5
-687
-706.08
-610.86
-648.9
-728.04
-767.58
-741.24
-745.62
-771.96
-786.6
-789.54
-792.48
-795.42
-802.74
-801.24
-796.86
-811.5
-824.7
-824.7
-810.06
-810.06
-818.82
-840.84
-851.1
-876
-876
-877.44
-887.7
-905.28
-911.16
-883.32
-883.32
-897.96
-903.78
-896.46
-892.08
-889.14
-895.02
-908.22
-911.16
-915.54
-918.48
-905.28
-902.34
-900.9
-900.9
-884.76
-893.58
-902.34
-896.46
-921.36
-757.32
-531.74
-414.55
-335.45
-273.92
-256.35
-232.91
-184.57
-120.12
-86.424
-68.85
-46.875
-29.297
-14.648
-2.9297
0
0
0
0
0
0
0
0
0
0
0
0
0
0
0
0
1.4648
0
0
0
0
0
0
0
0
0
0
0
0
0
0
0
0
0
0
0
0
0
0
0
0
0
0
0
0
-23.438
-62.988
-108.4
-174.32
-181.64
-190.43
-206.54
-225.59
-240.23
-241.7
-243.16
-246.1
-240.23
-224.12
-235.84
-249.02
-249.02
-238.77
-235.84
-237.31
-253.42
-266.6
-260.74
-259.28
-269.53
-279.79
-279.79
-284.18
-281.25
-269.53
-260.74
-517.09
-644.52
-811.5
-963.84
-1048.8
-977.04
-1000.5
-1079.6
-1119.1
-1125
-1138.2
-1168.9
-1190.9
-1190.9
-1186.5
-1207
-1224.6
-1245.1
-1248.1
-1234.9
-1240.7
-1243.7
-1231.9
-1223.2
-1223.2
-1246.6
-1251
-1240.7
-1223.2
-1177.7
-1045.9
-950.7
-892.08
-865.74
-840.84
-829.08
-808.62
-788.1
-769.02
-742.68
-711.9
-679.68
-660.66
-648.9
-651.84
-650.4
-640.14
-634.26
-648.9
-663.6
-654.78
-644.52
-647.46
-653.34
-653.34
-656.28
-637.2
-624
-628.44
-621.12
-813
-896.46
-1003.4
-1089.8
-1094.2
-1123.6
-1151.3
-1189.4
-1182.1
-1185.1
-1220.2
-1239.2
-1245.1
-1249.5
-1253.9
-1271.5
-1249.5
-1248.1
-1259.8
-1273
-1281.7
-1265.6
-1265.6
-1267.1
-1261.3
-1251
-1262.7
-1275.9
-1287.6
-1220.2
-1047.4
-972.66
-895.02
-823.26
-771.96
-751.44
-745.62
-723.66
-691.38
-662.1
-632.82
-612.3
-596.19
-587.4
-581.54
-563.96
-558.11
-553.71
-537.6
-528.81
-552.25
-555.17
-547.85
-544.92
-559.57
-568.36
-577.15
-574.22
-574.22
-335.45
-20.508
240.23
347.17
473.14
575.68
590.33
380.86
372.07
492.19
604.98
646.02
618.18
600.6
616.68
647.46
672.36
667.98
660.66
653.34
654.78
657.72
657.72
660.66
665.04
663.6
665.04
662.1
651.84
651.84
436.52
71.778
-98.142
-243.16
-392.58
-407.23
-396.97
-367.67
-436.52
-549.32
-625.5
-659.16
-697.26
-710.46
-685.56
-713.4
-736.8
-752.94
-751.44
-741.24
-725.1
-739.74
-757.32
-751.44
-744.12
-770.52
-780.78
-771.96
-755.88
-761.7
-788.1
-881.82
-899.4
-965.34
-1021
-1050.3
-1079.6
-1091.3
-1091.3
-1107.4
-1132.3
-1147
-1123.6
-1103
-1132.3
-1154.3
-1161.6
-1152.8
-1154.3
-1167.5
-1163.1
-1139.6
-1141.1
-1147
-1161.6
-1164.5
-1148.5
-1145.5
-1155.8
-1157.2
-1133.8
-1081.1
-1062
-1048.8
-1038.6
-1022.5
-999
-991.68
-977.04
-952.14
-919.92
-925.8
-937.5
-947.76
-947.76
-927.24
-928.74
-938.94
-952.14
-936.06
-914.04
-915.54
-922.86
-937.5
-946.26
-937.5
-930.18
-944.82
-953.64
-937.5
-862.8
-640.14
-474.61
-372.07
-323.73
-310.55
-290.04
-271
-259.28
-229.98
-175.78
-156.74
-142.09
-130.37
-117.19
-120.12
-111.33
-104
-99.612
-105.47
-104
-90.822
-83.496
-76.17
-76.17
-76.17
-84.96
-87.888
-86.424
-77.634
-98.142
-240.23
-333.98
-511.23
-708.96
-796.86
-745.62
-728.04
-748.56
-783.72
-814.44
-853.98
-877.44
-870.12
-851.1
-865.74
-889.14
-903.78
-905.28
-889.14
-886.26
-896.46
-899.4
-908.22
-911.16
-899.4
-896.46
-897.96
-903.78
-905.28
-890.64
-962.4
-1032.7
-1098.7
-1141.1
-1132.3
-1125
-1152.8
-1185.1
-1186.5
-1161.6
-1170.4
-1190.9
-1207
-1208.5
-1207
-1208.5
-1207
-1199.7
-1199.7
-1188
-1205.6
-1214.3
-1212.9
-1214.3
-1215.8
-1207
-1189.4
-1193.8
-1214.3
-1101.5
-688.5
-404.3
-209.47
-80.568
-11.719
-10.254
-21.973
-32.227
23.438
42.481
8.7888
2.9297
30.762
57.129
58.594
45.41
38.086
41.015
36.621
23.438
29.297
27.832
29.297
27.832
35.156
33.691
32.227
36.621
43.945
26.367
-49.805
-41.015
-54.199
-93.75
-124.51
-140.63
-123.05
-114.26
-130.37
-145.02
-123.05
-128.9
-149.41
-150.88
-131.84
-121.58
-146.48
-146.48
-127.44
-121.58
-139.16
-140.63
-125.98
-128.9
-142.09
-140.63
-118.65
-133.3
-140.63
-115.72
-218.26
-210.94
-260.74
-325.19
-350.1
-380.86
-392.58
-407.23
-417.48
-430.66
-429.2
-421.88
-421.88
-423.34
-424.81
-420.41
-423.34
-423.34
-414.55
-424.81
-442.38
-439.45
-427.73
-420.41
-404.3
-407.23
-410.15
-424.81
-417.48
-313.48
39.551
295.9
432.13
552.25
750
940.44
1045.9
930.18
776.34
769.02
919.92
1050.3
1119.1
1147
1094.2
1021
1051.7
1104.5
1141.1
1125
1107.4
1126.4
1135.3
1158.7
1167.5
1179.2
1168.9
1145.5
1167.5
1098.7
673.8
333.98
42.481
-114.26
-215.33
-215.33
-118.65
-92.286
-212.4
-304.69
-345.7
-251.95
-284.18
-354.49
-358.88
-336.91
-366.21
-401.37
-386.72
-366.21
-379.39
-396.97
-383.79
-391.12
-401.37
-394.04
-386.72
-385.25
-392.58
-388.18
-347.17
-303.22
-294.43
-268.07
-222.65
-184.57
-168.46
-172.85
-178.71
-184.57
-181.64
-181.64
-184.57
-184.57
-186.04
-188.96
-193.36
-188.96
-187.5
-186.04
-180.17
-171.38
-164.06
-164.06
-168.46
-159.67
-162.6
-172.85
-165.53
-140.63
-210.94
-243.16
-256.35
-285.64
-307.62
-301.76
-313.48
-328.13
-341.31
-331.06
-328.13
-329.59
-329.59
-332.52
-322.27
-306.15
-314.94
-322.27
-326.66
-338.38
-341.31
-347.17
-351.56
-350.1
-348.63
-357.42
-354.49
-345.7
-338.38
-282.71
4.3945
159.67
202.15
410.15
512.69
426.27
376.46
514.16
578.62
584.47
569.83
580.08
599.12
631.32
637.2
632.82
622.56
628.44
635.76
628.44
618.18
632.82
653.34
659.16
651.84
632.82
632.82
641.58
641.58
616.68
279.79
98.142
-30.762
-121.58
-82.032
-38.086
-139.16
-213.87
-254.88
-269.53
-251.95
-257.81
-269.53
-268.07
-268.07
-265.13
-263.67
-259.28
-268.07
-284.18
-300.29
-295.9
-301.76
-303.22
-307.62
-301.76
-287.11
-291.5
-275.39
-272.46
-353.03
-420.41
-461.42
-578.62
-594.73
-625.5
-663.6
-679.68
-682.62
-684.06
-697.26
-713.4
-725.1
-736.8
-735.36
-735.36
-733.86
-717.78
-730.98
-739.74
-730.98
-713.4
-716.28
-725.1
-730.98
-719.22
-729.48
-739.74
-742.68
-732.42
-500.98
-307.62
-183.11
-143.56
-109.87
-74.706
-55.664
-33.691
-5.8594
0
0
0
1.4648
0
0
0
0
0
0
0
0
0
0
0
0
0
0
0
0
0
128.9
322.27
533.2
703.14
771.96
763.2
761.7
842.28
887.7
933.12
927.24
919.92
955.08
972.66
979.98
974.1
982.92
1010.8
1021
991.68
987.3
994.62
1000.5
991.68
994.62
997.56
1016.6
1023.9
