0
-0.3418
-2.0996
-3.1738
-4.9316
-7.1533
-7.2754
-7.6904
-9.375
-10.156
-10.718
-11.011
-11.06
-11.108
-11.377
-11.768
-11.768
-11.499
-11.719
-11.987
-11.938
-11.621
-11.743
-11.719
-11.914
-11.743
-11.646
-11.646
-11.865
-12.036
-12.061
-11.597
-9.3018
-7.9834
-7.3486
-6.7871
-6.2256
-5.9326
-5.4199
-4.6387
-3.9551
-3.9063
-3.833
-3.5889
-3.1738
-2.7588
-2.8564
-2.9053
-2.6611
-2.71
-2.6855
-2.6367
-2.6855
-2.832
-2.8564
-2.7588
-2.832
-3.0518
-3.0518
-3.1494
-3.1982
-3.1738
-2.6367
-2.2217
-2.0264
-1.4893
-0.90332
-0.39063
-0.19531
-0.048828
0
0
-0.024414
-0.048828
-0.048828
-0.024414
-0.097656
-0.1709
-0.14648
-0.12207
-0.097656
-0.12207
-0.073242
-0.12207
-0.048828
0
-0.024414
0
0
0
0
-0.24414
-1.9775
-3.54
-3.5645
-5.4688
-6.7383
-6.9824
-7.1533
-7.3975
-7.7148
-7.959
-7.959
-7.9102
-7.959
-8.1543
-7.9834
-7.7393
-7.8613
-7.9102
-7.9346
-7.8369
-7.9834
-8.1055
-8.0566
-8.0566
-8.1543
-8.1543
-8.2275
-8.0078
-7.8857
-7.0801
-1.709
0.80566
2.5635
2.002
3.1982
5.3711
6.3721
5.0293
5.0537
6.2256
6.8848
6.8359
6.7871
6.9092
6.9824
6.8848
6.9824
6.958
6.8604
6.6895
6.7627
6.9092
7.0068
7.0313
7.1533
7.2266
6.958
6.958
6.9824
6.2988
0.56152
-0.92773
-3.3936
-4.6875
-3.833
-4.7363
-6.25
-7.2266
-7.8857
-8.9355
-9.0576
-8.9844
-9.2529
-9.4482
-9.4971
-9.6191
-9.7412
-9.9609
-10.059
-10.034
-9.7656
-9.9365
-10.059
-10.132
-10.181
-10.132
-9.8633
-9.8389
-9.8145
-9.8145
-9.9854
-10.132
-10.327
-10.669
-10.84
-10.84
-10.669
-10.864
-11.035
-11.06
-10.913
-11.011
-11.133
-11.06
-10.767
-10.547
-10.693
-10.938
-10.913
-10.938
-11.011
-10.938
-10.889
-10.913
-10.742
-10.889
-11.157
-11.255
-11.084
-10.84
-11.426
-12.524
-13.135
-13.281
-13.599
-13.916
-13.818
-13.892
-14.38
-14.624
-14.404
-14.233
-14.38
-14.453
-14.453
-14.697
-14.844
-14.722
-14.453
-14.478
-14.673
-14.771
-14.771
-14.453
-14.355
-14.453
-14.771
-14.844
-14.6
-14.575
-15.82
-17.261
-18.359
-18.481
-19.067
-19.409
-19.971
-20.41
-20.166
-20.41
-20.776
-20.923
-20.825
-20.703
-21.021
-21.216
-21.24
-20.898
-21.118
-21.313
-20.996
-21.191
-21.313
-21.289
-21.143
-21.216
-21.313
-21.24
-21.191
-21.045
-16.699
-12.866
-9.9121
-8.0811
-7.5195
-7.1777
-6.4697
-5.6641
-5.3223
-5.3467
-4.9072
-4.2969
-3.6865
-3.3936
-3.2715
-2.9297
-2.7832
-2.6855
-2.417
-2.4414
-2.5146
-2.3926
-2.2461
-2.2705
-2.3193
-2.417
-2.3682
-2.3682
-2.3926
-2.0508
-1.2451
-0.61035
-0.61035
-0.3418
-0.024414
0
-0.024414
0
0
0
0
0
0
0
0
0
0
0
0
0
0
0
0
0
0
0
0
0
0
-0.097656
-2.6123
-5.3467
-8.4229
-11.499
-13.843
-12.573
-11.963
-13.232
-14.697
-15.356
-15.552
-15.601
-15.527
-15.576
-15.796
-16.26
-16.479
-16.089
-16.113
-16.504
-16.797
-16.724
-16.357
-16.431
-16.455
-16.577
-16.553
-16.479
-16.406
-16.431
-15.796
-14.917
-14.38
-13.892
-13.159
-12.964
-13.037
-12.646
-12.256
-11.963
-12.012
-11.743
-11.499
-11.694
-11.646
-11.401
-11.06
-11.084
-11.377
-11.475
-11.426
-11.279
-11.426
-11.279
-10.938
-10.791
-11.23
-11.523
-11.499
-11.304
-9.2773
-7.6416
-7.1289
-6.665
-6.25
-5.6396
-4.9561
-4.5166
-4.4434
-4.2969
-4.1016
-3.8574
-3.7354
-3.54
-3.54
-3.4912
-3.2715
-3.3936
-3.1738
-3.1982
-3.3936
-3.4668
-3.4424
-3.4424
-3.2715
-3.3203
-3.1494
-3.0029
-3.2715
-2.832
0.41504
4.1992
6.1035
7.1289
8.7402
10.547
10.596
9.3018
10.229
11.255
11.816
11.597
11.45
11.475
11.841
12.28
12.134
11.67
11.743
11.865
11.914
11.865
11.865
12.012
12.036
11.816
11.743
11.816
11.987
11.89
12.817
15.283
15.894
16.772
17.896
18.433
17.798
18.237
18.848
19.189
19.238
18.945
19.434
19.653
19.849
19.751
19.58
19.653
20.02
19.702
19.824
19.873
20.02
20.142
19.727
19.849
20.02
20.02
19.678
19.482
19.824
19.751
19.238
19.434
19.409
19.604
19.336
19.287
19.189
19.385
19.287
19.385
19.287
19.727
19.824
19.702
19.751
19.995
20.142
19.849
19.629
19.897
19.873
19.849
19.727
19.678
19.897
19.653
19.531
19.409
11.841
5.1758
0.073242
-4.3457
-6.2256
-6.0303
-5.2734
-8.252
-10.62
-11.523
-8.6914
-7.0801
-9.2529
-11.255
-12.524
-13.062
-12.793
-11.523
-11.719
-12.28
-12.524
-12.158
-12.646
-12.817
-12.964
-13.013
-13.208
-13.501
-13.452
-13.086
-5.9082
-0.80566
3.9795
8.2275
9.1797
10.278
13.452
16.187
15.039
10.913
12.183
15.527
17.163
18.213
15.454
14.673
16.528
18.018
18.506
18.164
18.164
18.652
19.214
18.97
18.872
19.019
19.409
19.482
19.385
18.97
14.917
10.4
7.6172
5.6885
3.8818
2.8076
2.7832
2.9785
2.5391
1.9775
1.709
1.6357
1.1963
0.46387
0.14648
0.39063
0.1709
0
0
0
0
0
0
0
0
0
0
0
0
0
1.1963
4.3457
7.9102
11.499
11.67
10.84
12.524
14.502
15.845
15.552
15.918
16.699
16.675
16.846
17.432
16.895
16.968
17.261
17.578
17.529
17.017
16.846
17.456
17.725
17.651
17.676
17.578
17.676
17.969
12.769
7.2998
3.1738
0.048828
-1.8799
-0.19531
0.024414
-0.39063
-1.8311
-2.6611
-2.0996
-2.6611
-2.9785
-3.2959
-3.4424
-3.418
-3.6621
-3.5156
-3.7109
-3.8574
-3.7109
-3.6621
-3.54
-3.5889
-3.7109
-3.7109
-3.8574
-3.8086
-3.8086
-3.9063
-3.3691
-2.9541
-2.7832
-2.4414
-2.1484
-1.709
-0.92773
-0.31738
-0.21973
-0.3418
-0.36621
-0.12207
-0.024414
-0.048828
-0.024414
-0.097656
-0.073242
-0.12207
-0.048828
-0.073242
-0.097656
-0.048828
-0.048828
0
-0.024414
0
0
0
-0.024414
0
-0.5127
-2.1729
-2.6123
-3.6621
-4.5898
-5.2734
-5.4688
-5.4688
-5.7617
-5.957
-5.8838
-5.7373
-5.4688
-5.542
-5.5664
-5.6885
-5.4932
-5.3467
-5.5176
-5.5664
-5.5176
-5.6396
-5.3223
-5.249
-5.3467
-5.542
-5.6152
-5.5664
-5.542
-5.5908
-5.3955
-5.7129
-5.957
-6.1279
-6.0791
-6.2256
-6.4941
-6.543
-6.2988
-6.2256
-6.1035
-6.0303
-5.8838
-5.8594
-5.8838
-6.0303
-6.0547
-5.8594
-5.8594
-5.957
-6.0547
-6.1035
-6.1279
-6.0547
-5.9326
-5.6152
-5.835
-6.1279
-6.1523
-6.3232
-6.1523
-5.6396
-5.2246
-4.9561
-4.5654
-3.833
-3.5889
-3.3447
-3.3691
-3.1006
-2.8076
-3.0762
-3.1006
-2.5391
-2.7832
-2.832
-2.417
-2.6367
-2.7344
-2.3438
-2.5635
-2.7832
-2.5879
-2.6611
-2.71
-2.6367
-2.8564
-2.9297
-2.9053
-2.9541
-0.12207
2.9541
3.9063
5.6641
7.251
8.2275
7.5928
8.3496
9.375
9.8389
9.8389
10.303
10.571
10.62
10.229
10.059
10.449
10.693
10.791
10.4
10.181
10.327
10.571
10.645
10.596
10.547
10.718
10.889
10.767
10.4
5.4688
-0.1709
-3.2227
-7.3486
-10.229
-12.524
-12.036
-10.889
-11.06
-13.794
-16.064
-16.895
-17.261
-15.259
-15.015
-16.309
-17.139
-17.554
-17.725
-17.114
-16.992
-17.432
-17.334
-17.017
-17.065
-17.456
-17.896
-18.14
-17.944
-17.773
-15.405
-10.059
-6.3477
-4.1748
-2.8564
-1.416
-0.56152
-1.2695
-1.4893
-0.80566
-0.1709
0
0
0
0
0
0
0
0
0
0
0
0
0
0
0
0
0
0
0
0.83008
3.1006
6.1035
8.4961
9.4971
9.2285
10.034
10.254
10.938
11.523
11.914
12.109
12.134
12.183
12.256
12.231
12.158
12.28
12.549
12.378
12.085
12.109
12.378
12.573
12.256
12.305
12.427
12.5
12.329
12.354
12.28
11.743
11.328
10.962
10.718
10.693
10.571
10.352
10.278
10.522
10.669
10.474
10.156
10.205
10.352
10.303
10.01
10.059
10.327
10.229
10.083
10.083
10.059
10.107
10.205
10.303
10.205
10.156
10.181
10.376
10.083
9.668
9.6436
9.79
9.9121
9.6924
9.4238
9.4971
9.5459
9.6191
9.8145
9.5703
9.6436
9.79
10.01
9.9365
9.6436
9.4238
9.4971
9.6924
9.668
9.6436
9.8145
9.6436
9.6191
9.6924
9.5703
9.6436
9.6924
9.8877
8.96
5.9326
4.5166
3.2959
2.6123
2.1484
1.3672
0.43945
0
0
0
0
0
0
0
0
0
0
0
0
0
0
0
0
0
0
0
0
0
0
0.63477
2.3438
3.4668
5.8594
7.6904
8.3008
8.5205
9.1064
9.6191
10.083
10.229
10.132
10.205
10.474
10.474
10.449
10.571
10.596
10.596
10.693
10.669
10.352
10.229
10.449
10.645
10.449
10.303
10.498
10.498
10.352
8.5693
4.541
2.6123
1.5137
-0.024414
-0.31738
-0.39063
-1.0986
-1.4648
-1.5869
-1.6602
-1.6357
-1.5137
-1.5625
-1.5137
-1.3184
-1.3428
-1.4404
-1.4648
-1.5137
-1.4893
-1.2695
-1.2939
-1.3916
-1.4648
-1.3916
-1.4648
-1.3428
-1.416
-1.5381
-1.5381
-1.3916
-1.8311
-1.8555
-2.124
-2.1729
-2.124
-2.2461
-2.4658
-2.3438
-2.1729
-2.2949
-2.3682
-2.2217
-2.1973
-2.3926
-2.3926
-2.1729
-2.1973
-2.4902
-2.4902
-2.3193
-2.2949
-2.417
-2.417
-2.2217
-2.2705
-2.2949
-2.2217
-2.0752
-1.1475
0.24414
0.097656
0.65918
2.4902
3.54
3.8086
3.9795
4.2725
4.5166
4.6387
4.6875
4.7363
4.6875
4.6631
4.4678
4.3701
4.4434
4.541
4.4434
4.4678
4.4922
4.6631
4.5654
4.6387
4.6875
4.9072
4.8584
4.7607
4.7119
4.126
1.123
0.90332
0.24414
-0.14648
-0.56152
-1.001
-1.3916
-1.3672
-1.2207
-1.2451
-1.1475
-1.2695
-1.2939
-1.2695
-1.3672
-1.3916
-1.3428
-1.2207
-1.1963
-1.1963
-1.2451
-1.2695
-1.3672
-1.2451
-1.1719
-1.1475
-1.0254
-1.0986
-1.1475
-1.5137
-4.5166
-6.6895
-9.668
-11.89
-12.402
-12.72
-13.574
-13.745
-14.258
-14.844
-15.234
-15.747
-16.04
-16.211
-16.064
-16.235
-16.406
-16.553
-16.504
-16.26
-16.187
-16.431
-16.602
-16.577
-16.528
-16.479
-16.528
-16.797
-16.675
-13.696
-5.9814
-1.0742
0.83008
3.3691
6.3232
4.7119
5.7617
8.8623
10.596
7.8125
6.7627
9.4727
11.108
11.743
9.7656
9.9365
11.182
11.938
12.158
12.256
12.134
12.183
12.476
12.549
12.5
12.891
13.037
12.573
12.085
12.061
14.16
16.26
17.383
18.042
18.457
18.604
19.141
19.165
19.409
19.385
19.556
19.897
19.897
20.02
20.337
20.483
20.459
20.361
20.532
20.605
20.288
20.459
20.435
20.483
20.41
20.557
20.728
20.557
20.532
18.115
9.8633
3.3203
-1.123
-4.6387
-9.0088
-11.841
-9.4482
-8.1543
-11.523
-14.502
-16.187
-16.846
-17.31
-16.113
-11.67
-11.548
-14.087
-15.991
-17.041
-17.554
-17.627
-17.578
-16.406
-15.625
-16.748
-17.505
-18.018
-17.969
-17.017
-14.941
-7.5195
-1.9775
0.29297
3.2227
6.3477
8.2031
5.0049
2.1484
3.3203
6.5918
8.5693
9.3506
9.8633
8.4961
6.958
8.1543
9.3018
9.8877
9.8389
8.7158
8.8623
9.5215
9.9854
10.034
9.8877
9.8389
9.3994
9.3018
9.5459
9.7656
8.7646
7.9102
7.8369
7.5928
7.1289
6.5674
6.2256
6.0791
5.7861
5.7129
5.5664
5.5664
5.6396
5.3467
5.5908
5.7617
5.542
5.6396
5.7373
5.7373
5.6396
5.3955
5.5176
5.542
5.6885
5.6396
5.4688
5.4688
5.542
5.5664
7.4951
10.205
12.427
13.062
13.257
13.94
14.819
15.137
15.356
15.674
15.503
15.894
16.382
16.26
15.991
16.113
16.382
16.797
16.87
16.431
16.284
16.602
16.797
16.968
16.65
16.357
16.675
16.968
16.846
14.819
6.0791
0.048828
-4.0039
-9.3018
-10.474
-11.816
-13.037
-14.795
-15.674
-13.428
-13.525
-14.087
-15.21
-15.43
-16.089
-17.139
-18.066
-18.14
-18.164
-18.555
-19.043
-19.312
-19.385
-19.385
-19.629
-19.775
-19.8
-19.531
-19.604
-19.8
-18.945
-18.14
-17.651
-17.285
-17.065
-16.943
-16.357
-16.016
-16.04
-15.796
-15.527
-15.308
-15.234
-15.332
-15.601
-15.552
-15.308
-15.088
-14.99
-15.063
-15.015
-14.941
-14.624
-14.673
-15.015
-15.186
-15.234
-15.161
-15.088
-14.771
-10.62
-7.373
-5.4932
-4.9561
-4.0039
-2.7588
-2.0264
-1.7578
-1.2695
-0.75684
-0.46387
-0.097656
0
0
0
0
0
0
0
0
0
0
0
0
0
0
0
0
0
0.024414
0.92773
0.48828
0.95215
1.6602
1.8555
2.2461
2.3926
2.3193
2.3438
2.5146
2.5635
2.5635
2.5146
2.6855
2.7588
2.4414
2.5391
2.832
2.8076
2.5635
2.4902
2.5879
2.4658
2.4658
2.5879
2.417
2.2705
2.4414
2.6611
2.4658
3.1006
4.5654
5.3467
5.7373
6.0547
6.4697
6.7383
6.9092
6.9824
7.0801
6.9824
6.7383
6.543
6.7383
6.9092
6.958
6.8115
6.8359
7.0313
7.1533
6.958
6.8604
6.8359
6.8604
6.8848
6.958
6.8848
6.8115
6.8604
6.7383
8.667
11.792
14.502
15.747
16.626
17.065
17.92
18.213
18.457
19.043
19.092
19.141
19.312
19.434
19.849
19.946
19.653
19.873
20.239
20.508
20.386
20.166
20.41
20.605
20.605
20.41
20.532
20.728
20.337
20.093
14.429
9.4727
6.3232
3.5645
1.9043
2.0508
2.2705
1.7822
0.90332
0.46387
0.26855
0.048828
-0.048828
-0.024414
0
0
0
0
0
0
0
0
0
0
0
0
0
0
0
0
0
0
0
0
0
0
0
0
0
0
0
0
0
0
0
0
0
0
0
0
0
0
0
0
0
0
0
0
0
-0.097656
-2.8564
-6.0303
-10.986
-14.99
-17.31
-15.43
-14.795
-16.846
-18.921
-19.214
-18.14
-18.994
-19.995
-20.166
-20.41
-20.776
-21.216
-21.509
-21.265
-21.338
-21.533
-21.338
-21.289
-21.533
-21.802
-21.777
-21.484
-21.68
-21.729
-20.923
-12.695
-5.9814
-0.75684
3.3447
3.6865
4.9805
6.543
9.1797
10.034
6.6162
4.1504
7.0557
9.5703
10.791
11.523
9.6436
7.959
8.9355
10.547
11.328
11.572
10.522
10.767
11.108
11.304
11.279
11.157
11.328
11.499
11.182
5.3467
1.2451
-1.0742
-1.5137
-3.7354
-4.0527
-2.2705
-3.2715
-4.8584
-4.9561
-4.8096
-5.6396
-6.3232
-6.5674
-6.3965
-6.5186
-6.7627
-6.5918
-6.4697
-6.5918
-6.7871
-6.6406
-6.7139
-6.9092
-6.7139
-6.6162
-6.5186
-6.4941
-6.4941
-6.2988
-1.9287
0.95215
2.5635
4.2236
5.2734
3.5889
3.7842
5.1758
5.4443
5.3711
5.9326
6.3721
6.5186
6.6406
6.543
6.4941
6.4941
6.4209
6.5674
6.4209
6.3477
6.3965
6.5186
6.665
6.7383
6.7139
6.543
6.3232
6.4941
6.3965
1.9043
-1.4648
-1.5869
-5.127
-7.0557
-7.2998
-5.957
-7.2266
-8.8135
-9.375
-8.7402
-9.4238
-10.034
-10.156
-9.9121
-10.034
-10.474
-10.474
-10.132
-10.107
-10.181
-10.059
-10.181
-10.303
-10.278
-10.327
-10.376
-10.327
-10.205
-10.059
-4.8584
-0.80566
1.001
2.5146
3.9551
3.6133
3.1982
3.7842
5.6152
5.957
6.3232
6.7627
6.8115
6.9092
6.8848
6.9824
7.0313
6.8848
6.9336
6.9824
7.0557
6.9336
6.7139
6.7139
6.8604
7.1045
7.1289
6.8115
6.9336
6.9824
6.7383
6.3965
6.1035
6.1279
5.8594
5.6152
5.5176
5.4688
5.4932
5.6152
5.6152
5.835
5.8105
5.6641
5.6641
5.6641
5.5908
5.4688
5.5176
5.6396
5.3467
5.3955
5.5176
5.7129
5.8105
5.6396
5.7373
5.8594
5.8594
5.9082
5.835
5.8838
5.8105
5.7617
5.6885
5.7617
5.9814
6.2744
6.2744
6.1768
6.2256
6.2744
6.25
6.25
6.2012
5.9326
6.0547
5.8838
5.5908
5.7861
5.957
6.2012
6.0547
5.9814
6.1035
6.2744
6.1035
5.957
5.8594
5.8594
5.5176
4.9316
4.8584
4.8584
4.7119
4.3945
4.2969
4.2236
4.3457
4.2969
4.5166
4.3457
4.4922
4.3457
4.4189
4.1748
4.2725
4.3213
4.2236
4.126
4.1504
4.248
4.1504
4.2236
4.126
4.1992
4.2725
4.2969
4.1504
4.126
4.0283
3.8086
3.7354
3.4668
3.2471
3.1982
3.3203
3.3203
3.3936
3.4912
3.4424
3.3203
3.2959
3.3203
3.3203
3.3203
3.2227
3.2715
3.2471
3.2715
3.3936
3.5156
3.5156
3.54
3.5645
3.6133
3.5156
3.3936
3.4424
-0.024414
-3.1982
-6.25
-10.693
-13.306
-14.868
-13.843
-13.77
-15.137
-17.505
-18.042
-17.017
-17.676
-18.774
-19.287
-19.238
-19.287
-19.849
-19.922
-19.751
-19.897
-20.093
-20.337
-20.264
-20.044
-20.239
-20.435
-20.679
-20.386
-20.093
-17.896
-14.038
-10.938
-8.96
-7.8369
-7.1533
-6.8848
-6.4941
-6.2744
-5.9814
-5.7129
-5.1025
-4.4678
-4.1504
-3.9307
-3.8818
-3.833
-3.2959
-3.2959
-3.2959
-3.0273
-3.2227
-3.3691
-3.1982
-3.54
-3.2959
-3.1738
-3.4668
-3.2959
-3.1982
-0.43945
3.2715
5.7617
8.2764
9.5703
11.182
12.793
11.865
11.499
12.354
13.647
14.209
14.307
14.478
14.819
14.722
14.697
15.015
15.381
15.283
15.137
15.234
15.015
14.941
15.088
15.161
15.112
15.088
15.405
15.576
12.891
8.6182
6.1523
4.0039
2.1484
1.7822
1.8066
0.95215
0.36621
0.36621
0.19531
0
-0.024414
0
0
-0.048828
0
0
0
0
0
0
0
0
0
0
0
0
0
0
1.0254
3.9551
5.2002
9.1797
11.328
10.913
11.377
13.037
13.989
13.965
14.233
14.453
14.697
14.746
14.844
15.015
14.99
14.99
15.161
15.186
15.234
15.479
15.503
15.405
15.186
15.259
15.088
15.161
15.381
15.381
11.011
4.7119
0.26855
-2.6123
-0.73242
-1.123
-2.3438
-2.1484
-3.3447
-2.5879
-4.0039
-4.6387
-5.3955
-5.7617
-5.7129
-5.6641
-5.835
-5.8838
-5.8838
-6.0791
-6.1279
-6.2012
-6.2988
-6.1279
-6.1035
-6.2256
-6.3477
-6.3721
-6.2744
-6.1768
-6.2256
-8.8135
-10.864
-12.744
-14.063
-14.746
-15.039
-16.064
-16.748
-16.919
-17.31
-17.285
-17.041
-17.407
-17.676
-17.847
-17.896
-17.847
-17.7
-17.993
-18.115
-17.847
-17.603
-17.749
-17.993
-18.091
-17.798
-17.798
-17.944
-18.091
-13.672
-7.7148
-2.6611
-0.14648
1.1963
0.19531
0.12207
1.7822
0.95215
0.68359
1.9043
3.0518
3.2959
3.1494
3.5156
3.7598
3.8818
3.9063
3.6865
3.833
3.8818
3.8818
4.0283
3.9307
3.7598
3.833
3.9063
3.9307
3.7842
3.6377
3.6377
6.1523
7.373
8.5449
9.5215
9.9365
10.059
10.449
10.864
11.206
10.938
10.254
10.449
10.962
11.157
10.986
10.718
10.791
11.011
11.035
10.962
11.06
11.328
11.475
11.108
10.718
10.522
10.693
10.913
10.913
10.791
10.425
10.547
10.498
10.181
10.083
10.278
10.522
10.498
10.352
10.229
10.181
9.9365
9.7412
9.79
10.01
10.303
10.352
10.181
10.01
9.9609
10.181
10.352
10.449
10.498
10.62
10.254
10.034
9.9609
9.9609
9.7412
9.0576
8.8379
8.4473
7.4707
6.5674
6.3232
6.25
6.25
6.1279
6.1523
6.0791
6.1035
6.1768
6.2988
6.2744
6.1279
6.0059
5.957
6.0059
5.7861
5.7373
5.8594
5.7373
5.542
5.9326
6.1523
6.1035
6.2012
6.0791
3.2715
-1.3184
-3.4668
-5.9082
-8.3984
-8.6426
-6.5674
-7.5684
-9.6924
-10.449
-9.375
-9.8877
-10.669
-10.327
-10.254
-10.84
-11.06
-11.157
-11.133
-11.255
-11.45
-11.401
-11.157
-11.108
-11.157
-11.328
-11.401
-11.548
-11.523
-11.45
-8.9844
-3.833
-1.4404
-0.048828
0.48828
0.95215
1.7578
1.8555
1.4648
1.5137
1.8555
2.1973
2.1729
2.0508
2.0508
2.2705
2.3682
2.1729
2.124
2.2217
2.2217
2.1973
2.0996
2.0508
2.0752
2.0996
2.002
1.9531
2.0752
2.1729
0.53711
-2.6855
-4.1504
-7.5684
-11.328
-12.793
-10.645
-10.718
-12.354
-13.403
-13.574
-13.721
-13.843
-13.989
-14.233
-14.624
-15.039
-14.99
-14.966
-15.063
-15.112
-15.186
-15.259
-15.063
-14.795
-14.893
-15.063
-15.088
-15.137
-15.21
-11.987
-4.5166
-0.3418
2.3438
3.1982
4.9805
7.4219
6.3477
4.834
6.6162
9.3018
10.742
10.547
9.7168
10.181
10.962
11.011
10.913
11.011
11.206
11.426
11.401
11.304
11.548
11.523
11.548
11.621
11.67
11.743
11.548
10.815
8.8623
8.0811
7.8857
7.959
7.4951
6.8604
6.2256
5.7129
5.4443
5.2002
4.7607
4.5654
4.4922
4.4678
4.4434
4.5654
4.6875
4.7607
4.7363
4.7607
4.834
4.8096
4.8096
4.8828
4.7852
4.8584
4.834
4.7363
4.4189
3.5156
1.4648
0.85449
0.48828
-0.024414
-0.21973
-0.41504
-0.61035
-0.5127
-0.19531
-0.19531
-0.14648
-0.14648
-0.24414
-0.12207
-0.14648
-0.12207
-0.048828
-0.073242
-0.12207
-0.097656
-0.073242
-0.048828
-0.12207
-0.097656
-0.097656
-0.073242
-0.073242
-0.073242
-0.024414
0.83008
3.8086
6.3232
8.1787
11.108
11.279
12.231
12.671
12.988
13.77
14.575
14.966
14.941
14.575
14.453
14.575
14.771
14.868
14.917
14.917
15.259
15.454
15.601
15.771
15.552
15.161
15.088
15.039
15.234
15.503
13.599
6.9336
2.3438
0.43945
-0.24414
-0.39063
-1.4893
-1.6846
-0.85449
-0.87891
-1.6357
-1.3184
-1.3672
-1.9287
-2.3926
-2.9297
-2.9297
-2.7588
-2.8076
-2.832
-2.5635
-2.3193
-2.5391
-2.6367
-2.4658
-2.3926
-2.5879
-2.6611
-2.5391
-2.4902
-2.4658
-5.2002
-7.1289
-9.9854
-12.744
-12.231
-11.646
-13.281
-14.136
-14.722
-15.21
-15.454
-15.698
-15.942
-15.82
-15.527
-15.723
-15.869
-15.942
-15.82
-15.796
-15.82
-16.016
-16.382
-16.211
-15.698
-15.747
-15.991
-16.138
-16.162
-14.624
-8.0322
-4.126
-2.0508
-0.75684
-0.46387
-0.5127
-0.1709
0.21973
0.39063
0.43945
0.26855
0.5127
0.61035
0.46387
0.39063
0.5127
0.39063
0.29297
0.48828
0.26855
0.073242
0.024414
0.073242
0.048828
0.048828
0.048828
0.024414
0
0.024414
0.41504
3.4424
5.2246
7.7881
10.278
11.914
12.646
12.158
11.865
12.451
12.842
12.891
13.306
13.818
13.599
13.623
13.916
14.014
13.818
13.94
13.647
13.525
13.477
13.525
13.794
13.818
13.794
14.014
14.16
14.111
13.672
9.7168
7.0313
5.6396
4.8828
3.9307
3.2471
2.5635
1.8066
0.90332
0.48828
0.29297
0.073242
0.024414
0
0
0
0
0
0
0
0
0
0
0
0
0
0
0
0
0.21973
2.4414
5.9326
8.0322
10.938
11.621
11.328
12.402
13.77
14.233
14.478
14.99
15.21
15.039
14.771
14.99
15.356
15.747
15.723
15.405
15.601
15.894
15.942
15.845
15.552
15.332
15.479
15.698
15.747
15.698
14.453
7.5928
1.6602
-0.3418
-0.21973
-1.5625
-3.833
-5.7617
-3.833
-2.2949
-4.5898
-6.3965
-7.2998
-7.5195
-7.2754
-6.958
-7.2021
-6.7139
-6.3477
-6.543
-7.3242
-7.5928
-7.2754
-7.3975
-7.4463
-7.4463
-7.3242
-7.373
-7.4707
-7.5928
-6.25
-0.39063
4.3701
7.251
9.375
12.891
14.795
11.328
8.7646
11.279
13.989
15.552
16.162
14.771
13.94
13.989
15.234
16.113
16.675
15.405
15.21
15.796
16.357
16.895
16.919
16.504
16.699
16.846
16.675
16.431
15.552
9.375
5.0049
2.2217
0.073242
-0.36621
-0.3418
-0.41504
-0.65918
-1.3184
-1.9531
-2.4414
-3.2471
-3.3447
-3.4424
-3.1494
-2.9785
-3.3203
-3.125
-3.0762
-3.4912
-3.1006
-3.1982
-3.4668
-3.125
-3.1982
-3.3936
-3.1982
-3.3691
-3.3203
-3.3203
-3.0762
-2.7832
-2.5635
-2.3926
-2.1484
-2.0996
-2.0264
-2.002
-2.0264
-1.9531
-1.9287
-1.8311
-1.7822
-1.9287
-1.8311
-1.7822
-1.8799
-1.9043
-1.6846
-1.8311
-1.8799
-2.0508
-2.0752
-2.1484
-2.0264
-2.002
-2.0996
-2.0264
-2.0752
-1.8311
-4.3701
-5.7373
-6.7383
-9.1064
-9.7168
-9.6191
-10.571
-11.206
-11.157
-11.377
-11.768
-11.987
-11.914
-11.963
-12.061
-12.256
-12.231
-12.158
-12.354
-12.378
-12.158
-11.865
-11.865
-12.109
-12.402
-12.134
-12.036
-12.256
-12.378
-11.328
-4.2236
-0.46387
0.29297
2.4902
6.8115
8.6182
6.543
7.9346
10.547
11.987
11.646
10.938
11.304
11.816
11.987
11.865
12.305
12.695
12.744
12.598
12.793
12.964
13.013
13.013
13.062
12.793
12.573
12.842
13.135
12.183
4.7363
0.97656
-2.1729
-5.9326
-6.4697
-5.8594
-4.9072
-7.8369
-8.374
-6.4697
-7.666
-9.1309
-8.667
-9.6191
-10.254
-10.425
-10.474
-10.718
-10.742
-10.84
-10.864
-10.913
-11.133
-10.938
-10.376
-10.229
-10.522
-10.815
-10.815
-10.181
-4.5166
-0.85449
1.0986
2.3682
2.1973
1.4893
1.7334
2.6123
3.2715
3.4668
3.5889
3.833
3.9307
3.7354
3.7109
3.8574
3.5889
3.8086
3.5645
3.5156
3.6621
3.5645
3.6133
3.5889
3.4668
3.54
3.5156
3.7354
3.833
3.4668
5.0049
6.9824
8.7158
9.4238
10.181
10.571
11.328
11.792
12.183
12.5
12.402
12.305
12.476
12.72
12.695
12.695
12.866
12.817
12.769
12.695
12.939
13.037
12.915
12.72
12.72
12.964
12.915
12.671
12.573
12.817
11.426
9.5703
8.7158
8.1299
7.7393
7.3975
6.8115
6.4209
6.0791
5.957
5.6396
5.249
5.249
5.249
4.9316
4.9072
4.9561
5.0049
4.8584
4.8584
5.0049
5.249
5.249
5.2734
5.3955
5.3711
5.3223
5.1514
5.1758
4.7607
-0.24414
-3.7109
-8.0811
-13.379
-16.406
-14.819
-12.476
-13.892
-16.968
-18.262
-17.505
-17.09
-18.188
-19.287
-19.727
-19.214
-18.97
-19.531
-19.922
-19.653
-19.873
-20.361
-20.679
-20.581
-20.508
-20.728
-20.728
-20.557
-20.557
-20.679
-16.016
-10.376
-6.0303
-3.9307
-3.1494
-2.3438
-1.3184
-0.58594
-0.58594
-1.1963
-0.95215
-0.48828
-0.29297
-0.31738
-0.19531
-0.024414
0.048828
0.024414
0.024414
0
0
0
0
0
0
0
0
0
0
0
0.80566
2.124
3.3447
5.0293
5.6641
6.4209
7.0068
7.4219
7.6416
7.7881
7.8613
8.0322
7.9102
8.0811
8.0078
7.9346
7.9102
7.959
8.1299
8.2275
8.1543
7.8857
7.8613
7.8613
7.666
7.4707
7.7148
7.959
8.0566
7.8125
4.0527
1.2695
-0.41504
-0.92773
-1.0498
-1.123
-2.2705
-2.71
-2.9053
-2.9297
-3.0273
-2.9785
-2.8809
-3.0029
-2.7832
-2.6611
-3.0029
-3.125
-2.9297
-2.8564
-2.8564
-2.7832
-2.9053
-2.9053
-2.8809
-2.832
-2.71
-2.7832
-2.7344
-2.71
-2.5635
-2.0752
-1.7578
-1.416
-1.2207
-1.0742
-0.78125
-0.63477
-0.53711
-0.53711
-0.41504
-0.39063
-0.31738
-0.29297
-0.3418
-0.39063
-0.26855
-0.29297
-0.36621
-0.29297
-0.39063
-0.43945
-0.41504
-0.3418
-0.3418
-0.14648
-0.073242
-0.14648
-0.14648
-0.1709
-2.2949
-5.127
-10.083
-14.429
-16.943
-15.82
-15.625
-17.31
-18.677
-18.335
-19.385
-20.093
-20.337
-20.654
-21.021
-21.045
-20.898
-21.045
-21.411
-21.289
-21.191
-21.558
-21.582
-21.46
-21.094
-21.313
-21.191
-20.898
-20.947
-17.236
-10.718
-6.2988
-3.9551
-3.125
-1.9287
-1.1719
-1.0254
-1.2939
-1.0498
-0.53711
-0.19531
-0.073242
0.024414
0
0.024414
0.048828
0
0
0
0
0
0
0
0
0
0
0
0
0
1.6602
5.5664
10.181
13.428
14.233
14.087
14.844
15.869
16.553
17.065
17.358
17.627
18.262
18.53
18.628
18.604
18.75
19.238
19.214
19.019
19.043
19.238
19.58
19.482
19.458
19.531
19.482
19.58
19.434
19.312
17.114
12.842
10.278
8.3008
6.8115
5.7129
5.4932
5.5908
4.7119
4.3945
4.1016
3.7109
2.9785
2.6611
2.4658
2.417
2.2949
2.0508
1.9775
2.0264
2.002
1.7334
1.6357
1.9043
1.9287
1.5625
1.3672
1.5137
1.7578
1.7822
2.417
4.4678
6.3232
8.4961
9.2285
9.4971
10.278
11.304
11.89
11.938
11.816
11.816
12.183
12.354
12.28
12.256
12.329
12.231
12.134
12.402
12.573
12.817
12.524
12.451
12.622
12.671
12.329
12.427
12.646
12.598
8.4961
2.8076
-0.41504
-3.8086
-5.1514
-2.3926
-2.2949
-2.6367
-4.9072
-6.0303
-5.4443
-6.3477
-6.7627
-6.2012
-6.8115
-7.2998
-7.5439
-7.3975
-7.3486
-7.2754
-7.4707
-7.6416
-7.7881
-7.8125
-7.8857
-7.8369
-7.7393
-7.7637
-7.6416
-7.5439
-7.4219
-8.252
-8.3984
-9.0576
-9.4971
-9.7412
-9.9121
-9.8633
-9.9609
-10.107
-10.278
-10.376
-10.425
-10.327
-10.474
-10.62
-10.596
-10.327
-10.107
-10.376
-10.645
-10.425
-10.229
-10.205
-10.352
-10.474
-10.498
-10.376
-10.4
-10.571
-10.059
-8.5938
-7.9102
-7.5439
-7.2266
-6.6406
-6.2256
-5.957
-5.6152
-4.8584
-4.4922
-4.6143
-4.6631
-4.7852
-4.7852
-4.6631
-4.6143
-4.6875
-4.6875
-4.4678
-4.4189
-4.6143
-4.8828
-4.834
-4.8584
-4.8584
-4.9805
-5.127
-5.1514
-5.0537
-4.8828
-8.1787
-10.352
-14.233
-16.455
-16.26
-15.991
-17.383
-18.311
-18.921
-19.189
-19.189
-19.287
-19.702
-19.995
-20.068
-20.19
-20.337
-20.508
-20.801
-20.557
-20.459
-20.63
-20.605
-20.508
-20.605
-20.898
-20.85
-20.508
-20.532
-17.139
-10.767
-6.1035
-2.1729
-0.53711
0.53711
1.2939
1.001
-0.29297
0.073242
1.001
1.7578
2.0996
1.416
1.5137
1.9287
2.1729
2.002
1.8799
1.9531
2.1484
2.0508
1.9043
1.9531
2.0264
2.0264
1.9287
2.0752
2.124
1.9287
0.65918
-1.8311
-1.6357
-3.0029
-4.4189
-5.8105
-7.0313
-7.4707
-7.7148
-7.7881
-8.0566
-8.3496
-8.6182
-8.6182
-8.5205
-8.5693
-8.5205
-8.374
-8.5693
-8.5938
-8.3984
-8.3008
-8.3008
-8.3984
-8.4229
-8.5449
-8.2275
-7.9346
-8.0322
-8.2031
-8.1055
-10.767
-12.744
-14.771
-15.552
-15.039
-15.601
-16.333
-16.968
-17.261
-17.432
-17.578
-17.969
-18.359
-18.262
-18.164
-18.164
-18.262
-18.408
-18.164
-17.969
-18.213
-18.506
-18.604
-18.14
-18.042
-18.335
-18.408
-18.066
-18.115
-16.968
-11.011
-6.6895
-4.6143
-2.8564
-1.6357
-0.95215
-1.2695
-1.2939
-0.80566
-0.36621
-0.14648
-0.1709
-0.024414
0
0.12207
0.073242
0
0
0
0
0
0
0
0
0
0
0
0
0
0.31738
2.2217
2.8809
4.6631
5.6641
6.3965
6.8604
7.251
7.4463
7.7148
7.7881
7.6904
7.6904
7.7637
7.959
8.1055
7.9834
7.8369
7.9102
7.8369
7.7881
7.5928
7.7148
7.9346
8.0566
7.8125
7.7881
7.8857
8.1543
8.1055
7.8369
9.1064
10.083
11.011
11.597
11.768
11.89
11.914
12.158
12.402
12.573
12.866
13.013
13.11
12.817
13.086
13.232
12.964
12.842
12.964
12.891
12.671
12.744
12.891
13.11
13.11
12.988
12.988
12.939
12.769
11.499
6.7871
3.7598
2.4414
0.48828
-0.26855
0.048828
-0.048828
-0.43945
-0.5127
-0.58594
-1.1963
-1.6846
-1.416
-1.0254
-0.83008
-0.87891
-0.92773
-0.95215
-0.92773
-1.001
-0.90332
-0.87891
-0.87891
-0.80566
-0.95215
-0.90332
-0.83008
-0.87891
-0.73242
-0.14648
3.6133
7.4707
11.328
13.623
13.892
16.357
18.066
17.603
16.089
16.772
18.457
19.702
19.312
18.579
19.043
19.971
20.435
20.239
20.093
20.239
20.435
20.532
20.361
20.508
20.947
21.216
21.265
20.874
21.021
19.263
12.256
7.666
3.7842
2.2705
0.75684
0.073242
0.31738
0.097656
-1.001
-1.3916
-0.31738
-0.36621
-0.97656
-1.2207
-1.3916
-1.6357
-1.5625
-1.2939
-1.2939
-1.3916
-1.5137
-1.3916
-1.2939
-1.2207
-1.2939
-1.1719
-1.1963
-1.2207
-1.3428
-1.6113
-2.6611
-4.2236
-4.2725
-5.2734
-6.4209
-7.3975
-7.666
-7.6904
-8.0322
-8.1543
-8.2275
-8.252
-8.4229
-8.3984
-8.2764
-8.4717
-8.6426
-8.8379
-8.7158
-8.252
-8.252
-8.1787
-8.2764
-8.4229
-8.5938
-8.5938
-8.252
-8.2275
-8.3496
-8.5449
-7.6416
-7.0801
-6.7383
-6.2744
-5.8838
-5.6641
-5.4932
-5.2734
-4.834
-4.7363
-4.7119
-4.7852
-4.6631
-4.541
-4.4922
-4.4922
-4.5166
-4.6631
-4.6387
-4.5898
-4.4922
-4.3213
-4.4678
-4.5898
-4.541
-4.6631
-4.7363
-4.6387
-4.7119
-4.7119
-4.0771
-3.6621
-3.3203
-2.8809
-2.4414
-2.2705
-2.002
-1.709
-1.6357
-1.8311
-1.8799
-1.9043
-2.0264
-2.002
-1.9775
-1.9287
-1.9775
-2.124
-2.2217
-2.2217
-2.2461
-2.2949
-2.3438
-2.124
-2.0996
-2.0996
-2.1973
-2.1973
-2.0752
-1.9531
-1.0742
-0.48828
-0.19531
0
0.21973
0.31738
0.12207
0
-0.024414
0
0
0
0
0
0
0
0
0
0
0
0
0
0
0
0
0
0
0
0
-0.12207
-2.9785
-5.9326
-10.693
-15.039
-17.236
-16.602
-14.868
-16.064
-18.188
-19.141
-18.896
-19.165
-19.312
-19.043
-19.312
-19.58
-19.8
-20.02
-20.19
-20.581
-20.654
-20.435
-20.313
-20.483
-20.679
-20.581
-20.728
-20.947
-20.947
-20.679
-17.993
-15.869
-14.819
-13.672
-12.842
-12.183
-11.67
-11.157
-10.962
-10.742
-10.4
-9.8633
-9.082
-8.7646
-8.667
-8.667
-8.4717
-8.3496
-8.2275
-8.1543
-8.2275
-8.3008
-8.4717
-8.3496
-8.1787
-8.3984
-8.5938
-8.667
-8.667
-8.5205
-6.3965
-4.6143
-4.0283
-3.5645
-2.9297
-2.5146
-2.0752
-1.1963
-0.83008
-0.87891
-0.58594
-0.19531
-0.097656
-0.048828
-0.073242
-0.097656
0
0
0
0
0
0
0
0
0
0
0
0
0
0
0.48828
0.36621
0.31738
0.41504
0.61035
0.63477
0.58594
0.5127
0.56152
0.56152
0.41504
0.36621
0.36621
0.41504
0.29297
0.39063
0.3418
0.36621
0.41504
0.41504
0.53711
0.61035
0.63477
0.65918
0.68359
0.78125
0.90332
0.75684
0.63477
0.68359
2.002
3.6621
4.2725
5.5176
6.2744
6.7383
7.1533
7.7637
7.8125
7.6172
7.4219
7.5195
7.8125
7.959
7.8125
7.7637
7.8613
8.0078
7.8857
7.7637
7.7881
7.9834
7.8369
7.7637
7.7881
7.8369
7.9102
8.1299
8.2031
7.8857
8.5938
11.06
12.598
13.574
14.6
15.381
15.332
15.747
16.675
16.943
16.724
16.943
17.041
17.188
17.48
17.407
17.236
17.456
17.725
17.798
17.725
17.261
17.212
17.578
17.7
17.627
17.48
17.432
17.773
17.993
15.308
12.28
10.645
9.3262
8.4961
8.1055
7.8369
7.3975
6.9336
6.0791
5.3467
5.0781
4.8828
4.8096
4.6387
4.6875
4.7607
4.6387
4.4434
4.6143
4.6875
4.6875
4.9072
5.0049
5.127
5.0537
5.127
4.8828
4.9072
4.6387
2.8809
1.3428
0.68359
0.073242
-0.21973
-0.36621
-0.14648
-0.26855
-0.39063
-0.29297
-0.048828
-0.024414
-0.024414
0
-0.024414
-0.024414
-0.048828
-0.024414
-0.024414
0
-0.024414
0
0
-0.024414
0
0
0
0
-0.024414
0
2.5146
4.4678
6.8359
10.132
12.5
13.892
12.939
12.939
14.111
15.283
15.796
15.82
15.649
15.674
16.235
16.382
16.455
16.528
16.187
16.187
16.431
16.577
16.528
16.675
16.553
16.284
16.553
16.724
16.528
13.379
9.5215
7.5684
5.7129
4.3701
3.5156
3.0518
3.0762
2.5146
1.9531
1.5625
0.75684
0.41504
0.097656
0
0
0
0
0
0
0
0
0
0
0
0
0
0
0
0
-1.123
-3.3691
-3.5645
-5.2002
-7.1045
-7.959
-8.3496
-8.4473
-8.4961
-8.5693
-8.6182
-8.7646
-8.7891
-8.8623
-8.8623
-8.8379
-8.96
-8.7891
-8.667
-8.6426
-8.7646
-8.96
-8.8623
-8.8867
-8.96
-9.082
-9.0332
-8.9844
-8.9355
-9.0088
-4.2725
-0.048828
1.7578
4.5654
6.6406
7.7881
4.9316
4.3457
7.1289
8.8379
8.96
8.374
8.8135
9.3018
9.5947
9.3262
9.1797
9.2773
9.7412
9.8389
9.8389
9.375
9.3262
9.5459
9.9365
9.6191
9.6924
9.8389
10.034
9.9854
9.7412
9.4971
9.3506
9.3262
9.4238
9.5947
9.6924
9.375
8.9844
9.1064
9.2773
9.0576
8.8623
9.0332
9.3994
9.5703
9.4482
9.082
8.7891
8.7891
9.0576
9.2285
9.2041
9.1797
9.3262
9.4482
9.3018
8.96
8.9844
9.082
8.1299
6.2012
5.7373
5.3711
4.5654
4.0771
3.125
2.4414
2.0264
1.8555
1.6357
1.3916
1.123
1.0986
0.56152
0.70801
0.92773
0.87891
0.73242
0.58594
0.75684
0.73242
0.56152
0.43945
0.68359
1.0254
0.85449
0.80566
1.1475
0.97656
1.3672
2.417
2.5146
3.2959
3.6377
3.7842
3.833
3.9551
4.0283
4.0039
4.126
4.248
4.1748
4.1748
4.2236
4.4434
4.4678
4.3701
4.3457
4.2725
4.0527
4.1016
4.0527
4.1016
3.9795
4.1748
4.1016
4.1504
4.2236
4.1992
4.0527
3.7598
3.7842
3.6133
3.4668
3.2715
3.1982
3.125
2.9785
2.9785
2.9541
3.0273
3.0762
2.9053
2.7588
2.7344
2.7832
2.7344
2.6123
2.4414
2.3926
2.5635
2.6367
2.6611
2.6855
2.6855
2.7588
2.8564
2.9297
3.0029
0.97656
-1.4404
-2.002
-5.1758
-7.1045
-6.2744
-7.5195
-8.8135
-9.0332
-9.7656
-10.181
-10.449
-10.498
-10.571
-10.62
-10.571
-10.571
-10.791
-10.889
-10.913
-10.645
-10.718
-10.962
-10.791
-10.645
-10.742
-11.084
-11.133
-10.889
-10.693
-10.791
-11.792
-12.036
-12.183
-12.109
-12.524
-12.842
-12.817
-12.769
-13.037
-13.33
-13.184
-12.988
-13.062
-13.062
-13.159
-13.232
-13.208
-13.11
-12.988
-13.086
-13.281
-13.525
-13.477
-13.379
-13.33
-13.086
-13.037
-13.33
-13.281
-9.4482
-2.3438
1.5869
4.7852
5.9326
8.2764
10.913
10.669
7.666
5.957
8.6182
11.621
12.964
13.013
10.913
11.548
12.231
12.939
13.647
14.038
13.696
13.696
13.599
13.818
13.965
13.989
14.014
13.916
13.574
13.574
13.867
13.745
13.477
13.403
13.086
12.866
12.939
13.037
12.915
13.062
12.915
12.988
13.184
12.964
13.086
13.281
13.208
12.866
12.915
13.11
13.062
13.013
13.11
13.135
12.891
12.842
12.891
12.939
12.964
13.086
13.013
12.939
12.939
13.086
13.306
13.354
12.842
12.72
12.988
13.159
13.086
13.11
12.866
12.744
12.769
12.866
12.769
12.695
12.671
12.744
12.817
12.695
12.695
12.72
12.988
12.915
12.695
12.793
12.72
12.646
10.815
4.541
1.2939
-1.416
-2.4902
-1.1963
-1.6357
-2.7344
-3.8086
-4.248
-4.3945
-4.7607
-5.0293
-4.9072
-5.249
-5.249
-5.0293
-5.1514
-5.2979
-5.3223
-5.2246
-5.2002
-5.2979
-5.5176
-5.6152
-5.3223
-5.2979
-5.2002
-5.0293
-5.127
-5.1025
-7.8125
-9.9121
-13.989
-16.04
-17.212
-16.699
-17.212
-18.652
-19.482
-19.8
-20.044
-20.41
-20.898
-21.094
-21.289
-21.411
-21.484
-21.533
-21.313
-21.509
-21.631
-21.826
-21.631
-21.68
-21.802
-21.533
-21.582
-21.729
-21.875
-20.239
-14.478
-9.8633
-7.4707
-4.9805
-3.5645
-3.4424
-4.126
-3.9063
-2.71
-2.124
-1.9531
-1.5625
-0.75684
-0.48828
-0.24414
0
0
0
0
0
0
-0.024414
0
0
0
0
0
0
0
-0.5127
-2.9541
-4.9072
-7.4951
-9.8145
-11.206
-11.108
-11.987
-12.744
-12.866
-12.695
-13.354
-13.965
-14.331
-14.404
-14.404
-14.355
-14.453
-14.673
-14.673
-14.795
-14.6
-14.38
-14.355
-14.673
-14.722
-14.697
-14.478
-14.526
-14.478
-12.793
-5.5908
-1.0742
0.78125
1.1963
2.0264
5.0781
7.8125
7.9102
4.9561
4.1992
7.0557
8.7402
9.3506
8.7402
8.6914
9.2773
9.668
9.4482
9.1553
9.3018
9.5215
9.5215
9.5703
9.6436
9.7168
10.01
10.01
9.9365
9.5459
9.0088
11.035
12.402
13.33
14.478
14.526
14.526
14.844
15.43
15.869
15.991
15.918
16.187
15.991
15.991
16.064
15.894
15.796
15.991
16.26
16.235
16.284
16.431
16.113
16.187
16.406
16.064
15.991
16.138
16.211
14.771
6.3965
0.68359
-2.6611
-7.2998
-12.549
-15.845
-13.062
-11.792
-12.793
-16.406
-18.701
-19.775
-20.361
-19.58
-15.625
-15.845
-18.213
-19.849
-20.557
-20.947
-21.094
-21.143
-20.874
-20.117
-19.946
-20.581
-20.898
-21.069
-20.703
-20.142
-14.526
-9.1797
-5.6641
-3.2471
-1.6113
-0.85449
-1.6357
-1.7578
-1.4893
-0.80566
-0.21973
-0.12207
-0.21973
-0.024414
0.097656
0
0
0
0
0
0
0
0
0
0
0
0
0
0
-0.073242
-1.7578
-1.4893
-1.709
-2.5635
-3.1006
-3.7354
-3.7598
-3.5889
-3.5645
-3.6133
-3.8574
-3.7842
-3.8574
-3.7354
-3.7598
-3.9551
-3.8818
-3.9307
-3.9795
-3.9307
-4.0283
-3.8086
-3.7598
-3.7354
-3.6133
-3.6377
-3.5889
-3.6865
-3.6865
-3.2959
-0.21973
1.0498
1.2695
1.6602
1.9531
2.9053
3.2471
3.3936
3.54
3.7109
3.7109
3.8818
4.0771
4.0771
4.0771
3.8818
3.9063
3.9551
3.9307
3.7109
3.833
3.7842
3.6377
3.5645
3.6621
3.7354
3.7354
3.7109
3.8574
3.418
-0.1709
-1.5381
-3.833
-6.8359
-9.5703
-7.8369
-8.3008
-10.181
-10.889
-10.986
-11.523
-11.719
-12.085
-12.402
-12.5
-12.524
-12.695
-12.817
-12.524
-12.158
-12.402
-12.598
-12.573
-12.427
-12.598
-12.573
-12.524
-12.549
-12.891
-13.037
-13.501
-14.038
-14.648
-15.503
-16.138
-16.406
-16.431
-16.577
-16.992
-17.188
-17.236
-17.188
-17.139
-17.041
-17.188
-17.163
-17.114
-17.358
-17.383
-17.456
-17.676
-17.529
-17.285
-17.139
-17.31
-17.358
-17.334
-17.334
-17.48
-17.236
-13.086
-9.3262
-6.665
-5.4199
-4.7119
-3.833
-2.9785
-2.6855
-2.4658
-2.0752
-1.9287
-1.5625
-0.73242
-0.14648
-0.024414
0
0
0
0
0
0
0
0
0
0
0
0
0
0
0
-0.90332
-0.73242
-1.5381
-2.6123
-3.0518
-3.3447
-3.2715
-3.3447
-3.4424
-3.54
-3.6865
-3.54
-3.5156
-3.4424
-3.3691
-3.5645
-3.6865
-3.7354
-3.6865
-3.9063
-3.9307
-3.8818
-4.0283
-4.0039
-4.1748
-4.1504
-4.1504
-4.248
-4.1504
-4.0771
-4.7852
-7.6172
-9.0576
-10.742
-10.791
-11.499
-12.866
-13.379
-13.501
-13.94
-14.478
-14.6
-14.502
-14.648
-14.941
-15.088
-14.941
-14.819
-14.795
-14.917
-14.966
-14.966
-14.966
-15.161
-15.161
-15.259
-15.063
-14.99
-14.941
-14.697
-7.5439
-2.0264
0.73242
3.9307
7.9834
10.718
9.8145
6.5918
7.1045
10.645
12.256
12.964
13.525
10.474
9.6436
10.645
12.207
13.135
13.501
12.769
12.134
12.524
13.086
13.257
13.135
13.184
13.55
13.55
13.55
13.428
7.5684
1.9775
-0.5127
-2.3193
-3.418
-5.6885
-5.0781
-3.418
-5.1758
-6.9336
-8.0078
-8.7402
-7.8857
-7.666
-8.4717
-8.6426
-8.3984
-8.6182
-8.7891
-8.7402
-8.9355
-8.7646
-8.5693
-8.5449
-8.7402
-8.7158
-8.8135
-8.8135
-8.7402
-8.8135
-7.5439
-5.6885
-4.7119
-4.1992
-3.5645
-3.1006
-2.4902
-1.7822
-1.2939
-1.2939
-1.1475
-1.001
-0.61035
-0.61035
-0.68359
-0.46387
-0.26855
-0.29297
-0.26855
-0.24414
-0.26855
-0.26855
-0.26855
-0.39063
-0.36621
-0.3418
-0.36621
-0.56152
-0.61035
1.0742
1.9043
2.4902
3.0273
4.2725
4.7363
5.0781
5.4199
5.7861
5.8105
5.8594
5.6641
5.4932
5.4199
5.3467
5.4932
5.4443
5.4688
5.6152
5.6885
5.5908
5.5664
5.542
5.7861
5.7617
5.9082
5.7617
5.6396
5.7617
5.7373
1.4404
-1.6113
-2.3193
-5.542
-8.3984
-8.4229
-6.8604
-8.667
-9.6924
-9.9365
-10.449
-11.328
-11.719
-11.743
-11.841
-12.036
-12.183
-12.134
-12.012
-12.256
-12.476
-12.256
-12.158
-12.061
-11.865
-12.012
-12.305
-12.402
-12.354
-12.402
-10.547
-7.4463
-5.7617
-5.1025
-4.6387
-4.0771
-3.54
-2.5635
-1.6602
-1.4893
-1.4893
-1.2939
-1.0254
-0.63477
-0.58594
-0.65918
-0.58594
-0.46387
-0.43945
-0.46387
-0.39063
-0.26855
-0.26855
-0.24414
-0.26855
-0.24414
-0.21973
-0.24414
-0.24414
-0.29297
1.8555
5.5176
8.7402
11.23
12.012
13.867
15.869
16.162
14.453
14.6
16.113
17.017
16.748
16.455
17.041
17.554
17.529
17.773
17.7
17.456
17.603
17.676
17.969
17.944
18.018
18.213
18.335
18.311
18.433
17.944
17.725
18.042
17.92
17.822
17.969
18.311
18.408
18.286
17.773
17.92
18.164
18.066
17.773
17.798
18.262
18.579
18.359
18.311
17.993
17.847
18.042
18.188
17.993
18.213
18.286
17.969
17.896
17.676
18.018
18.188
13.745
7.7393
3.4912
0.53711
-0.048828
-0.56152
-1.9775
-1.5625
-0.24414
-0.75684
-2.3682
-2.5879
-2.5879
-2.5146
-3.1982
-3.9795
-3.6133
-3.2227
-3.7354
-3.7598
-3.7598
-3.7354
-3.7842
-3.7598
-3.6865
-3.7598
-3.8818
-3.833
-3.7354
-3.7354
-3.6621
-5.2979
-5.8838
-7.1045
-7.8369
-8.4473
-8.7646
-8.9355
-9.2041
-9.5459
-9.4238
-9.2041
-9.3262
-9.4238
-9.4238
-9.1797
-9.2773
-9.1309
-9.082
-9.1309
-9.1553
-9.0576
-9.0576
-9.1309
-9.375
-9.5703
-9.4727
-9.5459
-9.4482
-9.3994
-9.5947
-9.5703
-9.2773
-9.1309
-8.9844
-9.1064
-8.96
-8.8623
-8.5693
-8.5205
-8.6914
-8.8379
-9.1064
-9.0088
-8.8623
-9.0576
-9.0332
-8.9844
-8.8379
-8.96
-8.9111
-9.0332
-9.1553
-9.0088
-8.9844
-8.6914
-8.6182
-8.6182
-8.8379
-8.7158
-5.2246
0.1709
2.3926
3.54
7.2998
10.962
10.791
8.6182
9.9609
12.744
14.38
15.186
13.403
12.646
13.867
15.137
15.527
15.063
14.771
15.479
15.845
15.967
15.918
15.942
16.064
16.333
16.235
15.674
15.698
16.064
15.894
15.625
15.283
14.99
15.063
15.039
14.868
14.404
14.38
14.429
14.404
14.551
14.819
14.648
14.502
14.697
14.697
14.6
14.478
14.38
13.892
13.94
14.355
14.453
14.258
14.307
14.6
14.722
14.478
14.233
11.499
4.6875
0.85449
-2.5391
-2.6367
-3.6621
-2.71
-3.4668
-5.1514
-6.2988
-5.9814
-6.5186
-7.0313
-6.2988
-6.3965
-7.251
-7.4219
-7.1777
-7.2998
-7.4707
-7.7393
-7.6416
-7.5684
-7.5195
-7.5439
-7.4219
-7.2754
-7.4463
-7.4219
-7.6416
-4.7607
-0.12207
1.1963
4.3701
8.1787
9.7412
6.7139
9.1553
11.792
13.55
13.257
13.354
14.258
14.673
14.16
14.307
14.722
14.673
14.526
14.868
15.112
15.381
15.479
15.186
15.112
15.112
15.112
15.137
15.088
15.161
15.063
15.991
17.114
17.871
17.7
17.529
17.554
17.725
18.042
17.749
18.042
18.286
18.457
18.311
18.213
18.188
18.457
18.408
18.042
18.506
18.579
18.945
18.97
18.726
18.579
18.604
18.53
18.506
18.213
18.555
18.652
17.603
17.163
16.724
16.504
16.333
15.723
15.112
15.161
15.259
15.405
15.259
15.112
14.722
14.746
15.063
14.966
14.355
14.404
14.697
15.063
15.332
15.161
14.673
14.697
15.112
15.137
14.746
14.551
14.624
12.207
5.0049
0.46387
-2.9297
-7.4951
-7.6416
-4.8828
-5.8838
-9.1797
-11.45
-12.012
-10.034
-9.5215
-10.791
-11.792
-12.72
-13.11
-12.573
-12.329
-12.354
-12.598
-12.256
-12.427
-12.769
-13.159
-13.232
-13.208
-13.184
-13.11
-13.184
-11.182
-3.7109
0.21973
2.8076
6.7383
10.498
11.572
8.6182
8.0811
11.328
13.77
14.941
13.379
11.206
11.841
13.501
14.868
15.479
15.479
13.94
14.038
14.941
15.43
15.332
15.356
15.503
15.552
15.601
15.942
16.04
13.867
5.2979
0.61035
-2.4658
-6.6406
-7.8613
-10.962
-11.694
-9.4482
-9.2041
-11.621
-14.429
-15.796
-15.869
-13.745
-12.72
-14.722
-16.162
-16.968
-17.31
-17.285
-16.797
-16.626
-16.968
-17.236
-16.846
-16.455
-16.968
-17.31
-17.432
-17.017
-14.038
-11.523
-10.327
-9.7412
-9.6191
-9.2529
-8.667
-8.1055
-7.7393
-7.373
-6.7383
-6.4453
-6.3477
-5.9082
-5.7861
-5.8105
-5.7617
-5.7129
-5.6396
-5.4688
-5.3467
-5.3223
-5.3467
-5.4199
-5.4932
-5.6641
-5.7617
-5.6885
-5.6885
-5.4932
-4.0527
-3.3447
-3.1982
-3.0273
-2.6855
-1.8799
-1.1719
-0.90332
-0.78125
-0.75684
-0.68359
-0.58594
-0.56152
-0.36621
-0.29297
-0.26855
-0.24414
-0.1709
-0.12207
-0.073242
-0.073242
-0.048828
-0.048828
-0.048828
-0.048828
-0.048828
0
0
0
0
-0.024414
0
0
0
0
0
0
0
0
0
0
0
0
0
0
0
0
0
0
0
0
0
0
0
0
0
0
0
0
0.21973
3.5156
7.5684
10.303
11.914
12.939
15.576
17.822
17.798
16.235
16.675
18.506
19.238
18.726
18.701
18.872
19.58
19.922
19.727
19.556
19.824
20.19
20.264
19.922
20.288
20.508
20.728
20.41
20.313
20.435
19.434
11.108
3.9063
-0.48828
-3.8574
-6.5918
-7.4463
-7.9346
-11.084
-13.208
-11.499
-8.8135
-9.375
-11.938
-14.209
-15.137
-15.479
-14.282
-13.55
-14.331
-15.234
-15.796
-15.796
-15.137
-15.356
-15.601
-15.649
-15.527
-15.527
-15.576
-15.82
-13.916
-12.158
-11.304
-10.669
-10.01
-9.6924
-9.3262
-9.0576
-8.4229
-8.0078
-7.8369
-7.4951
-6.8848
-6.6406
-6.6406
-6.6162
-6.543
-6.4941
-6.5186
-6.543
-6.5674
-6.665
-6.7383
-6.8848
-6.8604
-6.4697
-6.4941
-6.6406
-6.6406
-6.1768
-3.1982
-1.3428
-0.31738
0.19531
0.39063
0.63477
0.95215
1.2695
1.3916
1.0254
0.78125
0.90332
0.92773
0.85449
0.83008
0.97656
1.1475
1.0986
1.0986
1.001
0.90332
0.90332
1.001
0.92773
1.0742
1.0986
1.0742
1.0254
0.92773
0.90332
0.073242
-0.53711
-0.073242
-0.073242
-0.21973
-0.3418
-0.39063
-0.12207
-0.048828
-0.097656
-0.14648
-0.1709
-0.1709
-0.26855
-0.14648
-0.097656
-0.14648
-0.073242
-0.024414
0
0
0
0
-0.048828
-0.097656
-0.097656
-0.073242
-0.073242
-0.12207
-0.024414
2.6855
6.9336
9.375
12.695
15.039
16.553
14.575
15.332
16.797
18.237
17.871
17.188
17.627
18.701
19.263
19.189
18.921
19.409
19.727
19.678
19.531
19.556
19.995
19.849
19.556
19.702
19.922
20.215
19.946
19.873
17.456
14.795
13.232
11.816
10.767
10.205
9.9365
9.5703
9.1797
8.7158
8.0322
7.4463
7.1533
6.9092
6.7627
6.665
6.5186
6.5674
6.5918
6.6895
6.5918
6.6162
6.6406
6.5674
6.4453
6.3477
6.25
6.2256
6.3477
6.5674
1.3184
-0.5127
-1.5137
-4.2969
-7.6172
-6.9824
-6.1279
-7.4219
-9.0332
-9.4238
-9.7168
-10.059
-10.376
-10.083
-10.352
-10.596
-10.522
-10.791
-10.913
-10.718
-10.596
-10.742
-10.938
-10.767
-10.62
-10.718
-10.962
-11.084
-11.182
-10.986
-11.035
-11.45
-11.523
-11.694
-11.89
-11.792
-11.841
-11.914
-11.792
-11.841
-12.329
-12.573
-12.476
-12.207
-12.256
-12.378
-12.402
-12.354
-12.329
-12.207
-12.036
-12.012
-12.231
-12.354
-12.256
-12.427
-12.573
-12.354
-12.231
-12.28
-12.012
-11.475
-11.035
-10.498
-10.181
-9.9121
-9.5947
-9.6436
-9.6924
-9.6436
-9.6924
-9.6436
-9.5215
-9.3994
-9.3994
-9.4727
-9.4971
-9.4971
-9.5947
-9.3506
-9.3262
-9.4238
-9.2041
-9.2529
-9.4482
-9.4727
-9.5459
-9.5947
-9.5703
-3.4668
0.68359
4.6143
7.1045
10.815
11.108
10.791
11.841
13.184
14.233
13.037
13.867
15.161
15.405
15.039
14.917
15.796
16.211
16.382
16.577
16.455
16.528
16.675
16.138
16.138
16.309
16.431
16.821
17.041
16.895
9.9854
3.7109
-1.1719
-4.5898
-6.4697
-9.1797
-7.5195
-6.7139
-7.8857
-10.278
-12.354
-12.988
-11.841
-9.7656
-10.962
-11.914
-12.891
-13.354
-13.208
-12.866
-13.232
-13.11
-12.866
-13.281
-13.623
-13.647
-13.574
-13.647
-13.574
-13.55
-13.647
-16.113
-16.968
-18.115
-19.214
-19.482
-19.189
-19.58
-20.166
-20.361
-20.166
-20.337
-20.825
-21.118
-21.167
-20.898
-21.094
-21.045
-20.825
-20.898
-21.069
-21.362
-21.216
-21.118
-21.167
-21.191
-20.996
-20.825
-21.191
-21.436
-18.14
-11.694
-6.8115
-3.9795
-3.1006
-2.2217
-1.1963
-0.73242
-1.7334
-2.2949
-2.0508
-1.1719
-0.43945
-0.31738
-0.56152
0.024414
0
0.024414
0
0
0
0
0
0
0
0
0
0
0
0
0.97656
4.3213
7.373
10.01
10.181
9.3262
10.278
11.206
11.89
12.329
12.646
12.476
12.476
12.793
12.939
12.842
12.646
12.671
12.646
12.793
12.915
13.086
13.257
13.135
13.013
13.062
12.866
12.72
12.939
13.062
10.986
6.3965
4.0527
2.832
2.6123
2.1973
1.416
0.56152
-0.024414
-0.097656
-0.024414
0
0
0
0
0
0
0
0
0
0
0
0
0
0
0
0
0
0
0
-0.36621
-0.56152
-0.19531
-0.56152
-0.78125
-0.85449
-0.95215
-1.0498
-1.0986
-1.1475
-1.2207
-1.0986
-1.0498
-0.92773
-1.001
-1.0986
-1.0742
-1.123
-1.1475
-1.1475
-1.123
-0.85449
-0.97656
-1.0742
-1.0498
-1.0986
-1.1475
-1.0742
-0.95215
