0
-0.29297
-4.248
-10.645
-15.186
-18.164
-19.849
-20.801
-21.436
-21.802
-21.997
-22.192
-22.217
-22.412
-22.461
-22.583
-22.632
-22.656
-22.681
-22.607
-22.729
-22.681
-22.754
-22.729
-22.827
-22.778
-22.827
-22.754
-22.803
-22.827
-22.827
-22.388
-18.359
-14.722
-12.231
-10.669
-9.7656
-9.2041
-8.9111
-8.6182
-8.374
-8.1543
-7.959
-7.9346
-7.8125
-7.7148
-7.6904
-7.5439
-7.4463
-7.4463
-7.3242
-7.373
-7.251
-7.1777
-7.1045
-7.1777
-7.1533
-7.1289
-7.2021
-7.1777
-7.1289
-7.0557
-5.9326
-4.9316
-4.5166
-4.1016
-3.9307
-3.7842
-3.5645
-3.418
-3.2471
-3.125
-3.0762
-2.9297
-2.8076
-2.7344
-2.6611
-2.6123
-2.5879
-2.5146
-2.5146
-2.4902
-2.4658
-2.4414
-2.4658
-2.3926
-2.3682
-2.3926
-2.3926
-2.3926
-2.3682
-1.9287
0.68359
2.5635
3.6865
4.1992
4.4678
4.5898
4.6631
4.7363
4.7607
4.7607
4.8096
4.7852
4.8584
4.834
4.834
4.8828
4.834
4.8828
4.7852
4.8584
4.8584
4.834
4.8828
4.8096
4.8584
4.8584
4.7852
4.834
4.7607
4.0039
0.024414
-4.1016
-5.9082
-7.5928
-8.1543
-8.5205
-8.7646
-8.8135
-8.9111
-9.0332
-9.0332
-9.082
-9.0576
-9.0576
-9.1064
-9.1064
-9.082
-9.0088
-8.9355
-9.0088
-8.9844
-9.0332
-8.9844
-9.0088
-9.0332
-9.1064
-9.1309
-9.082
-9.1309
-8.7402
-12.158
-16.064
-18.604
-20.093
-20.972
-21.436
-21.851
-22.07
-22.266
-22.339
-22.461
-22.461
-22.51
-22.607
-22.583
-22.729
-22.705
-22.729
-22.681
-22.754
-22.729
-22.778
-22.778
-22.827
-22.852
-22.754
-22.852
-22.754
-22.827
-22.754
-22.192
-21.484
-21.021
-20.63
-20.264
-20.044
-19.824
-19.751
-19.629
-19.531
-19.482
-19.312
-19.238
-19.287
-19.165
-19.238
-19.238
-19.189
-19.263
-19.116
-19.165
-19.067
-19.092
-19.092
-19.116
-19.092
-19.214
-19.092
-19.165
-18.262
-11.499
-6.4453
-3.5889
-1.7822
-0.68359
-0.073242
0.097656
0.21973
0.24414
0.19531
0.14648
0.19531
0.19531
0.21973
0.14648
0.12207
0.097656
0.073242
0.097656
0.12207
0.14648
0.1709
0.1709
0.097656
0.097656
0.024414
0.024414
0.024414
0.024414
0.073242
0.78125
1.2695
1.6602
1.7822
1.7822
1.9043
1.8555
1.9287
1.9043
1.8555
1.9287
1.8799
1.8799
1.9043
1.9043
1.9287
1.8799
1.9287
1.8799
1.9287
1.8799
1.9043
1.9287
1.9287
1.9287
1.8799
1.9287
1.9043
1.9287
1.9043
1.9287
1.8799
1.9287
1.9531
1.9043
1.9531
1.9043
1.9775
1.9043
2.002
1.9531
1.9775
1.9775
2.002
1.9775
2.002
2.0264
1.9775
2.0264
2.002
2.002
1.9775
2.002
2.0508
1.9775
2.0264
1.9775
2.0264
1.9775
1.6357
-2.5879
-7.5195
-10.083
-11.841
-12.549
-12.964
-13.232
-13.354
-13.403
-13.599
-13.623
-13.623
-13.721
-13.77
-13.77
-13.867
-13.843
-13.892
-13.77
-13.818
-13.794
-13.77
-13.794
-13.794
-13.867
-13.94
-13.867
-13.94
-13.94
-13.794
-14.771
-15.82
-16.357
-16.724
-16.943
-17.139
-17.261
-17.407
-17.383
-17.456
-17.505
-17.432
-17.505
-17.554
-17.529
-17.603
-17.651
-17.627
-17.7
-17.627
-17.627
-17.578
-17.627
-17.554
-17.651
-17.725
-17.627
-17.749
-17.676
-17.505
-12.622
-7.0313
-3.6133
-1.6846
-0.78125
-0.3418
-0.048828
0.024414
0.14648
0.048828
0
-0.048828
0
0
0.024414
0
0
0
0
0
0
0
0
0
0
0
0
0
0
0
-0.83008
-1.5869
-2.002
-2.1973
-2.3193
-2.3926
-2.4414
-2.417
-2.4902
-2.4902
-2.4658
-2.5146
-2.4902
-2.4902
-2.4902
-2.4902
-2.4902
-2.4902
-2.4414
-2.4902
-2.4902
-2.4658
-2.4902
-2.4658
-2.4414
-2.4902
-2.5146
-2.4658
-2.5146
-2.3682
-5.4443
-11.182
-14.746
-17.017
-18.262
-18.896
-19.336
-19.653
-19.824
-19.995
-20.068
-20.166
-20.239
-20.166
-20.264
-20.239
-20.288
-20.386
-20.386
-20.483
-20.361
-20.41
-20.361
-20.386
-20.459
-20.41
-20.508
-20.483
-20.435
-20.483
-20.19
-20.068
-19.727
-19.653
-19.629
-19.507
-19.458
-19.36
-19.287
-19.238
-19.165
-19.238
-19.165
-19.214
-19.214
-19.189
-19.092
-19.141
-19.019
-19.141
-19.067
-19.092
-19.141
-19.141
-19.092
-19.141
-19.043
-19.092
-19.067
-18.677
-10.913
-3.6865
0.80566
6.9336
11.67
14.795
16.699
17.676
18.213
18.53
18.823
18.921
19.092
19.116
19.189
19.312
19.312
19.336
19.385
19.385
19.434
19.36
19.434
19.507
19.458
19.507
19.482
19.482
19.507
19.336
13.037
6.0791
0.26855
-3.1738
-6.0303
-7.2754
-7.8125
-8.1299
-8.3008
-8.4229
-8.4229
-8.4717
-8.4717
-8.4473
-8.4961
-8.5205
-8.5205
-8.4961
-8.5205
-8.5449
-8.5938
-8.6182
-8.667
-8.667
-8.667
-8.667
-8.667
-8.7158
-8.6914
-8.6182
-3.7842
0.14648
3.2715
4.7852
5.6885
6.0791
6.3965
6.4697
6.5918
6.5918
6.6406
6.665
6.6895
6.7139
6.7383
6.7871
6.7139
6.665
6.7383
6.7139
6.7383
6.665
6.665
6.5918
6.6162
6.543
6.6406
6.5918
6.6406
6.6162
6.9824
7.4219
7.7393
7.8613
7.9834
8.0322
8.0811
8.0811
8.0811
8.1543
8.1787
8.1543
8.1543
8.0566
8.1055
8.0811
8.0078
8.0811
8.0566
8.0078
8.0322
8.0322
8.1055
8.0811
8.1543
8.1055
8.1543
8.1543
8.1543
8.2275
4.3945
-0.43945
-3.9307
-5.4199
-6.4941
-6.9824
-7.2998
-7.3975
-7.5195
-7.5439
-7.6416
-7.6172
-7.6172
-7.5439
-7.6416
-7.5684
-7.5928
-7.5195
-7.4707
-7.5684
-7.5928
-7.5684
-7.6416
-7.6172
-7.6172
-7.6172
-7.666
-7.7393
-7.7148
-8.4229
-11.182
-12.744
-13.452
-13.892
-14.087
-14.258
-14.38
-14.478
-14.478
-14.648
-14.722
-14.673
-14.746
-14.795
-14.771
-14.722
-14.746
-14.771
-14.697
-14.746
-14.795
-14.771
-14.844
-14.868
-14.868
-14.844
-14.844
-14.819
-14.746
-12.183
-8.0078
-5.1758
-3.6621
-2.832
-2.3682
-2.124
-1.9775
-1.7578
-1.6602
-1.5137
-1.416
-1.2939
-1.1475
-1.0742
-0.97656
-0.92773
-0.80566
-0.75684
-0.70801
-0.68359
-0.68359
-0.65918
-0.63477
-0.65918
-0.63477
-0.61035
-0.65918
-0.63477
-0.63477
1.1719
4.6143
6.958
8.1787
8.7891
9.0332
9.3018
9.3262
9.3018
9.3994
9.3994
9.4482
9.3994
9.3994
9.4238
9.5215
9.5459
9.5459
9.5703
9.5215
9.6191
9.6191
9.6191
9.6191
9.5703
9.5947
9.4971
9.5459
9.4971
9.4482
9.3262
9.0332
8.8379
8.5938
8.374
8.3496
8.2031
8.1787
8.0566
8.0811
7.959
7.9346
7.8857
7.8125
7.7881
7.7148
7.6416
7.5928
7.6172
7.5684
7.5684
7.5928
7.6172
7.5684
7.5684
7.666
7.666
7.666
7.7148
7.6416
8.1543
10.474
11.646
12.28
12.622
12.793
12.988
13.037
13.037
13.135
13.208
13.257
13.232
13.306
13.379
13.354
13.33
13.354
13.354
13.33
13.281
13.306
13.354
13.306
13.354
13.403
13.452
13.354
13.403
13.477
8.6182
1.1719
-3.5156
-7.1289
-9.2773
-10.474
-11.011
-11.401
-11.572
-11.67
-11.719
-11.792
-11.89
-11.89
-11.841
-11.865
-11.841
-11.865
-11.816
-11.816
-11.841
-11.987
-11.938
-11.938
-11.963
-12.036
-11.987
-12.036
-11.938
-11.938
-10.205
-6.1035
-3.5889
-2.2461
-1.5625
-1.1719
-0.85449
-0.75684
-0.61035
-0.43945
-0.21973
-0.073242
0.024414
0.097656
0.073242
0.048828
0.048828
0
0
0
0
0
0
0
0
0
0
0
0
0
1.4648
7.1045
12.085
14.795
16.382
17.334
17.871
18.164
18.433
18.579
18.628
18.726
18.726
18.774
18.823
18.823
18.945
18.97
18.945
19.043
19.019
18.97
18.994
18.994
19.019
19.019
18.994
19.092
19.067
19.067
17.627
13.672
11.011
9.4238
8.4229
7.8369
7.5195
7.2021
7.0068
6.7627
6.665
6.543
6.3965
6.2988
6.1523
6.1279
5.957
5.9814
5.8594
5.8105
5.7373
5.7373
5.6885
5.7129
5.6641
5.7129
5.7861
5.7373
5.7617
5.7373
6.1035
6.9092
7.3975
7.7393
7.8857
8.0078
8.0078
8.0811
8.0322
8.1299
8.1055
8.1299
8.0566
8.0322
8.0078
8.0322
8.0811
8.0322
8.0811
8.1055
8.0322
8.1299
8.1543
8.1787
8.1787
8.1299
8.1543
8.1543
8.2275
8.1787
7.2266
4.4189
2.71
1.7822
1.2451
1.0742
0.75684
0.53711
0.39063
0.31738
0.1709
0.048828
-0.048828
-0.097656
0
0
0.024414
0.024414
-0.024414
0
0
0
0
0
0
0
0
0
0
0
-0.56152
-4.7119
-6.8848
-8.374
-9.0576
-9.3994
-9.6436
-9.79
-9.8145
-9.9854
-9.9609
-9.9609
-9.9609
-10.059
-10.01
-9.9609
-9.9121
-9.9365
-9.9365
-9.9609
-9.9365
-10.01
-9.9854
-10.034
-10.083
-10.059
-10.059
-10.059
-10.107
-10.156
-6.25
-0.29297
3.0518
9.2773
12.598
14.844
16.064
16.821
17.139
17.456
17.578
17.676
17.773
17.798
17.822
17.92
17.969
17.969
18.066
18.042
18.042
18.115
18.018
18.042
18.091
18.042
18.14
18.188
18.115
18.14
14.99
6.1768
0.24414
-4.8096
-7.3242
-9.3506
-10.229
-10.62
-10.889
-11.035
-11.23
-11.279
-11.279
-11.377
-11.401
-11.426
-11.499
-11.45
-11.401
-11.475
-11.377
-11.401
-11.353
-11.401
-11.426
-11.426
-11.45
-11.475
-11.523
-11.523
-11.206
-9.7656
-8.96
-8.3008
-7.959
-7.5928
-7.2998
-7.1045
-6.9092
-6.7871
-6.6895
-6.6162
-6.4941
-6.4453
-6.4453
-6.3965
-6.3965
-6.4209
-6.3477
-6.3721
-6.3232
-6.2988
-6.2988
-6.2988
-6.2988
-6.3232
-6.3232
-6.2744
-6.2012
-6.1768
-6.1279
-8.7891
-10.84
-11.841
-12.354
-12.695
-12.915
-13.013
-13.135
-13.208
-13.281
-13.306
-13.281
-13.306
-13.33
-13.257
-13.257
-13.306
-13.33
-13.33
-13.354
-13.477
-13.428
-13.452
-13.428
-13.428
-13.403
-13.354
-13.354
-13.354
-12.573
-9.0332
-6.5918
-5.1025
-4.3457
-3.8818
-3.5889
-3.3936
-3.2227
-3.0273
-2.8809
-2.7588
-2.6611
-2.5146
-2.417
-2.3438
-2.2461
-2.1973
-2.124
-2.124
-2.0508
-2.0264
-2.0508
-2.002
-2.0508
-2.002
-1.9531
-1.9775
-1.9531
-1.9531
-2.0752
-7.373
-11.719
-14.258
-15.747
-16.504
-17.017
-17.358
-17.554
-17.651
-17.798
-17.871
-17.896
-17.92
-17.871
-17.993
-17.969
-18.018
-18.091
-18.066
-18.115
-18.164
-18.066
-18.091
-18.066
-18.042
-18.091
-18.164
-18.14
-18.213
-15.869
-8.8135
-3.7109
-0.29297
2.3193
3.4424
4.0283
4.3213
4.5654
4.6143
4.6875
4.7119
4.7607
4.7607
4.7852
4.7852
4.8096
4.7852
4.8584
4.834
4.7852
4.8584
4.8584
4.9072
4.834
4.8584
4.8584
4.8096
4.8584
4.834
4.7363
8.3252
11.206
12.891
13.672
14.258
14.551
14.722
14.844
14.966
14.99
15.088
15.161
15.161
15.161
15.112
15.21
15.137
15.137
15.283
15.161
15.259
15.283
15.308
15.259
15.259
15.308
15.161
15.259
15.234
14.795
11.987
9.79
8.5205
7.666
7.2021
6.8848
6.5918
6.4697
6.25
6.0547
5.957
5.7373
5.6152
5.5176
5.3955
5.3711
5.2979
5.2979
5.2734
5.249
5.2734
5.249
5.2246
5.2246
5.2979
5.249
5.3223
5.2979
5.3223
4.2236
-1.5137
-7.4219
-13.379
-16.675
-18.823
-20.02
-20.679
-21.167
-21.411
-21.729
-21.777
-21.973
-21.997
-21.997
-22.07
-22.07
-22.168
-22.168
-22.29
-22.241
-22.314
-22.266
-22.266
-22.241
-22.266
-22.339
-22.29
-22.412
-22.29
-22.266
-21.338
-20.679
-20.166
-19.8
-19.507
-19.141
-18.97
-18.774
-18.579
-18.53
-18.555
-18.359
-18.457
-18.408
-18.311
-18.335
-18.237
-18.164
-18.262
-18.188
-18.213
-18.262
-18.237
-18.213
-18.188
-18.115
-18.164
-18.091
-18.091
-17.847
-14.478
-11.572
-9.79
-8.6182
-7.8857
-7.5684
-7.1777
-6.9336
-6.6895
-6.543
-6.3477
-6.2012
-6.1035
-6.0303
-5.9814
-5.9326
-5.9326
-5.9326
-5.8838
-5.8838
-5.835
-5.835
-5.7617
-5.835
-5.8105
-5.8594
-5.835
-5.835
-5.8105
-4.541
0.19531
4.0283
7.5684
9.2529
10.181
10.669
10.938
11.133
11.206
11.304
11.255
11.377
11.328
11.377
11.279
11.353
11.353
11.45
11.377
11.401
11.499
11.499
11.499
11.499
11.499
11.523
11.475
11.475
11.401
10.767
4.1748
-0.65918
-3.9063
-6.0303
-6.958
-7.373
-7.5928
-7.7881
-7.9102
-7.9834
-7.959
-8.0322
-7.9834
-8.1543
-8.1543
-8.1543
-8.1787
-8.1055
-8.1787
-8.1299
-8.2275
-8.1787
-8.1787
-8.1543
-8.0811
-8.0566
-8.0566
-8.0566
-8.0322
-8.0811
-8.3252
-8.6182
-8.8379
-8.8623
-8.9844
-8.96
-9.0332
-9.0576
-9.082
-9.1309
-9.082
-9.1064
-9.0332
-9.0088
-9.1064
-8.9844
-8.9844
-8.9111
-9.0088
-8.9844
-9.082
-9.0576
-9.0576
-9.0576
-9.1309
-9.1553
-9.1553
-9.1309
-9.1064
-8.1055
-1.0254
5.5664
11.475
15.234
17.798
18.872
19.775
20.215
20.508
20.728
20.85
20.947
20.898
21.094
21.167
21.24
21.265
21.216
21.289
21.265
21.338
21.313
21.362
21.46
21.338
21.411
21.338
21.362
21.362
21.216
18.945
16.504
14.868
13.843
13.232
12.744
12.427
12.183
11.914
11.792
11.646
11.597
11.523
11.353
11.353
11.23
11.23
11.157
11.011
11.06
11.108
11.035
11.06
11.06
11.06
11.06
11.108
11.084
11.035
10.718
12.622
14.941
16.357
17.114
17.456
17.822
18.018
18.091
18.262
18.262
18.311
18.359
18.359
18.384
18.481
18.384
18.53
18.555
18.481
18.579
18.53
18.481
18.53
18.53
18.579
18.53
18.53
18.652
18.579
18.555
18.506
18.408
18.359
18.408
18.286
18.359
18.262
18.237
18.262
18.14
18.164
18.213
18.14
18.164
18.237
18.188
18.14
18.14
18.091
18.188
18.115
18.091
18.188
18.14
18.188
18.14
18.091
18.14
18.115
17.749
11.719
6.25
2.2217
0.24414
-1.001
-1.4893
-1.6846
-1.8799
-1.9531
-1.9531
-1.9531
-2.002
-1.9775
-2.002
-1.9775
-2.0264
-1.9531
-2.0264
-1.9775
-2.0264
-1.9775
-1.9775
-2.002
-1.9775
-2.0264
-2.002
-2.002
-1.9775
-2.002
-1.8555
-2.6123
-4.9316
-5.6885
-6.1035
-6.2988
-6.3965
-6.4941
-6.4941
-6.5674
-6.5674
-6.6406
-6.6162
-6.6406
-6.6162
-6.665
-6.665
-6.7871
-6.7383
-6.7627
-6.7139
-6.7383
-6.7383
-6.7383
-6.7139
-6.8115
-6.7383
-6.7139
-6.6895
-6.6162
-6.6406
-7.4219
-9.0576
-9.8633
-10.229
-10.474
-10.645
-10.815
-10.84
-10.889
-10.889
-10.986
-11.011
-11.011
-10.986
-10.962
-10.986
-10.938
-10.913
-10.864
-10.938
-10.962
-10.962
-10.962
-10.986
-11.035
-11.084
-11.06
-11.035
-11.06
-11.06
-10.767
-10.4
-10.132
-9.9365
-9.7656
-9.668
-9.5459
-9.4727
-9.4238
-9.4238
-9.3994
-9.3506
-9.3262
-9.3262
-9.2773
-9.2773
-9.1797
-9.082
-9.1064
-9.0576
-9.082
-9.0088
-8.9844
-9.0088
-9.0088
-9.1309
-9.082
-9.1064
-9.082
-9.082
-9.1309
-9.082
-8.96
-8.9844
-8.8379
-8.7402
-8.7646
-8.7158
-8.6426
-8.5693
-8.5449
-8.5693
-8.5938
-8.6182
-8.6182
-8.5938
-8.6426
-8.6426
-8.667
-8.7158
-8.6914
-8.6426
-8.6426
-8.667
-8.6914
-8.5938
-8.5449
-8.5205
-8.5449
-8.5693
-8.8867
-9.3018
-9.5703
-9.6924
-9.8389
-9.8877
-9.9854
-9.9365
-10.01
-10.01
-10.083
-10.034
-10.034
-9.9365
-9.9854
-9.9121
-9.9854
-9.8877
-9.9121
-9.9854
-10.034
-10.01
-10.059
-10.034
-10.034
-10.132
-10.107
-10.083
-10.059
-10.01
-10.107
-10.181
-10.229
-10.254
-10.303
-10.425
-10.4
-10.4
-10.498
-10.522
-10.571
-10.547
-10.522
-10.547
-10.596
-10.522
-10.474
-10.4
-10.425
-10.474
-10.449
-10.4
-10.498
-10.498
-10.596
-10.522
-10.596
-10.522
-10.62
-10.596
-9.0088
-6.6406
-5.3711
-4.6143
-4.2236
-3.9307
-3.6865
-3.4668
-3.2471
-3.0762
-2.9297
-2.7588
-2.6855
-2.6123
-2.4902
-2.4658
-2.4658
-2.4414
-2.4902
-2.4414
-2.4658
-2.4658
-2.4902
-2.5146
-2.4902
-2.5146
-2.4414
-2.5146
-2.5146
-2.4902
-3.5156
-4.9072
-5.7861
-6.1523
-6.3721
-6.543
-6.6162
-6.6162
-6.7139
-6.665
-6.665
-6.665
-6.6406
-6.665
-6.6162
-6.665
-6.6162
-6.5674
-6.5918
-6.6406
-6.6162
-6.7139
-6.6895
-6.7139
-6.6895
-6.6895
-6.7627
-6.7383
-6.7627
-8.0322
-12.695
-15.747
-17.847
-18.872
-19.458
-19.897
-20.093
-20.386
-20.435
-20.557
-20.703
-20.605
-20.728
-20.654
-20.752
-20.752
-20.801
-20.923
-20.825
-20.898
-20.898
-20.85
-20.85
-20.85
-20.972
-20.947
-20.972
-20.947
-20.874
-15.112
-8.7891
-3.833
-0.31738
1.2939
2.71
3.2471
3.54
3.6621
3.7354
3.7598
3.833
3.7842
3.7354
3.8086
3.7598
3.7354
3.8086
3.7598
3.7354
3.8086
3.7842
3.7842
3.8574
3.7842
3.833
3.7598
3.8574
3.833
3.833
2.9053
1.4893
0.61035
0.24414
0.073242
0
-0.048828
-0.024414
0
0
0
0
0
0
0
0
0
0
0
0
0
0
0
0
0
0
0
0
0
0
-1.4648
-6.7139
-9.7656
-11.304
-12.036
-12.427
-12.695
-12.964
-12.964
-13.086
-13.208
-13.257
-13.281
-13.281
-13.379
-13.379
-13.354
-13.33
-13.33
-13.33
-13.281
-13.33
-13.379
-13.379
-13.379
-13.403
-13.428
-13.501
-13.403
-13.428
-9.5215
-4.5898
-1.0986
0.21973
1.1475
1.4893
1.709
1.7822
1.8066
1.8799
1.8555
1.9043
1.9287
1.8555
1.9043
1.9043
1.9043
1.8799
1.9287
1.9287
1.9043
1.9287
1.8799
1.9287
1.9043
1.9287
1.9287
1.9287
1.9531
1.9775
0.24414
-2.6855
-5.3467
-6.3721
-6.8848
-7.1777
-7.2998
-7.4219
-7.4219
-7.4463
-7.5195
-7.4707
-7.6416
-7.5928
-7.5928
-7.6172
-7.666
-7.666
-7.7148
-7.7148
-7.6904
-7.666
-7.7148
-7.7148
-7.6416
-7.7148
-7.5684
-7.6172
-7.5439
-7.5195
-4.2236
0.48828
4.3945
6.6406
7.9346
8.6182
8.9844
9.1553
9.2529
9.3506
9.3994
9.4971
9.5459
9.5215
9.5459
9.5215
9.6191
9.6436
9.5947
9.4971
9.5459
9.4971
9.5215
9.5215
9.4482
9.4238
9.4971
9.5703
9.5703
9.5703
5.3711
-0.61035
-5.957
-10.278
-13.11
-14.526
-15.259
-15.723
-15.894
-16.113
-16.235
-16.333
-16.382
-16.528
-16.577
-16.553
-16.65
-16.626
-16.577
-16.577
-16.602
-16.602
-16.675
-16.675
-16.724
-16.748
-16.748
-16.675
-16.65
-16.675
-12.134
-4.0283
0.95215
6.7627
11.206
14.038
15.601
16.357
16.943
17.31
17.48
17.627
17.773
17.798
17.896
17.896
17.871
17.969
17.944
17.993
18.042
18.018
18.091
18.115
18.042
18.091
18.066
18.042
18.14
18.091
13.55
5.3955
-0.53711
-6.0547
-11.011
-14.087
-15.869
-16.846
-17.31
-17.7
-17.871
-17.993
-18.164
-18.164
-18.286
-18.408
-18.384
-18.433
-18.457
-18.359
-18.481
-18.408
-18.457
-18.579
-18.481
-18.579
-18.604
-18.53
-18.555
-18.481
-18.14
-17.139
-16.333
-15.869
-15.527
-15.186
-14.868
-14.697
-14.478
-14.355
-14.233
-14.209
-14.136
-14.111
-14.136
-14.111
-14.063
-14.014
-13.989
-13.916
-13.916
-13.892
-13.867
-13.794
-13.892
-13.916
-13.94
-13.867
-13.94
-13.965
-14.111
-16.211
-17.798
-18.579
-19.189
-19.556
-19.702
-19.971
-19.971
-20.093
-20.19
-20.117
-20.215
-20.215
-20.288
-20.361
-20.361
-20.435
-20.361
-20.361
-20.41
-20.337
-20.41
-20.435
-20.508
-20.508
-20.435
-20.435
-20.386
-20.41
-16.333
-7.9834
-1.7334
3.0273
8.3984
13.452
16.089
17.676
18.604
19.165
19.434
19.751
19.824
19.971
20.068
20.142
20.215
20.239
20.264
20.288
20.239
20.361
20.313
20.361
20.435
20.386
20.386
20.361
20.386
20.435
18.799
12.036
6.7871
3.4912
1.709
0.78125
0.29297
0.12207
0.024414
-0.073242
-0.048828
0
0
0
0
0
0
0
0
0
0
0
0
0
0
0
0
0
0
0
-0.83008
-4.1504
-6.9092
-8.4717
-9.082
-9.4482
-9.6191
-9.8145
-9.8633
-9.9121
-9.8877
-9.8877
-9.9609
-9.9365
-9.8877
-9.8877
-9.8877
-9.9365
-9.9609
-10.01
-9.9609
-10.034
-10.059
-10.083
-10.083
-10.059
-10.107
-10.107
-10.059
-10.01
-10.156
-11.475
-12.329
-12.891
-13.135
-13.379
-13.525
-13.599
-13.623
-13.721
-13.794
-13.745
-13.696
-13.794
-13.721
-13.721
-13.721
-13.794
-13.843
-13.794
-13.843
-13.94
-13.916
-13.867
-13.843
-13.818
-13.794
-13.77
-13.843
-13.843
-11.084
-3.418
2.8564
9.2285
14.185
17.017
18.53
19.458
20.044
20.361
20.654
20.776
20.898
20.972
21.094
21.143
21.118
21.118
21.191
21.216
21.265
21.313
21.387
21.289
21.338
21.313
21.265
21.387
21.338
21.436
19.043
10.742
3.5645
-1.0742
-5.0537
-8.1787
-9.5459
-10.229
-10.767
-10.938
-11.06
-11.23
-11.304
-11.353
-11.377
-11.426
-11.401
-11.475
-11.401
-11.353
-11.353
-11.353
-11.401
-11.353
-11.401
-11.426
-11.475
-11.523
-11.475
-11.475
-9.2041
-1.8311
4.3457
10.01
14.38
17.017
18.335
19.141
19.702
20.02
20.166
20.361
20.386
20.532
20.557
20.679
20.728
20.728
20.752
20.728
20.776
20.679
20.825
20.825
20.85
20.898
20.874
20.825
20.874
20.874
19.922
13.354
7.5928
4.0039
1.9775
0.92773
0.41504
0.097656
0
-0.12207
-0.1709
-0.14648
-0.097656
0
0
0.048828
0
0
0
0
0
0
0
0
0
0
0
0
0
0
0.097656
0.85449
1.3672
1.6846
1.7578
1.8311
1.9043
1.9043
1.8555
1.9287
1.8799
1.8799
1.9287
1.9043
1.8799
1.8555
1.9287
1.8555
1.9043
1.9043
1.8555
1.9287
1.8799
1.9043
1.8799
1.9287
1.9287
1.9287
1.9287
1.9043
2.2217
5.7861
10.107
12.207
13.428
14.087
14.453
14.648
14.844
14.99
14.99
15.039
15.039
15.063
15.112
15.112
15.186
15.186
15.186
15.308
15.21
15.259
15.283
15.234
15.161
15.283
15.21
15.259
15.259
15.308
15.405
16.528
17.529
18.14
18.506
18.774
18.921
19.067
19.092
19.165
19.36
19.214
19.336
19.36
19.336
19.409
19.385
19.434
19.507
19.458
19.507
19.458
19.458
19.507
19.434
19.507
19.482
19.507
19.556
19.458
18.408
11.987
6.1523
2.2461
0.48828
-0.61035
-1.0986
-1.2939
-1.3916
-1.4404
-1.4893
-1.4648
-1.5137
-1.5381
-1.5137
-1.4648
-1.4893
-1.4648
-1.4893
-1.416
-1.4404
-1.4648
-1.4404
-1.4648
-1.3916
-1.416
-1.4404
-1.4404
-1.416
-1.4648
-1.4893
-5.3467
-10.742
-14.331
-16.26
-17.432
-18.14
-18.506
-18.677
-19.019
-19.067
-19.116
-19.165
-19.214
-19.238
-19.336
-19.36
-19.434
-19.458
-19.434
-19.458
-19.385
-19.482
-19.434
-19.458
-19.556
-19.531
-19.556
-19.507
-19.458
-19.531
-19.507
-19.629
-19.702
-19.775
-19.897
-19.775
-19.873
-19.849
-19.824
-19.922
-19.897
-19.971
-20.02
-19.946
-19.995
-19.897
-19.995
-19.922
-19.995
-19.995
-19.995
-20.068
-19.995
-19.971
-19.946
-19.946
-19.995
-19.995
-20.044
-19.995
-19.775
-19.507
-19.287
-19.141
-19.092
-18.994
-18.921
-18.896
-18.872
-18.823
-18.75
-18.677
-18.701
-18.652
-18.677
-18.701
-18.677
-18.652
-18.652
-18.555
-18.604
-18.579
-18.555
-18.628
-18.604
-18.652
-18.652
-18.604
-18.604
-17.7
-11.279
-5.6641
-2.832
-1.0742
0.073242
0.63477
0.83008
0.92773
1.001
1.0742
1.001
1.0254
1.0986
1.0254
1.0498
1.0742
1.0254
1.0498
1.0498
1.001
1.0254
1.0742
1.0254
1.001
1.0254
1.001
1.0254
0.97656
1.0254
0.97656
0.87891
0.73242
0.56152
0.43945
0.3418
0.31738
0.19531
0.14648
0.097656
0.073242
0.14648
0.1709
0.12207
0.097656
0.073242
0.024414
0
0
0
0
0
0
0
0
0
0
0
0
0
0.048828
2.2705
4.0527
5.0781
5.5664
5.7861
5.9814
6.0059
6.0303
6.1035
6.1279
6.1523
6.1523
6.2012
6.2256
6.2012
6.2256
6.2256
6.2744
6.2744
6.2744
6.2988
6.2744
6.2744
6.2744
6.25
6.2744
6.25
6.2256
6.2256
6.1279
7.9346
10.864
12.5
13.306
13.818
14.087
14.307
14.429
14.478
14.575
14.673
14.6
14.673
14.673
14.648
14.624
14.673
14.746
14.722
14.722
14.819
14.819
14.771
14.795
14.795
14.722
14.746
14.795
14.722
14.185
8.8867
3.1982
-0.36621
-2.5391
-3.6377
-4.1992
-4.4678
-4.6143
-4.6875
-4.7363
-4.7607
-4.834
-4.8584
-4.8096
-4.834
-4.8096
-4.7119
-4.7363
-4.7363
-4.7119
-4.7363
-4.7363
-4.7119
-4.7607
-4.7119
-4.7363
-4.7119
-4.7119
-4.7363
-4.6387
-6.958
-12.598
-16.65
-18.555
-20.044
-20.679
-21.143
-21.484
-21.46
-21.802
-21.851
-21.973
-22.046
-22.168
-22.119
-22.144
-22.192
-22.144
-22.29
-22.168
-22.363
-22.314
-22.314
-22.168
-22.266
-22.314
-22.29
-22.412
-22.339
-21.875
-13.965
-6.2012
-0.63477
4.6875
9.7412
12.964
15.112
16.162
16.772
17.212
17.383
17.627
17.749
17.725
17.822
17.847
17.871
17.92
17.92
17.969
18.042
17.993
18.091
18.066
18.018
18.042
18.066
18.042
18.115
17.7
11.523
4.8096
-0.19531
-4.126
-6.1279
-7.3486
-7.8369
-8.2031
-8.2764
-8.4961
-8.4717
-8.4961
-8.5693
-8.5449
-8.5938
-8.5449
-8.5205
-8.4717
-8.4473
-8.5449
-8.5449
-8.5205
-8.5205
-8.5449
-8.5693
-8.6426
-8.6426
-8.6426
-8.6426
-8.6182
-8.1787
-7.4707
-7.1533
-6.8359
-6.4697
-6.25
-6.0547
-5.9082
-5.7617
-5.5908
-5.5908
-5.4199
-5.3711
-5.3467
-5.249
-5.2734
-5.2246
-5.3467
-5.2979
-5.3223
-5.2979
-5.2734
-5.3223
-5.2734
-5.3223
-5.249
-5.3711
-5.3223
-5.2979
-5.2979
-0.68359
5.1758
10.767
14.771
16.968
18.164
18.823
19.336
19.58
19.727
19.971
19.922
20.117
20.166
20.215
20.288
20.239
20.288
20.264
20.239
20.361
20.288
20.41
20.41
20.386
20.41
20.361
20.435
20.41
20.435
16.772
11.963
8.3984
6.1279
4.834
4.1016
3.7109
3.4668
3.1494
2.9785
2.8076
2.5879
2.4658
2.3193
2.1973
2.1484
2.002
2.002
1.9775
1.9531
1.9775
1.9775
2.002
1.9531
2.002
1.9531
2.002
1.9775
2.0264
1.9531
2.5146
3.9795
4.5898
4.8584
5.0781
5.127
5.2246
5.2246
5.2734
5.2734
5.3223
5.2979
5.2734
5.2734
5.2979
5.3223
5.2734
5.2734
5.249
5.2979
5.1758
5.1514
5.2002
5.1514
5.1514
5.2246
5.249
5.1758
5.249
0.87891
-3.833
-8.8623
-12.402
-14.6
-15.698
-16.309
-16.65
-16.968
-17.163
-17.212
-17.358
-17.383
-17.407
-17.456
-17.407
-17.456
-17.554
-17.48
-17.603
-17.627
-17.676
-17.603
-17.627
-17.554
-17.578
-17.603
-17.578
-17.676
-17.651
-16.626
-14.648
-13.403
-12.476
-11.963
-11.597
-11.279
-10.986
-10.84
-10.718
-10.62
-10.596
-10.449
-10.425
-10.4
-10.327
-10.303
-10.229
-10.107
-10.107
-10.059
-10.059
-9.9854
-9.9854
-10.034
-10.059
-10.034
-10.083
-10.083
-10.107
-9.0576
-7.0068
-5.7373
-5.0781
-4.6631
-4.3945
-4.126
-3.9307
-3.7109
-3.54
-3.4424
-3.2227
-3.125
-3.0518
-2.9541
-2.8809
-2.832
-2.8809
-2.7832
-2.8564
-2.832
-2.8564
-2.9053
-2.8564
-2.8809
-2.8809
-2.9297
-2.9297
-2.8809
-2.9297
-3.7598
-9.6924
-13.574
-16.284
-17.7
-18.384
-18.896
-19.092
-19.336
-19.434
-19.482
-19.678
-19.653
-19.775
-19.897
-19.775
-19.873
-19.824
-19.824
-19.946
-19.873
-19.971
-19.971
-19.971
-19.995
-19.873
-19.971
-19.922
-19.971
-19.971
-15.234
-8.1543
-2.5879
0.48828
3.8574
5.5664
6.5186
6.9824
7.2754
7.4219
7.4951
7.5684
7.5684
7.6172
7.5928
7.6416
7.666
7.7393
7.6172
7.6172
7.5195
7.5928
7.5439
7.5439
7.5928
7.5439
7.4951
7.6172
7.5684
7.6172
4.0527
-2.0264
-7.1777
-11.646
-13.916
-15.161
-15.771
-16.113
-16.431
-16.65
-16.699
-16.821
-16.919
-16.992
-17.017
-16.992
-16.919
-17.065
-17.017
-16.992
-17.114
-17.114
-17.114
-17.212
-17.188
-17.09
-17.139
-17.114
-17.065
-17.163
-17.358
-19.043
-20.239
-20.801
-21.265
-21.387
-21.68
-21.777
-21.875
-21.997
-22.021
-22.144
-22.119
-22.119
-22.144
-22.217
-22.217
-22.217
-22.314
-22.314
-22.29
-22.266
-22.29
-22.29
-22.314
-22.314
-22.388
-22.339
-22.29
-22.339
-21.997
-21.191
-20.532
-20.068
-19.678
-19.312
-19.043
-18.848
-18.677
-18.677
-18.579
-18.481
-18.457
-18.408
-18.311
-18.286
-18.213
-18.213
-18.237
-18.237
-18.213
-18.262
-18.237
-18.164
-18.14
-18.188
-18.164
-18.066
-18.213
-18.213
-14.258
-6.1523
-0.83008
3.3447
7.8369
10.132
11.499
12.28
12.598
12.866
12.964
13.159
13.184
13.184
13.184
13.232
13.232
13.232
13.257
13.306
13.33
13.33
13.379
13.452
13.354
13.354
13.403
13.379
13.354
13.306
12.5
9.3262
7.0801
5.835
5.1025
4.7363
4.4678
4.2969
4.0527
3.9551
3.833
3.6377
3.54
3.418
3.3691
3.2227
3.1738
3.1006
3.0762
3.0273
3.0029
2.9297
2.9053
2.9297
2.832
2.8809
2.8564
2.832
2.8076
2.8564
2.832
5.5664
7.1777
7.959
8.374
8.6182
8.7646
8.8379
8.8867
8.9844
9.0088
9.0576
9.0576
9.0332
9.1309
9.082
9.082
9.1553
9.0576
9.0332
9.0088
8.9844
9.0088
8.96
8.9844
8.9844
9.0088
9.0332
9.1064
9.0576
7.373
1.6602
-2.1973
-4.9561
-6.3965
-7.1777
-7.6172
-7.8125
-7.8857
-7.9346
-7.9834
-7.959
-8.0322
-7.959
-8.0322
-7.9834
-7.9834
-8.0078
-8.0322
-8.0811
-8.0811
-8.1055
-8.1055
-8.0811
-8.2031
-8.1787
-8.2275
-8.1543
-8.2031
-8.1543
-8.252
-10.571
-13.062
-14.233
-14.893
-15.283
-15.503
-15.723
-15.894
-15.894
-16.016
-16.064
-16.113
-16.064
-16.113
-16.089
-16.064
-16.211
-16.162
-16.162
-16.26
-16.309
-16.235
-16.26
-16.211
-16.162
-16.235
-16.187
-16.187
-16.26
-15.332
-10.522
-6.8604
-4.6631
-3.3447
-2.6855
-2.2949
-2.0264
-1.8311
-1.6357
-1.4648
-1.2451
-1.0986
-0.92773
-0.78125
-0.70801
-0.61035
-0.58594
-0.53711
-0.56152
-0.48828
-0.5127
-0.5127
-0.48828
-0.46387
-0.5127
-0.5127
-0.5127
-0.56152
-0.46387
-0.12207
2.4414
3.9307
4.7852
5.1514
5.4443
5.5176
5.6152
5.6641
5.6641
5.7129
5.7617
5.7373
5.8105
5.7373
5.835
5.7617
5.7617
5.7617
5.7861
5.8105
5.8594
5.7617
5.7861
5.6885
5.6885
5.6641
5.6885
5.6152
5.6885
5.542
9.7656
13.892
16.992
18.652
19.482
20.142
20.41
20.605
20.825
20.898
20.996
21.045
21.118
21.191
21.191
21.289
21.24
21.289
21.289
21.265
21.362
21.362
21.387
21.362
21.411
21.338
21.362
21.411
21.338
19.629
11.499
4.4189
-0.75684
-4.8096
-7.6904
-9.2041
-9.9121
-10.278
-10.571
-10.645
-10.791
-10.889
-10.889
-10.889
-10.913
-10.913
-10.864
-10.864
-10.84
-10.889
-10.938
-10.962
-10.938
-10.962
-11.035
-11.06
-11.035
-11.011
-11.06
-10.864
-9.2285
-7.8369
-7.0557
-6.665
-6.2988
-6.0791
-5.835
-5.6152
-5.4932
-5.3955
-5.2979
-5.2246
-5.1025
-5.127
-5.0537
-5.0537
-5.0049
-4.9316
-4.9072
-4.9072
-4.8584
-4.8584
-4.8828
-4.9072
-4.8584
-4.8584
-4.8828
-4.7852
-4.8096
-4.834
-5.7861
-6.8604
-7.373
-7.6172
-7.8125
-7.8613
-7.9346
-7.959
-7.959
-8.1299
-8.1299
-8.1055
-8.1299
-8.0811
-8.1787
-8.1787
-8.2275
-8.2031
-8.2031
-8.1299
-8.1055
-8.1299
-8.0811
-8.1055
-8.0322
-8.0322
-7.9834
-8.0811
-8.1055
-8.1787
-9.4971
-11.743
-12.769
-13.354
-13.672
-13.77
-13.989
-14.038
-14.038
-14.063
-14.111
-14.136
-14.136
-14.282
-14.282
-14.258
-14.355
-14.38
-14.307
-14.307
-14.307
-14.258
-14.233
-14.282
-14.331
-14.307
-14.355
-14.355
-14.453
-13.354
-5.7129
-0.61035
3.1982
8.667
11.841
13.843
14.893
15.503
15.82
16.162
16.211
16.284
16.382
16.382
16.431
16.528
16.479
16.602
16.577
16.602
16.724
16.626
16.602
16.65
16.65
16.577
16.675
16.724
16.626
16.504
11.89
7.2754
4.3213
2.6123
1.7334
1.2451
1.001
0.75684
0.58594
0.36621
0.19531
0.073242
0.024414
-0.048828
-0.048828
-0.024414
-0.024414
0
0
0
0
0
0
0
0
0
0
0
0
0.097656
3.54
8.3496
12.256
13.916
14.893
15.503
15.869
16.04
16.235
16.357
16.357
16.455
16.479
16.431
16.528
16.577
16.553
16.577
16.65
16.626
16.675
16.675
16.626
16.65
16.602
16.626
16.699
16.65
16.675
16.089
8.96
1.0254
-4.8096
-9.3994
-12.476
-14.233
-15.112
-15.674
-15.991
-16.138
-16.235
-16.309
-16.357
-16.406
-16.406
-16.479
-16.553
-16.602
-16.626
-16.699
-16.675
-16.65
-16.65
-16.602
-16.626
-16.699
-16.675
-16.724
-16.748
-16.235
-9.0576
-2.4902
2.2949
6.665
9.4482
10.986
11.694
12.109
12.378
12.476
12.598
12.72
12.72
12.744
12.744
12.793
12.744
12.695
12.817
12.842
12.793
12.866
12.866
12.964
12.842
12.939
12.915
12.915
12.817
12.866
13.794
16.577
17.944
18.774
19.238
19.604
19.8
19.824
20.044
19.995
20.117
20.19
20.19
20.313
20.313
20.337
20.313
20.313
20.361
20.337
20.386
20.386
20.435
20.483
20.386
20.41
20.386
20.386
20.435
20.337
15.942
9.3994
5.0049
2.417
1.1475
0.41504
0.12207
0.024414
-0.048828
-0.024414
-0.024414
0
0
0
0
0
0
0
0
0
0
0
0
0
0
0
0
0
0
0
0
0
0
0
0
0
0
0
0
0
0
0
0
0
0
0
0
0
0
0
0
0
0
0
0
0
0
0
0
0
-2.2461
-7.666
-11.719
-13.721
-14.844
-15.454
-15.869
-16.064
-16.211
-16.309
-16.309
-16.382
-16.431
-16.406
-16.504
-16.626
-16.602
-16.626
-16.699
-16.675
-16.626
-16.65
-16.626
-16.626
-16.675
-16.724
-16.699
-16.748
-16.699
-11.06
-5.1758
-1.2939
1.5137
3.0762
3.8818
4.2725
4.4678
4.5654
4.6387
4.6875
4.6875
4.7119
4.7119
4.7852
4.8096
4.8096
4.7607
4.8584
4.8584
4.834
4.8584
4.7852
4.834
4.834
4.834
4.8828
4.834
4.8828
4.8584
2.1729
-2.0752
-4.126
-5.4443
-6.0059
-6.2744
-6.4209
-6.4941
-6.6406
-6.6406
-6.6895
-6.7139
-6.7383
-6.6895
-6.6895
-6.6406
-6.665
-6.6406
-6.6162
-6.6162
-6.5918
-6.5674
-6.5674
-6.5674
-6.6406
-6.6406
-6.6895
-6.665
-6.7139
-6.665
-3.0518
2.002
5.6396
7.6416
8.6914
9.2285
9.4727
9.6436
9.668
9.8145
9.79
9.8389
9.8389
9.8145
9.9609
9.9609
9.9854
9.9854
9.9854
10.083
10.083
10.059
10.083
10.034
10.01
10.01
10.01
9.9121
9.9121
9.9609
7.373
3.6865
1.6113
0.3418
-0.12207
-0.43945
-0.5127
-0.56152
-0.63477
-0.58594
-0.63477
-0.61035
-0.61035
-0.58594
-0.56152
-0.58594
-0.61035
-0.61035
-0.58594
-0.5127
-0.58594
-0.53711
-0.58594
-0.56152
-0.58594
-0.56152
-0.5127
-0.53711
-0.5127
-0.53711
-1.8066
-5.7861
-9.0332
-10.669
-11.499
-12.012
-12.207
-12.378
-12.598
-12.671
-12.695
-12.72
-12.842
-12.891
-12.842
-12.842
-12.817
-12.866
-12.744
-12.817
-12.817
-12.817
-12.842
-12.842
-12.988
-12.891
-12.939
-12.964
-12.964
-12.891
-12.427
-11.426
-10.864
-10.352
-10.034
-9.8145
-9.6191
-9.4482
-9.3506
-9.2285
-9.1309
-9.0332
-9.0576
-8.96
-8.9111
-8.7646
-8.7158
-8.667
-8.6182
-8.6182
-8.5693
-8.5693
-8.5693
-8.5938
-8.6182
-8.6426
-8.6426
-8.6426
-8.6426
-8.7158
-8.2031
-6.958
-6.1768
-5.6885
-5.4443
-5.1514
-4.9561
-4.7119
-4.5654
-4.4189
-4.2725
-4.126
-4.0039
-3.9551
-3.8574
-3.833
-3.8086
-3.8086
-3.8818
-3.8574
-3.833
-3.8818
-3.8574
-3.8818
-3.8574
-3.8574
-3.8818
-3.8818
-3.9063
-3.8818
-2.4658
-0.29297
1.1963
1.8311
2.124
2.2949
2.3682
2.3926
2.4658
2.4658
2.4658
2.4902
2.5146
2.4414
2.4902
2.5146
2.4658
2.4902
2.4658
2.3926
2.417
2.417
2.3682
2.3438
2.3682
2.3682
2.3682
2.3926
2.3682
2.3682
3.418
6.4697
9.2041
10.596
11.23
11.621
11.938
12.085
12.109
12.183
12.305
12.329
12.305
12.329
12.378
12.329
12.305
12.256
12.354
12.354
12.329
12.378
12.378
12.451
12.451
12.427
12.476
12.476
12.427
12.329
9.5459
3.0273
-2.3438
-5.3955
-7.8857
-8.9844
-9.5703
-9.8633
-10.083
-10.156
-10.278
-10.376
-10.449
-10.425
-10.474
-10.449
-10.571
-10.547
-10.547
-10.474
-10.425
-10.449
-10.425
-10.449
-10.4
-10.4
-10.498
-10.522
-10.522
-10.522
-10.596
-14.136
-16.992
-18.604
-19.531
-19.946
-20.386
-20.63
-20.752
-20.972
-20.996
-21.118
-21.118
-21.143
-21.191
-21.167
-21.265
-21.24
-21.387
-21.387
-21.313
-21.338
-21.313
-21.362
-21.362
-21.436
-21.387
-21.436
-21.362
-21.338
-17.505
-8.8867
-1.9043
3.4912
9.1309
13.745
16.602
18.481
19.409
19.922
20.386
20.63
20.776
20.947
21.021
21.094
21.069
21.143
21.191
21.167
21.24
21.265
21.362
21.313
21.216
21.338
21.289
21.338
21.338
21.387
18.213
8.5938
1.9531
-2.9541
-9.3262
-13.159
-15.601
-16.772
-17.529
-18.018
-18.262
-18.481
-18.604
-18.579
-18.677
-18.75
-18.75
-18.896
-18.896
-18.921
-19.019
-18.945
-19.019
-18.921
-18.945
-19.043
-18.97
-19.092
-19.067
-19.043
-16.138
-7.8125
-1.5137
3.8574
9.7168
13.208
15.845
17.188
17.944
18.384
18.677
18.921
18.994
19.116
19.141
19.189
19.263
19.287
19.385
19.336
19.409
19.458
19.385
19.482
19.458
19.458
19.482
19.458
19.507
19.531
19.409
19.067
18.604
18.286
18.115
17.871
17.798
17.7
17.554
17.529
17.456
17.31
17.358
17.31
17.261
17.31
17.236
17.236
17.261
17.212
17.163
17.188
17.163
17.163
17.212
17.139
17.212
17.212
17.163
17.139
15.601
8.7646
2.8564
-0.3418
-2.4658
-3.5156
-4.1016
-4.4189
-4.541
-4.5898
-4.6387
-4.6875
-4.6875
-4.6875
-4.6875
-4.7119
-4.7363
-4.7607
-4.7363
-4.7852
-4.7607
-4.7607
-4.834
-4.8096
-4.7607
-4.834
-4.834
-4.7852
-4.9072
-4.8584
-3.5156
2.5146
7.373
11.084
12.988
14.038
14.575
14.893
15.161
15.259
15.308
15.381
15.479
15.503
15.576
15.625
15.649
15.601
15.649
15.649
15.601
15.625
15.674
15.625
15.698
15.723
15.723
15.747
15.771
15.723
15.698
16.821
17.676
18.262
18.628
18.799
19.043
19.067
19.141
19.165
19.214
19.238
19.312
19.312
19.434
19.385
19.434
19.434
19.36
19.434
19.458
19.458
19.507
19.482
19.531
19.531
19.482
19.507
19.458
19.434
19.507
19.067
18.75
18.433
18.115
17.944
17.7
17.651
17.578
17.505
17.407
17.456
17.407
17.31
17.285
17.212
17.236
17.236
17.188
17.212
17.236
17.212
17.212
17.188
17.114
17.163
17.139
17.114
17.188
17.139
15.82
7.9102
1.8311
-2.2949
-6.9092
-9.8877
-11.377
-12.134
-12.549
-12.817
-12.964
-13.086
-13.11
-13.159
-13.086
-13.184
-13.208
-13.208
-13.257
-13.33
-13.354
-13.379
-13.379
-13.428
-13.403
-13.379
-13.354
-13.354
-13.33
-13.306
-13.208
-14.478
-15.649
-16.309
-16.772
-16.968
-17.09
-17.212
-17.236
-17.334
-17.358
-17.383
-17.529
-17.529
-17.578
-17.578
-17.627
-17.505
-17.603
-17.505
-17.578
-17.627
-17.651
-17.627
-17.749
-17.627
-17.603
-17.651
-17.554
-17.627
-17.383
-13.086
-8.7891
-6.0303
-4.3457
-3.4668
-2.9541
-2.6611
-2.4658
-2.2949
-2.1484
-1.9775
-1.8555
-1.6357
-1.5381
-1.416
-1.2939
-1.1719
-1.1475
-1.0498
-1.001
-1.0254
-1.0254
-0.97656
-0.95215
-1.001
-0.97656
-0.97656
-0.92773
-0.97656
-0.78125
3.0273
8.3252
11.987
13.818
14.917
15.479
15.894
16.089
16.162
16.309
16.382
16.357
16.406
16.479
16.479
16.528
16.602
16.626
16.626
16.675
16.626
16.626
16.626
16.626
16.675
16.65
16.675
16.724
16.724
16.04
8.2764
0.87891
-3.6133
-9.3506
-12.866
-15.015
-16.138
-16.797
-17.212
-17.407
-17.603
-17.676
-17.749
-17.749
-17.822
-17.798
-17.896
-17.993
-17.969
-18.066
-18.091
-17.993
-18.066
-18.018
-17.993
-18.091
-18.066
-18.091
-18.188
-18.14
-18.188
-18.213
-18.262
-18.311
-18.359
-18.359
-18.506
-18.481
-18.53
-18.579
-18.457
-18.481
-18.53
-18.457
-18.53
-18.579
-18.604
-18.652
-18.53
-18.555
-18.579
-18.481
-18.555
-18.555
-18.604
-18.652
-18.579
-18.628
-18.579
-18.14
-10.693
-3.3203
1.9287
7.2754
11.328
13.354
14.673
15.308
15.698
15.942
16.211
16.211
16.357
16.479
16.455
16.479
16.553
16.479
16.504
16.577
16.577
16.626
16.626
16.675
16.699
16.65
16.65
16.675
16.65
16.626
14.844
12.622
11.182
10.205
9.6924
9.375
9.0576
8.8867
8.6182
8.3496
8.252
8.1055
8.0322
7.9346
7.8369
7.7881
7.7148
7.7148
7.7148
7.7393
7.7637
7.6904
7.666
7.7148
7.7148
7.7148
7.7148
7.7148
7.7393
7.5684
1.2939
-3.6133
-9.9854
-14.331
-17.212
-18.652
-19.629
-20.142
-20.41
-20.63
-20.752
-20.85
-20.947
-21.069
-21.167
-21.167
-21.289
-21.167
-21.24
-21.24
-21.265
-21.387
-21.313
-21.436
-21.387
-21.362
-21.338
-21.362
-21.338
-21.387
-14.893
-7.7148
-1.6602
2.5391
5.957
7.8857
8.7646
9.2529
9.4971
9.7168
9.79
9.9365
9.8877
9.8877
9.9609
9.9121
9.9365
9.8877
9.8877
9.8389
9.9365
9.9365
9.9609
9.9121
10.01
10.034
10.059
10.034
10.034
4.0283
-2.71
-9.8633
-14.478
-17.847
-19.629
-20.679
-21.313
-21.655
-21.948
-21.997
-22.241
-22.363
-22.461
-22.51
-22.583
-22.607
-22.583
-22.656
-22.656
-22.729
-22.705
-22.827
-22.754
-22.754
-22.729
-22.729
-22.803
-22.778
-22.9
-16.968
-9.375
-2.9785
1.1475
4.4922
7.3975
8.7402
9.375
9.8145
10.059
10.181
10.254
10.327
10.376
10.449
10.498
10.449
10.498
10.474
10.547
10.474
10.425
10.4
10.425
10.449
10.4
10.425
10.474
10.522
10.498
5.0293
-2.1973
-8.3496
-13.11
-16.089
-17.7
-18.579
-19.067
-19.482
-19.653
-19.8
-20.044
-20.044
-20.19
-20.19
-20.215
-20.264
-20.239
-20.313
-20.337
-20.361
-20.41
-20.386
-20.459
-20.386
-20.386
-20.435
-20.41
-20.459
-20.435
-14.966
-6.8359
-0.85449
3.833
8.4961
11.328
12.646
13.452
13.916
14.111
14.331
14.453
14.551
14.478
14.624
14.575
14.551
14.673
14.697
14.673
14.697
14.746
14.819
14.746
14.795
14.795
14.722
14.697
14.746
14.771
12.427
8.0566
5.0537
3.3203
2.3926
1.8799
1.6113
1.4404
1.3184
1.123
1.0254
0.90332
0.80566
0.65918
0.58594
0.46387
0.36621
0.29297
0.24414
0.29297
0.26855
0.19531
0.14648
0.1709
0.21973
0.19531
0.1709
0.14648
0.073242
0.14648
0.75684
4.3701
6.2256
7.3242
7.8369
8.1055
8.3252
8.3252
8.3496
8.4229
8.4229
8.4473
8.5205
8.4961
8.5205
8.5205
8.5938
8.6182
8.6426
8.6426
8.6182
8.6426
8.667
8.667
8.667
8.6182
8.5449
8.5449
8.5449
8.5449
8.7891
11.841
13.892
14.966
15.479
15.869
16.089
16.284
16.284
16.357
16.431
16.406
16.479
16.504
16.504
16.553
16.675
16.65
16.602
16.675
16.626
16.602
16.65
16.602
16.675
16.65
16.675
16.748
16.748
16.724
12.036
4.1992
-2.0264
-8.4229
-13.379
-16.602
-18.628
-19.653
-20.361
-20.801
-21.045
-21.191
-21.24
-21.411
-21.411
-21.533
-21.582
-21.68
-21.729
-21.655
-21.704
-21.68
-21.777
-21.729
-21.802
-21.802
-21.802
-21.826
-21.777
-21.826
-21.582
-20.825
-20.361
-19.849
-19.556
-19.214
-18.97
-18.799
-18.652
-18.555
-18.481
-18.457
-18.457
-18.359
-18.311
-18.286
-18.164
-18.237
-18.237
-18.115
-18.286
-18.237
-18.164
-18.237
-18.14
-18.14
-18.115
-18.115
-18.188
-18.188
-18.311
-18.994
-19.312
-19.58
-19.824
-19.873
-20.068
-20.093
-20.142
-20.288
-20.239
-20.288
-20.288
-20.264
-20.361
-20.337
-20.459
-20.435
-20.41
-20.435
-20.361
-20.41
-20.361
-20.41
-20.483
-20.459
-20.532
-20.41
-20.41
-20.41
-20.288
-19.995
-19.58
-19.312
-19.092
-18.823
-18.726
-18.579
-18.457
-18.457
-18.408
-18.384
-18.408
-18.262
-18.359
-18.213
-18.14
-18.237
-18.164
-18.14
-18.213
-18.188
-18.188
-18.164
-18.115
-18.164
-18.115
-18.066
-18.164
-18.14
-18.359
-19.727
-20.703
-21.289
-21.68
-21.973
-22.119
-22.314
-22.412
-22.461
-22.559
-22.51
-22.632
-22.534
-22.607
-22.705
-22.729
-22.754
-22.705
-22.754
-22.705
-22.803
-22.754
-22.852
-22.778
-22.827
-22.729
-22.803
-22.803
-22.778
-19.482
-11.157
-3.9551
1.416
7.1533
12.231
15.82
17.651
18.701
19.434
19.824
20.117
20.264
20.361
20.508
20.532
20.605
20.679
20.703
20.825
20.703
20.825
20.752
20.752
20.874
20.85
20.898
20.898
20.923
20.874
18.75
11.597
6.1035
2.1973
-0.5127
-1.7334
-2.3193
-2.6123
-2.7588
-2.8076
-2.8809
-2.9297
-2.8809
-2.9053
-2.9053
-2.9297
-2.9053
-2.9053
-2.9297
-2.8564
-2.8564
-2.8809
-2.8809
-2.832
-2.8564
-2.8076
-2.832
-2.8564
-2.8564
-2.7832
-1.6846
3.2959
8.1299
11.45
13.184
14.111
14.697
14.941
15.186
15.332
15.43
15.405
15.527
15.503
15.503
15.601
15.601
15.601
15.649
15.674
15.674
15.723
15.723
15.649
15.674
15.698
15.674
15.674
15.747
15.723
15.259
11.963
9.2041
7.4707
6.4697
5.8594
5.4688
5.2734
4.9561
4.7852
4.6143
4.4678
4.2969
4.1992
4.0771
3.9307
3.9551
3.9063
3.9063
3.9063
3.8818
3.9063
3.9063
3.9063
3.9063
3.9063
3.8818
3.9063
3.8818
3.9063
3.2715
1.8066
0.56152
-0.14648
-0.43945
-0.5127
-0.53711
-0.56152
-0.68359
-0.61035
-0.61035
-0.61035
-0.58594
-0.63477
-0.58594
-0.65918
-0.61035
-0.63477
-0.63477
-0.58594
-0.61035
-0.63477
-0.63477
-0.65918
-0.61035
-0.63477
-0.58594
-0.63477
-0.63477
-0.63477
-1.0498
-4.0283
-7.4707
-9.3018
-10.181
-10.669
-10.864
-11.06
-11.108
-11.157
-11.182
-11.255
-11.328
-11.328
-11.353
-11.353
-11.523
-11.475
-11.426
-11.523
-11.475
-11.45
-11.45
-11.377
-11.377
-11.426
-11.353
-11.426
-11.426
-11.45
-11.475
-10.767
-10.229
-9.8633
-9.6191
-9.3506
-9.0332
-8.9111
-8.7158
-8.5938
-8.4961
-8.3984
-8.3252
-8.252
-8.2275
-8.2764
-8.252
-8.252
-8.2031
-8.2031
-8.1787
-8.252
-8.2275
-8.252
-8.1543
-8.1787
-8.1055
-8.1543
-8.1055
-8.0811
-7.1045
-3.3447
-0.21973
1.2695
2.0264
2.417
2.6123
2.71
2.7588
2.7832
2.8564
2.7832
2.8809
2.8076
2.8564
2.8564
2.832
2.8564
2.8809
2.8564
2.8564
2.9053
2.8809
2.9053
2.9297
2.9297
2.9053
2.9297
2.9541
2.9785
3.0029
5.9082
10.083
12.817
14.111
14.868
15.21
15.527
15.674
15.771
15.82
15.894
15.967
15.967
16.138
16.064
16.138
16.162
16.113
16.113
16.113
16.113
16.162
16.162
16.187
16.211
16.26
16.211
16.138
16.211
15.43
7.5439
0.92773
-4.3701
-8.3496
-10.938
-12.061
-12.598
-13.062
-13.281
-13.403
-13.452
-13.623
-13.647
-13.745
-13.696
-13.818
-13.77
-13.696
-13.745
-13.721
-13.77
-13.721
-13.794
-13.892
-13.843
-13.794
-13.94
-13.94
-13.843
-13.574
-15.601
-18.066
-19.8
-20.825
-21.338
-21.826
-21.997
-22.241
-22.266
-22.363
-22.363
-22.461
-22.583
-22.583
-22.656
-22.632
-22.681
-22.632
-22.705
-22.729
-22.681
-22.803
-22.754
-22.754
-22.729
-22.778
-22.754
-22.876
-22.778
-22.827
-21.387
-19.849
-18.872
-18.091
-17.725
-17.31
-17.017
-16.724
-16.553
-16.284
-16.26
-16.138
-15.967
-16.04
-15.991
-15.991
-15.967
-15.942
-15.894
-15.82
-15.796
-15.723
-15.723
-15.82
-15.771
-15.723
-15.845
-15.845
-15.796
-15.405
-9.8145
-4.9316
-1.6357
-0.21973
0.70801
1.0254
1.2939
1.3184
1.3672
1.416
1.416
1.3916
1.4648
1.416
1.4404
1.4648
1.4404
1.4648
1.416
1.4404
1.4648
1.4404
1.4893
1.4404
1.416
1.4648
1.4404
1.4648
1.4404
1.4893
2.9541
8.0078
10.645
12.256
13.037
13.403
13.696
13.892
13.989
14.014
14.087
14.111
14.087
14.111
14.185
14.209
14.209
14.258
14.282
14.307
14.331
14.307
14.307
14.258
14.258
14.258
14.258
14.307
14.307
14.331
13.721
13.013
12.549
12.109
11.792
11.499
11.377
11.157
10.986
10.938
10.913
10.864
10.791
10.742
10.718
10.791
10.718
10.669
10.645
10.596
10.571
10.522
10.474
10.474
10.498
10.498
10.522
10.474
10.547
10.547
9.3994
7.8369
6.8848
6.3477
6.0547
5.7373
5.5176
5.2734
5.1514
4.9316
4.7363
4.6387
4.541
4.4434
4.3457
4.3701
4.3457
4.3457
4.2969
4.3213
4.2969
4.3457
4.2969
4.3457
4.3213
4.3213
4.3213
4.3701
4.3945
4.3457
-0.29297
-6.5186
-11.768
-14.795
-17.041
-17.969
-18.506
-18.994
-19.141
-19.36
-19.556
-19.58
-19.751
-19.727
-19.702
-19.8
-19.775
-19.824
-19.897
-19.897
-19.922
-20.02
-19.922
-19.922
-19.873
-19.946
-19.971
-19.995
-20.02
-20.264
-20.654
-20.972
-21.094
-21.265
-21.387
-21.509
-21.631
-21.558
-21.655
-21.606
-21.631
-21.729
-21.729
-21.826
-21.826
-21.851
-21.777
-21.826
-21.777
-21.802
-21.899
-21.851
-21.948
-21.826
-21.875
-21.802
-21.802
-21.875
-21.899
-16.406
-9.0576
-2.9541
1.001
3.6133
5.7617
6.5918
7.0068
7.2266
7.4219
7.4463
7.5439
7.5439
7.5928
7.6416
7.6904
7.6416
7.666
7.6172
7.666
7.666
7.5928
7.5928
7.5928
7.4951
7.5439
7.5684
7.5195
7.5928
7.5928
7.4707
7.2998
7.1045
7.0313
6.8848
6.7871
6.6895
6.6162
6.5918
6.5186
6.4697
6.5186
6.3965
6.3721
6.2988
6.2256
6.2012
6.1768
6.1523
6.2012
6.1768
6.1279
6.1279
6.1768
6.1279
6.2012
6.2012
6.25
6.25
6.2744
6.6895
7.4463
7.9346
8.2275
8.3252
8.4717
8.4717
8.4717
8.4961
8.5449
8.5205
8.5205
8.4717
8.4717
8.4473
8.4961
8.5449
8.5693
8.5693
8.5938
8.5938
8.6182
8.6426
8.6914
8.6426
8.6426
8.667
8.6426
8.6182
8.5693
4.4678
-1.6357
-6.4453
-9.9609
-11.841
-12.817
-13.306
-13.647
-13.867
-13.94
-14.063
-14.136
-14.111
-14.087
-14.136
-14.136
-14.111
-14.209
-14.258
-14.233
-14.282
-14.355
-14.38
-14.282
-14.355
-14.331
-14.233
-14.233
-14.307
-14.307
-14.111
-13.745
-13.452
-13.159
-12.915
-12.817
-12.598
-12.451
-12.305
-12.231
-12.231
-12.109
-12.109
-12.109
-12.158
-12.085
-12.109
-12.061
-12.183
-12.036
-12.012
-11.987
-11.938
-11.938
-11.914
-11.89
-11.938
-12.012
-11.963
-11.938
-7.5684
-0.53711
5.6641
10.571
13.647
15.137
16.016
16.479
16.797
17.065
17.065
17.236
17.31
17.285
17.432
17.505
17.432
17.554
17.529
17.48
17.578
17.48
17.578
17.603
17.603
17.603
17.676
17.554
17.627
17.578
13.184
4.248
-2.124
-8.3252
-12.573
-15.649
-17.236
-18.091
-18.677
-18.97
-19.312
-19.458
-19.556
-19.702
-19.653
-19.678
-19.751
-19.751
-19.824
-19.897
-19.897
-19.995
-19.873
-19.995
-19.849
-19.922
-19.922
-19.946
-19.995
-20.044
-19.556
-18.042
-16.919
-16.211
-15.771
-15.308
-15.088
-14.917
-14.673
-14.502
-14.453
-14.307
-14.136
-14.111
-14.063
-14.014
-13.94
-14.014
-14.014
-13.965
-13.989
-14.014
-13.916
-13.916
-13.892
-13.867
-13.77
-13.843
-13.867
-13.843
-13.501
-12.207
-11.377
-10.767
-10.303
-10.034
-9.7412
-9.5703
-9.3262
-9.1553
-9.0576
-8.96
-8.96
-8.9111
-8.7891
-8.8135
-8.7646
-8.8135
-8.7402
-8.8379
-8.7158
-8.7402
-8.7158
-8.667
-8.6914
-8.6426
-8.5693
-8.5205
-8.5449
-8.5449
-7.2021
-2.9541
-0.92773
0.3418
0.92773
1.1719
1.3184
1.3916
1.3916
1.416
1.4648
1.416
1.4404
1.4648
1.4404
1.4648
1.416
1.416
1.4404
1.4404
1.4404
1.416
1.416
1.416
1.4404
1.4404
1.416
1.416
1.4404
1.4404
0.65918
-2.832
-4.8828
-6.1523
-6.7627
-7.1045
-7.2998
-7.373
-7.4951
-7.4951
-7.4951
-7.666
-7.6416
-7.6904
-7.6172
-7.6416
-7.6904
-7.666
-7.7148
-7.7148
-7.6416
-7.6416
-7.5928
-7.5928
-7.4951
-7.6416
-7.5439
-7.4707
-7.5928
-7.5439
-6.958
-4.0039
-1.9531
-0.85449
-0.41504
-0.12207
0
0.097656
0.048828
0.024414
0
0
0
0
0
0
0
0
0
0
0
0
0
0
0
0
0
0
0
