0,0,0
0.5127,0.097656,0.85449
2.9541,2.9541,4.1016
5.5176,4.3701,5.6396
6.7139,6.0791,6.8848
7.373,6.543,7.959
8.1543,7.5928,8.2275
8.5449,8.0322,8.5205
8.5938,8.1787,8.6182
8.7891,8.5449,8.7402
8.8867,8.5693,8.8623
8.8867,8.667,8.8623
8.8623,8.7646,8.8135
8.7158,8.8379,8.7158
8.7402,8.8867,8.7646
8.8135,8.8135,8.6426
8.9111,8.7646,8.4961
8.7646,8.9111,8.5693
8.7158,8.9111,8.7158
8.667,8.9844,8.6914
8.7891,8.8623,8.667
8.8135,8.7891,8.8867
8.9355,8.7891,8.8867
8.8867,8.7891,8.9111
8.7646,8.8867,8.8379
8.8135,8.8379,8.8379
8.8623,8.7646,8.8867
8.96,8.7402,8.9844
9.0088,8.7402,9.0088
8.9355,8.7891,8.9111
