0
0.1709
0.65918
1.1475
2.002
3.6377
4.1016
5.127
5.4932
6.1523
5.9814
5.3223
5.5664
6.665
6.7627
6.25
6.2988
6.4209
6.6895
6.9824
6.7383
6.0059
6.543
6.5674
6.5918
7.251
6.4453
6.3965
6.9336
6.5674
6.8359
5.4443
1.1719
0.1709
-0.024414
-0.14648
-0.43945
-0.95215
-1.6357
-1.5869
-2.417
-1.5625
-2.71
-1.9287
-2.6855
-2.2705
-2.2217
-2.1973
-2.6367
-2.2461
-2.0996
-2.417
-1.9043
-2.5635
-1.9531
-2.8564
-2.2461
-2.7588
-2.2949
-2.8076
-2.4902
-2.0264
-2.3193
-3.9307
-5.2979
-6.25
-6.6895
-6.8359
-7.251
-7.1533
-7.5439
-6.6895
-7.1777
-6.958
-7.5928
-7.373
-7.5439
-7.6904
-7.7637
-7.4951
-7.7637
-7.3975
-8.2764
-7.9102
-8.1055
-7.3975
-8.0322
-7.5684
-7.3975
-6.6162
-7.373
-7.3486
-7.5684
-7.3486
-6.5186
-6.8604
-6.4697
-5.542
-5.6641
-5.9326
-6.2988
-5.957
-5.6641
-6.0303
-6.0791
-6.3477
-6.0303
-6.0303
-5.6152
-5.7861
-5.3711
-5.0537
-5.6152
-5.6396
-5.8594
-5.5908
-5.6396
-5.8594
-5.8594
-5.9814
-5.7861
-4.4189
-0.39063
0.80566
0
0.56152
1.1963
1.7334
3.8086
4.3213
4.834
4.834
5.0537
5.3467
5.2246
5.2246
5.1514
5.3223
5.4443
4.9316
5.1025
5.1025
5.3955
5.2979
5.7861
5.835
5.835
5.835
5.4932
5.2246
5.2246
3.833
0.53711
-1.001
-1.6113
-1.2939
-1.4893
-2.9541
-4.4189
-5.1025
-5.957
-6.6406
-6.6895
-6.665
-6.5186
-5.7861
-6.1035
-6.4697
-6.4453
-5.7129
-6.2744
-6.7627
-6.3721
-6.8848
-6.5674
-6.25
-6.8848
-6.7383
-6.7627
-7.0801
-6.9336
-6.5674
-5.7861
-5.0293
-4.7119
-5.2246
-5.249
-3.8818
-2.8076
-2.4414
-3.0518
-2.1973
-2.3193
-1.8311
-2.124
-1.6357
-2.4658
-1.6602
-2.3926
-1.6113
-2.3193
-1.8799
-2.124
-1.7578
-2.002
-2.2217
-2.0264
-2.3926
-2.0996
-2.2461
-2.002
-2.0264
-2.1484
-3.4424
-4.5654
-5.7617
-6.8115
-6.5674
-6.7139
-7.6904
-7.5928
-7.5684
-6.7139
-7.251
-6.7139
-7.666
-7.7393
-7.8125
-7.3486
-7.5439
-7.5195
-7.6172
-7.373
-7.9346
-7.5684
-7.8369
-7.666
-8.2031
-7.7637
-7.7637
-7.2998
-7.0801
-5.6152
-5.3955
-4.8828
-4.8584
-5.249
-5.2246
-4.7607
-3.2227
-2.7344
-2.124
-2.5879
-1.7822
-2.2461
-1.7334
-2.1973
-1.9043
-1.9775
-2.2705
-2.002
-1.9775
-2.002
-2.2461
-2.0264
-2.417
-2.0752
-2.3193
-2.0508
-2.1729
-2.0508
-2.002
0.83008
1.3184
2.002
5.0049
6.25
5.0537
5.9326
8.3252
8.5693
8.8379
9.0332
9.2041
9.4727
9.7656
9.5703
10.107
10.449
10.4
10.571
10.278
10.034
10.449
10.498
10.767
10.742
10.547
10.425
10.522
10.547
9.8877
8.0078
7.4463
7.0313
6.5186
6.4209
6.4453
6.0059
5.9814
5.4688
4.7119
4.1504
3.3936
3.4668
3.5156
3.1982
2.9541
3.8086
3.6865
2.8076
2.6611
2.71
2.7832
3.0273
2.8076
2.7344
3.0029
2.9541
2.832
2.832
3.1982
3.0273
3.9063
3.833
4.3457
4.6631
4.4922
4.3457
4.8828
4.7607
4.541
4.9316
5.0537
4.9561
5.0781
4.9805
5.1514
5.1025
5.0537
4.5166
4.8584
4.9072
4.9072
4.9316
4.8828
4.7119
4.9805
4.9561
4.9316
5.6396
5.4688
4.4922
2.5391
1.6357
1.0986
0.78125
0.36621
0
0
0
0
0
0
0
0
0
0
0
0
0
0
0
0
0
0
0
0
0
0
0
0
0
0
0
0
0
0
0
0
0
0
0
0
0
0
0
0
0
0
0
0
0
0
0
0
0
0
0
0
0
0
0.63477
2.2705
1.5137
3.3936
4.0039
4.2725
4.6143
4.834
5.2246
5.249
5.3711
5.2734
5.9814
5.1025
5.0537
5.0537
5.6152
5.5908
5.3711
5.835
5.8838
5.3955
5.542
5.957
5.9082
5.9326
5.2734
4.6875
4.8828
4.9072
2.2461
1.4893
0.75684
0.43945
0.21973
-0.024414
-0.14648
-0.24414
-0.24414
-0.1709
0
0
0
0
0
0
0
0
0
0
0
0
0
0
0
0
0
0
0
0
-0.70801
-1.2451
-2.9785
-3.5889
-5.2002
-6.1523
-6.6162
-6.6162
-7.5928
-6.8604
-7.3486
-7.1533
-7.1045
-7.1777
-7.2998
-7.5195
-7.1533
-7.3486
-7.7148
-8.0322
-7.7881
-7.7148
-7.5684
-7.8369
-7.6172
-7.9834
-7.7393
-7.6416
-7.8857
-7.6172
-6.3232
-6.2988
-6.6895
-6.8359
-6.3965
-5.7617
-4.3457
-3.833
-3.9551
-3.3691
-3.1738
-2.3682
-2.7588
-3.1494
-3.1738
-2.7832
-3.4912
-2.8809
-3.125
-3.3936
-3.125
-3.2715
-3.1494
-3.6865
-2.9297
-3.5156
-3.2471
-3.3447
-2.9785
-3.418
-2.0996
-1.4404
-1.3916
-0.61035
-0.61035
-0.46387
-0.024414
0.073242
0.048828
0.024414
0
0
0
0
0
0
0
0
0
0
0
0
0
0
0
0
0
0
0
0
0.39063
0.68359
0.92773
0.80566
1.123
0.68359
0.73242
1.3184
1.123
0.90332
0.73242
1.2207
1.0742
1.0498
0.78125
1.3184
1.0498
1.0986
0.95215
1.4404
1.3672
0.78125
0.83008
1.2451
1.1719
0.90332
0.80566
1.2207
1.0498
0.87891
0.63477
0.5127
0.21973
0
0
0
0
0
0
0
0
0
0
0
0
0
0
0
0
0
0
0
0
0
0
0
0
0
0
0
-0.26855
-1.9287
-2.7832
-3.5645
-4.9072
-5.7373
-5.7861
-5.6885
-5.6885
-6.2988
-6.543
-5.957
-6.2744
-6.6162
-6.4453
-6.6162
-6.543
-6.3477
-6.3965
-6.665
-6.3232
-6.8604
-7.251
-6.5674
-6.8604
-6.5186
-6.8604
-6.4941
-5.9082
-6.2012
-1.0742
0
0
0.29297
0.43945
0.95215
1.9775
3.54
3.2715
4.0283
4.0771
4.2236
3.7842
4.2969
4.7607
4.8828
4.6875
4.4434
4.1748
4.0283
4.2725
4.3945
4.6143
4.4922
4.8096
4.5898
4.4434
4.5166
4.834
4.541
3.3203
3.1982
2.1729
2.4902
2.002
2.4902
2.1973
1.2939
0.46387
0.36621
0.3418
0.24414
0.24414
0.39063
0.39063
0.24414
0.073242
0.048828
0.048828
0.048828
0.024414
0.048828
0.048828
0.024414
0
0
0
0
0
0.41504
0.85449
0.92773
1.9043
1.8555
2.002
1.9531
2.2217
2.0752
2.1484
2.3193
2.2705
1.9043
2.7588
1.8799
2.7344
2.4658
2.2461
2.1973
2.124
2.1729
2.1729
2.0996
2.0752
2.1484
2.0508
2.1729
2.2705
2.6855
1.8555
2.9053
1.8799
1.6602
1.3916
1.2207
0.63477
0.70801
0.83008
0.63477
0.56152
0.78125
0.43945
0.39063
0.43945
0.46387
0.56152
0.46387
0.26855
0.41504
0.56152
0.39063
0.26855
0.21973
0.3418
0.43945
0.63477
0.80566
0.65918
0.80566
0.43945
0.48828
0.65918
1.0742
0.92773
0.92773
0.73242
1.0742
0.87891
1.1963
0.68359
0.70801
1.2695
1.2695
0.73242
0.70801
1.1963
0.90332
1.0986
0.83008
1.2939
0.87891
1.0254
0.75684
0.97656
1.0742
1.1963
0.61035
0.61035
1.1963
0.97656
1.0742
1.7822
2.6367
4.2969
5.835
6.4697
7.959
8.5693
8.8867
9.1064
8.9111
8.8135
9.5703
9.7168
9.9609
9.4482
9.9365
9.8389
10.034
9.8389
9.9121
10.205
10.498
10.278
9.0576
9.6436
10.352
9.9121
9.5215
9.8877
5.2002
1.2451
0.1709
-0.048828
0
0
-0.19531
-0.68359
-1.4404
-1.5381
-1.2451
-1.8555
-1.6846
-1.4648
-1.9043
-1.2451
-1.7334
-2.1973
-1.6113
-1.9531
-1.3916
-1.8066
-1.7334
-1.2451
-1.9287
-1.8555
-1.8799
-1.8311
-1.7334
-1.9775
-1.2695
-1.1719
-1.001
-1.6602
-0.80566
-0.95215
-0.70801
-0.87891
-0.78125
-0.53711
-0.56152
-0.97656
-0.61035
-0.95215
-0.48828
-0.48828
-0.56152
-0.92773
-0.63477
-0.87891
-0.63477
-0.43945
-0.58594
-0.95215
-0.65918
-1.001
-0.68359
-0.68359
-0.87891
-0.92773
-0.95215
-0.65918
-0.36621
-0.1709
0
0
0
0
0
0.024414
0
0
0
0
0
0.024414
0
0
0
0
0
0
0
0
0
0
0
0
0
0
0.53711
2.0508
2.0996
3.2715
5.3955
5.7861
6.8115
7.3242
7.9346
7.7148
7.8369
7.8613
8.4961
8.0322
8.3496
9.0576
8.8379
8.4473
9.1064
8.7402
8.8623
8.9111
8.8867
8.7646
8.7646
9.3994
9.0332
8.5449
9.082
8.7158
5.249
2.124
2.5635
1.4648
1.5381
0.75684
0.65918
0.14648
-0.048828
-0.024414
0
0
0
0
0
0
0
0
0
0
0
0
0
0
0
0
0
0
0
0
0.73242
1.9043
1.0986
1.6846
2.0752
2.3193
2.4414
2.9541
2.417
2.4902
2.8809
2.2461
2.8564
2.3438
2.2705
2.4658
2.1973
2.7588
2.1484
2.7588
2.5635
2.5146
3.0518
2.7344
2.5146
3.3691
2.5879
2.5635
3.1494
2.4658
0.97656
-0.3418
-1.0254
-1.8066
-1.9531
-2.6611
-3.8086
-4.0527
-4.2725
-4.2969
-4.2236
-4.3457
-4.126
-4.2236
-4.3457
-4.6143
-4.7363
-4.6631
-5.0781
-5.1514
-4.6631
-4.541
-4.7607
-4.5654
-4.2969
-4.1504
-4.126
-4.1748
-4.248
-4.0771
-2.002
0.43945
0.048828
1.5625
3.833
2.0996
2.9053
4.9072
5.835
6.1035
6.6406
6.665
6.6162
6.7627
7.5439
7.4951
6.4697
6.5186
6.7383
7.7637
7.4951
7.7393
7.5195
7.4951
7.0068
7.2021
7.7393
7.5684
7.9834
7.2266
4.2969
0.31738
-1.001
-2.5146
-2.8809
-0.92773
-2.002
-3.4668
-3.8086
-3.2227
-3.9063
-4.248
-4.1992
-3.8818
-3.7598
-4.1748
-4.1504
-4.248
-4.4678
-4.5898
-4.6387
-4.5898
-4.6143
-4.3701
-4.3457
-4.126
-4.4189
-4.6875
-4.5898
-4.5898
-4.9316
-2.832
-1.8066
-1.2451
-0.75684
-0.24414
0.024414
0.14648
0.19531
0.097656
0
0
0
0
0
0
0
0
0
0
0
0
0
0
0
0
0
0
0
0
-0.21973
-1.3916
-1.5869
-2.0508
-2.0508
-2.8809
-2.3926
-2.71
-2.8809
-2.3926
-2.8809
-2.7344
-2.5879
-3.1494
-2.5146
-2.4902
-3.0273
-2.6367
-2.5391
-3.3936
-2.7832
-2.8564
-3.3203
-2.7832
-3.2471
-3.2959
-3.2471
-2.8076
-2.9785
-3.1982
-1.1475
1.0986
1.416
3.1494
5.3955
4.1992
4.6875
6.5186
7.1289
7.6416
7.5439
8.7158
9.2773
8.7891
8.96
9.375
9.8145
9.8389
8.9844
9.6436
9.6924
9.9609
9.9365
9.8633
9.8145
9.6924
9.5215
9.4971
9.8877
10.474
6.8359
1.0742
-0.73242
-1.3672
-1.0498
-3.5889
-3.7842
-2.7832
-2.4414
-4.1016
-4.5898
-4.4922
-4.5166
-4.7363
-4.834
-5.0537
-5.249
-5.1025
-4.9316
-5.2246
-5.249
-5.2246
-5.2002
-5.127
-5.3467
-5.1025
-5.1025
-5.1025
-5.2734
-5.4443
-3.1006
0.75684
1.123
2.124
5.127
3.9551
2.1729
4.2725
7.4463
7.0801
7.1777
8.4717
9.2285
9.2773
9.2773
9.1064
9.6436
9.4238
9.8145
10.498
10.669
10.498
10.425
10.571
10.889
10.547
10.938
10.547
10.205
10.84
10.303
10.083
10.425
10.352
9.9365
9.4238
9.5947
10.034
9.375
9.9121
10.132
9.8633
9.375
10.181
10.034
9.8877
10.474
10.254
10.254
9.6924
9.7412
9.6924
10.107
9.9365
10.229
10.059
9.5459
9.9365
9.5215
9.3994
6.9336
0.36621
-1.001
-1.6357
-3.1494
-7.3486
-5.8838
-2.0508
-2.0752
-5.5664
-8.374
-10.132
-8.5938
-8.1055
-8.8623
-9.8389
-10.107
-9.9365
-10.156
-10.132
-10.059
-9.8145
-10.229
-10.181
-10.449
-10.376
-10.4
-11.011
-10.547
-10.62
-8.2275
-4.1748
-3.4668
-3.3203
-3.5889
-2.6123
-2.832
-2.8076
-2.5879
-1.8066
-1.4893
-0.70801
-0.61035
-0.83008
-0.39063
-0.63477
-0.70801
-0.36621
-0.36621
-0.36621
-0.39063
-0.70801
-0.43945
-0.24414
-0.43945
-0.48828
-0.3418
-0.29297
-0.26855
-0.19531
0.024414
1.0986
1.5625
2.0508
3.833
4.9805
5.5664
7.2021
6.8115
7.7881
7.5928
8.4717
8.2275
8.6182
9.0332
9.5459
8.7646
8.3252
9.3262
8.667
8.4473
8.9355
9.1553
9.082
8.9111
8.667
8.0811
8.4229
8.9844
9.1797
8.96
9.0088
9.1553
8.667
8.6426
8.8623
8.9844
8.8623
9.7656
9.375
8.4229
8.4229
9.3262
9.8145
9.8145
9.6436
9.5703
9.8877
9.4727
9.6191
9.1797
9.3506
9.3262
9.8389
9.8877
9.375
9.3994
8.9111
9.3018
9.2285
7.2266
1.3916
-0.1709
-0.36621
-1.7578
-0.48828
-0.87891
-2.6123
-3.6621
-3.3936
-3.7842
-4.1992
-4.4678
-4.1504
-3.9551
-4.0771
-4.2725
-4.4922
-4.6631
-4.5166
-4.7363
-4.7852
-4.5654
-4.7607
-4.4922
-4.541
-4.4678
-4.3945
-4.4434
-4.5898
-2.6855
0.19531
1.2451
2.0996
5.8838
5.9082
2.3926
4.0771
7.251
7.2754
6.6406
7.8125
8.6426
8.4961
8.1787
8.4229
8.6426
8.8379
9.375
9.5215
8.7646
8.9111
9.4238
8.5938
8.8867
9.082
9.9121
9.79
9.6924
8.96
7.4707
4.3457
3.0762
3.5156
3.0029
2.3682
2.4902
1.8311
1.6602
1.9043
1.5381
1.0254
0.46387
0.26855
0.19531
0.048828
0.024414
0
0
0
0.024414
0
0
0
0
0
0
0
0
0
-0.14648
-1.0254
-1.709
-1.7334
-1.4404
-2.6123
-1.6113
-2.7832
-2.0752
-2.6123
-2.2705
-2.5879
-2.2217
-2.2949
-2.3438
-2.1484
-2.7344
-1.9287
-2.8809
-2.0508
-2.417
-2.2461
-2.4414
-2.3926
-2.6855
-2.8564
-2.4658
-2.6611
-2.3193
-2.6855
-2.0264
-3.0762
-4.4922
-5.0293
-6.5918
-7.7148
-8.4717
-8.5449
-9.4971
-9.375
-9.7412
-10.083
-9.5459
-10.254
-10.547
-10.693
-10.303
-10.4
-10.669
-10.474
-10.474
-10.4
-10.4
-10.4
-10.327
-10.498
-10.474
-10.596
-10.449
-10.156
-8.6182
-2.3193
-0.56152
-0.14648
0
0.024414
0.024414
0.048828
0.83008
1.001
1.8311
1.8311
1.7578
2.2949
2.002
2.0264
1.4404
2.5146
1.4893
2.0264
2.2217
2.5635
1.7578
2.1484
1.9775
1.9531
1.9043
2.002
1.7334
1.2451
1.5625
2.0508
3.5156
5.127
7.251
7.5684
7.8125
8.1299
8.8867
8.5938
8.7891
8.8623
9.6436
9.668
9.9854
10.181
9.1553
9.6436
9.9121
9.9854
9.7412
9.8389
10.156
9.8389
9.7168
9.1797
9.4238
9.3018
10.034
10.4
9.5215
8.8135
7.7881
8.0322
8.1299
7.9346
7.8613
7.6416
7.2266
6.2988
5.2002
4.8096
4.4678
4.4189
4.4678
4.6631
4.4678
4.1504
3.7109
4.1016
4.1504
4.0283
4.126
4.3945
4.6143
4.4189
3.6377
3.418
3.1006
3.8086
4.126
2.4658
2.1484
1.7578
1.4648
1.1719
0.70801
0.048828
0
0
0
0
0
0
0
0
0
0
0
0
0
0
0
0
0
0
0
0
0
0
0
0.53711
1.1963
1.1719
1.2695
1.8555
1.8066
1.5137
2.3193
1.5869
2.3438
1.6357
2.4658
1.7822
2.2461
1.8066
1.8311
1.8066
2.0752
2.0508
1.709
2.124
1.8311
2.1484
1.709
2.5879
1.416
2.1729
1.8066
1.9775
1.9043
2.417
2.417
3.125
2.7832
3.125
3.2959
3.6377
3.3936
3.2227
2.9541
3.3691
2.9541
3.1006
3.125
3.418
3.1494
3.3203
3.1494
3.54
3.1982
3.3447
3.1738
3.6133
3.9795
3.6865
3.418
3.125
3.54
3.7109
2.6611
-0.097656
-0.073242
-1.123
-2.002
-2.3193
-2.6367
-3.3447
-3.4668
-3.3203
-3.6621
-3.6865
-4.0771
-4.0283
-3.6865
-3.3203
-4.1016
-4.0283
-3.9307
-3.8818
-4.1016
-3.8574
-3.8574
-3.9063
-3.8818
-4.1992
-4.0283
-3.9307
-3.833
-3.7109
-3.4912
-1.3184
-0.36621
-0.073242
0
0
0.024414
0.12207
0.26855
0.31738
0.26855
0.26855
0.21973
0.048828
0.073242
0.024414
0
0.024414
0.048828
0.048828
0.048828
0.024414
0.024414
0.024414
0.024414
0.024414
0
0
0.024414
0
0
0.43945
1.3672
1.7334
3.2227
3.1738
3.5645
4.248
4.3213
4.1748
3.9063
4.0771
4.3701
4.2969
4.3701
4.5898
4.5654
4.2969
4.3701
4.4434
4.8096
4.9805
4.9561
4.6387
4.7607
4.541
4.4922
4.4678
4.4189
4.4434
4.126
0.19531
-1.001
-0.80566
-2.0508
-5.6396
-8.4229
-7.4463
-4.1504
-6.1035
-8.0811
-9.3506
-9.082
-7.8857
-8.1055
-9.3018
-9.0088
-9.6436
-9.4238
-9.4482
-9.2773
-9.6436
-8.7646
-9.1797
-9.2529
-9.1797
-9.6436
-9.2529
-9.4971
-9.6436
-8.8623
-3.2959
-1.416
-1.2939
-0.92773
-0.58594
-0.24414
0.024414
0.43945
0.56152
0.48828
0.3418
0.19531
0.14648
0.073242
0.048828
0.097656
0.1709
0.14648
0.21973
0.1709
0.1709
0.073242
0.14648
0.097656
0.12207
0.073242
0.12207
0.12207
0.1709
0.1709
0.048828
0
0
0
0
0
0
0
0
0
0
0
0
0
0
0
0
0
0
0
0
0
0
0
0
0
0
0
0
0
-0.21973
-0.24414
-0.24414
-0.43945
-0.46387
-0.1709
0
0
-0.024414
0
0
0
0
0
0
0
0
0
0
0
0
0
0
0
0
0
0
0
0
0
-0.53711
-1.1475
-1.8799
-1.7334
-2.2949
-2.0264
-2.9297
-2.417
-2.5879
-2.5879
-2.4658
-2.9297
-2.4414
-2.4902
-2.7832
-2.6367
-2.8076
-2.4902
-2.6611
-3.6133
-2.5146
-2.4414
-3.0273
-2.5391
-3.0762
-2.9297
-2.6611
-3.0029
-2.8809
-2.6855
-0.073242
1.2939
1.3916
2.0996
2.0264
3.2227
3.1494
3.6865
3.5889
4.126
4.0771
4.1504
4.2236
4.0039
3.7598
3.833
4.1504
3.9307
3.8086
4.0771
4.126
4.541
4.6387
4.0527
3.9063
3.7109
3.6133
3.4424
3.7109
4.126
4.541
5.8105
5.5664
6.2988
6.3965
6.8604
6.3965
6.2256
7.2998
6.6895
7.1777
7.0801
7.5439
7.2754
7.8369
7.2998
6.8359
7.2998
7.0313
7.7881
7.2266
7.5928
7.3975
7.8857
7.6416
7.4463
7.0801
6.9092
7.4463
7.2754
2.3193
0
-0.43945
-0.75684
-0.24414
-0.14648
-1.3672
-2.0752
-2.7832
-3.0762
-3.125
-3.5889
-3.4912
-3.2227
-3.5889
-3.1738
-3.8086
-4.1992
-4.0283
-3.7109
-3.7109
-4.1016
-3.5645
-3.833
-4.126
-4.126
-3.7354
-3.6377
-3.6865
-3.5889
-4.1504
-3.2715
-3.8818
-3.5889
-3.4912
-2.8809
-3.2471
-3.1738
-3.1494
-2.6855
-2.7344
-3.1738
-2.71
-2.5635
-2.9541
-2.6611
-3.1006
-3.1982
-2.7344
-2.6367
-3.2471
-2.71
-2.8076
-3.4668
-2.71
-2.6367
-3.6133
-3.1006
-3.0762
-2.3926
-3.1738
-5.1025
-6.2744
-7.7637
-8.1299
-8.5449
-9.2285
-9.375
-9.4482
-9.3506
-9.5703
-9.9854
-9.668
-9.7656
-9.9609
-10.156
-10.254
-9.668
-9.8877
-10.229
-10.254
-9.6924
-9.7656
-9.9365
-10.254
-9.6924
-9.4727
-9.5459
-10.083
-10.962
-10.132
-9.3018
-8.1299
-8.0322
-7.9834
-7.666
-7.8125
-7.7637
-7.959
-7.0313
-7.1533
-7.3486
-7.0801
-7.2021
-7.0557
-7.5439
-7.3975
-7.5928
-6.8604
-7.0313
-6.8115
-7.1533
-7.3486
-6.8604
-7.1289
-6.8359
-6.958
-6.7871
-7.0801
-1.8555
0.1709
0.36621
2.2949
4.1748
1.9043
1.9287
4.7119
4.9316
5.7861
7.251
7.8125
7.959
7.373
7.8613
8.0322
8.8623
8.8623
9.0576
9.1064
8.9355
8.5693
8.7158
9.2285
8.9844
8.6914
9.0332
9.0576
8.3252
8.8379
3.0762
-0.70801
-1.416
-1.8799
-4.7363
-5.9082
-3.5889
-2.832
-5.9082
-8.4961
-8.4473
-8.5449
-9.1309
-9.8389
-9.79
-9.9365
-10.425
-10.669
-10.522
-10.034
-10.547
-10.498
-10.205
-10.498
-10.425
-10.205
-10.181
-10.132
-10.352
-10.742
-5.3955
-1.5381
-0.70801
-0.14648
0.12207
-0.024414
0
0.21973
0.41504
0.41504
0.58594
0.85449
0.97656
1.001
0.78125
0.68359
1.0498
0.87891
1.1719
0.63477
0.56152
0.85449
0.80566
0.95215
0.75684
0.61035
1.0742
1.001
0.97656
0.63477
-0.63477
-1.4893
-3.0273
-5.5908
-5.7129
-6.3232
-6.8848
-7.959
-9.082
-8.9355
-9.2773
-9.375
-9.8877
-10.327
-10.156
-9.8877
-9.668
-10.327
-10.376
-9.9609
-10.01
-9.5947
-9.7168
-9.8877
-9.6191
-9.5947
-9.375
-9.375
-9.79
-9.4971
-9.2529
-8.9111
-8.8867
-8.96
-8.4961
-7.8613
-6.4453
-5.6396
-5.5176
-5.7129
-5.835
-5.4443
-5.0293
-5.2002
-5.0293
-4.9805
-4.8584
-5.0293
-4.7607
-4.5654
-4.6875
-4.7852
-5.1025
-4.8828
-4.9316
-5.0781
-4.7852
-4.5898
-4.5898
-4.6387
-3.2959
-5.4688
-6.5186
-7.2021
-8.1055
-8.0811
-8.5205
-8.7891
-8.8135
-8.6914
-8.9111
-9.3018
-9.668
-9.1553
-9.4971
-9.3994
-9.2529
-9.4727
-9.2285
-9.8633
-9.4482
-9.9121
-9.2529
-9.1309
-9.3994
-9.3018
-9.375
-9.9365
-9.5215
-9.2773
-6.8604
-5.127
-4.541
-3.9063
-4.0283
-4.2236
-4.3701
-3.9795
-2.9297
-2.3438
-1.4404
-1.9531
-1.7334
-1.5625
-1.6846
-1.5625
-1.6113
-1.5869
-1.123
-1.6357
-1.709
-0.92773
-1.4893
-1.8555
-1.0986
-1.4648
-1.5381
-1.001
-1.5869
-1.5625
-1.0986
-2.3682
-3.1006
-4.0771
-4.9561
-5.3467
-5.4443
-5.4199
-6.3232
-6.0303
-6.6406
-6.2012
-5.5176
-5.6885
-6.4941
-6.5186
-6.1035
-6.2744
-6.1279
-6.4209
-6.2012
-6.4697
-5.8838
-5.5908
-5.7617
-6.1279
-6.3232
-5.9326
-6.3232
-6.1279
-2.6367
0
0.73242
0.90332
1.3916
1.9287
1.7578
3.5156
4.0039
4.0527
3.7842
4.0283
4.2236
4.2725
4.2236
3.9551
4.4189
4.3213
4.248
4.2725
4.4189
4.3945
4.7852
4.9316
4.6143
4.3457
4.5166
4.6143
4.2969
4.3457
3.1982
1.0254
0.21973
-0.1709
-0.39063
-0.92773
-0.56152
-0.90332
-0.61035
-0.41504
-0.48828
-0.85449
-0.75684
-0.78125
-0.70801
-0.48828
-0.48828
-0.48828
-0.85449
-0.53711
-1.0742
-0.61035
-0.61035
-0.63477
-0.90332
-0.5127
-0.92773
-0.48828
-0.56152
-0.56152
0.073242
1.7578
1.5869
2.1729
3.0029
4.4434
5.249
6.1523
6.4453
6.7627
6.8115
6.6895
7.2998
6.8115
7.2266
6.9824
7.4951
7.251
7.251
7.6416
6.8359
6.5918
6.6162
6.8848
7.3242
6.9824
7.4951
7.1045
7.4463
6.9824
5.6641
3.4424
3.4424
2.9053
2.9053
2.1729
2.5879
2.4658
1.709
0.58594
0.61035
0.12207
0.073242
0.024414
0
0
0
0
0
0
0
0
0
0
0
0
0
0
0
0
0.024414
0.26855
0.43945
0.48828
0.3418
0.68359
0.61035
0.46387
0.5127
0.63477
0.95215
0.80566
0.87891
0.58594
0.5127
0.85449
0.68359
0.83008
0.73242
0.58594
0.61035
1.123
0.53711
0.97656
0.48828
0.5127
0.75684
1.0742
1.001
0.83008
0.26855
-1.6846
-1.8066
-2.1484
-2.71
-3.2471
-3.125
-3.6377
-3.6865
-3.1494
-3.7598
-3.3936
-3.8574
-3.6865
-3.6621
-3.7598
-3.8818
-3.6865
-3.8574
-4.1992
-4.1016
-3.7598
-3.6621
-3.8086
-3.3936
-3.6865
-3.54
-3.2715
-3.3691
-3.2227
-1.9775
0.31738
0.46387
0.85449
1.123
2.3438
2.6123
4.8828
5.3467
6.4697
6.6895
6.3965
6.9824
6.7871
6.9092
7.3486
7.2998
7.666
6.7627
7.2998
7.4951
8.2031
7.5928
7.1777
7.0557
7.8125
7.8125
7.6416
7.1533
7.5195
8.4717
8.4473
7.8125
6.4453
6.8604
6.3477
6.1768
5.7373
6.1768
6.1768
6.4453
5.7617
5.3223
5.6152
5.3223
5.8594
5.4688
5.542
5.7129
5.5664
6.1523
6.0059
6.3721
5.957
6.0059
5.4688
5.835
6.3477
6.0547
5.7373
4.2725
1.5137
0.61035
0.3418
0.21973
-0.24414
-0.43945
-0.29297
-0.36621
-0.48828
-0.65918
-0.68359
-0.3418
-0.56152
-0.65918
-0.41504
-0.39063
-0.3418
-0.3418
-0.68359
-0.5127
-0.31738
-0.48828
-0.46387
-0.3418
-0.24414
-0.19531
-0.1709
-0.21973
-0.1709
-0.36621
-1.0986
-2.9053
-4.8828
-4.8584
-5.7129
-6.2012
-7.1289
-7.6172
-7.9834
-7.9102
-8.4717
-7.959
-7.9102
-8.252
-8.2275
-8.3252
-8.7891
-8.1055
-8.7402
-8.2031
-7.9346
-8.374
-8.2764
-8.6182
-8.7646
-8.4717
-9.082
-9.3262
-8.5205
-8.7891
-9.1309
-9.0332
-9.3018
-9.4482
-9.7168
-8.96
-8.9355
-9.0088
-9.1064
-9.6436
-9.3262
-9.2773
-9.3018
-8.667
-9.0088
-9.0332
-9.2285
-9.1064
-9.5215
-9.2773
-8.7646
-9.5215
-9.0576
-9.8145
-9.7412
-9.6436
-10.083
-10.034
-8.8867
-7.1533
-3.418
-2.9053
-2.3193
-3.0029
-2.0264
-1.6602
-1.2939
-0.31738
-0.21973
-0.024414
0
0
0
0
0
0
0
0
0
0
0
0
0
0
0
0
0
0
0
0
-1.1963
-2.2949
-3.5889
-4.3213
-4.6875
-4.7363
-4.9805
-5.127
-5.7617
-5.8594
-5.8838
-5.8838
-6.0059
-6.2744
-6.0791
-5.4932
-5.7373
-6.1523
-6.1768
-5.6152
-6.3721
-6.4453
-6.25
-5.7129
-6.3232
-6.4453
-6.0059
-5.4199
-6.2256
-4.9805
-1.6113
-1.0254
-0.97656
-0.21973
-0.048828
0.024414
0.073242
0.14648
0.21973
0.21973
0.024414
0
0
0
0
0
0
0
0
0
0
0
0
0
0
0
0
0
0
0
0.87891
1.7822
2.8076
3.0273
4.2969
4.5166
4.5654
4.834
5.2734
4.9316
5.4199
6.1768
5.6396
5.0293
4.9316
5.3223
4.9316
5.0049
5.6641
5.3223
5.1514
5.2979
5.4443
5.6396
5.5176
5.6885
5.4199
5.2002
5.0781
5.6641
5.5664
5.0537
4.5166
4.6143
4.5166
4.4434
4.3945
4.3213
4.0039
3.6133
3.8574
3.3447
3.7354
3.7842
3.6621
3.3936
3.7109
3.9063
4.0527
4.126
4.126
4.126
3.7598
3.8818
3.6377
3.5156
3.7842
3.833
3.54
2.8809
0.65918
0.21973
-0.048828
-0.21973
-0.26855
-0.26855
-0.29297
-0.3418
-0.39063
-0.46387
-0.63477
-0.31738
-0.46387
-0.61035
-0.39063
-0.29297
-0.24414
-0.26855
-0.31738
-0.43945
-0.48828
-0.41504
-0.31738
-0.61035
-0.5127
-0.26855
-0.31738
-0.3418
-0.31738
-0.21973
1.6602
1.8555
2.0264
2.1973
3.1738
3.0273
3.3203
3.2959
3.7354
3.8574
3.7598
3.6865
4.0283
3.9551
3.7109
3.7109
3.6377
2.8809
2.9297
3.418
3.6621
3.5156
3.7354
3.6133
3.3936
3.6865
3.6621
3.2715
3.7842
3.2715
3.7842
4.6875
6.7139
8.1543
8.2275
8.3008
8.96
9.5703
9.5703
9.7168
9.5215
9.9854
10.352
10.034
10.571
10.693
10.767
10.01
10.083
10.474
10.181
10.425
10.596
10.083
9.8633
9.7656
10.034
10.352
10.718
10.815
10.352
9.8877
9.8145
9.8145
9.2773
9.2285
9.2529
9.2285
8.6426
7.8857
7.8369
8.7402
8.6426
8.1055
8.9111
8.667
8.6426
8.7646
8.2764
8.3252
7.666
8.3252
8.5449
8.1055
8.0078
7.1777
7.9102
7.7637
7.7881
7.373
3.9307
3.5156
3.0029
2.3682
2.5635
1.9043
1.8066
1.8799
1.416
0.39063
0.097656
0
0
0
0
0
0
0
0
0
0
0
0
0
0
0
0
0
0
-0.024414
-0.97656
-2.7344
-2.0264
-2.6367
-2.3682
-2.5879
-3.4668
-3.4424
-3.1494
-2.8809
-3.4668
-3.4668
-3.3447
-3.2471
-3.5889
-3.4912
-2.9053
-3.0762
-3.6865
-3.6865
-3.1982
-3.54
-3.6377
-3.7354
-3.6621
-3.0762
-3.1738
-3.2471
-3.418
-2.7344
-3.3691
-4.2236
-4.6875
-5.5908
-5.542
-5.7129
-6.2744
-6.7871
-6.4697
-6.7627
-7.0313
-6.2744
-6.5674
-6.6162
-7.0557
-7.3975
-7.0068
-7.0557
-6.958
-6.6895
-6.5918
-6.4941
-6.5674
-6.9092
-6.4697
-6.6895
-6.665
-6.3965
-6.5674
-5.8594
-1.0986
-0.073242
0
0.5127
1.0986
0.36621
1.001
1.2207
2.5391
2.417
2.832
2.3926
2.2461
2.3193
2.2949
2.5879
1.8799
2.7344
2.1729
2.71
2.2461
2.1973
2.2217
2.1729
2.832
2.0508
2.7344
2.2461
2.4658
1.7822
1.8799
3.5645
4.7363
6.543
6.3477
7.5684
7.5195
7.8369
7.8125
8.2275
9.3506
8.9111
8.7402
9.2529
9.3506
8.8623
9.2285
8.5693
8.374
8.4229
8.5693
8.6914
8.5205
7.5928
8.1787
8.374
8.2031
8.5449
8.7402
8.5449
2.6855
0.65918
-0.12207
-0.75684
-0.39063
-0.024414
-0.92773
-1.3916
-1.123
-1.4893
-1.8799
-1.5381
-2.0996
-1.6113
-1.7578
-2.1484
-1.4404
-2.0264
-1.5381
-1.7822
-1.7578
-1.3916
-1.8555
-1.4648
-1.6846
-1.8555
-1.3672
-2.0264
-1.5137
-1.6846
0
1.2939
0.78125
1.1475
3.0029
2.8076
3.1982
3.833
4.1504
4.248
4.6875
4.4678
4.0771
4.1016
4.126
4.3701
4.7119
4.3945
3.9063
4.4189
4.4922
4.0283
4.1992
4.3213
4.5166
4.4189
4.6387
4.6875
4.3701
3.7842
3.833
2.6367
2.6123
2.71
2.417
1.9775
0.68359
0.53711
0.73242
0.63477
0.19531
0.073242
0.1709
0.19531
0.46387
0.63477
0.31738
0.3418
0.36621
0.41504
0.46387
0.26855
0.29297
0.31738
0.3418
0.73242
0.43945
0.29297
0.29297
0.31738
1.0498
1.5137
2.1484
2.2705
3.8086
3.8818
4.126
4.2236
4.2236
4.0039
4.1992
4.2969
4.4189
4.248
4.248
4.2969
4.5166
4.4678
4.7607
5.1025
5.0049
4.5654
4.2725
4.126
3.8818
4.0283
4.4189
4.541
4.7852
4.7607
4.9072
3.9307
4.248
4.3457
4.126
3.7598
3.0762
3.4912
4.0039
3.6621
3.2715
3.2959
3.5889
3.9307
2.9541
3.4424
3.3447
3.5645
3.4912
3.2959
3.4668
3.418
3.6133
2.8564
3.0029
3.4912
3.5156
2.7832
2.9053
3.4668
0.61035
-0.21973
-0.92773
-0.63477
-1.7822
-3.6377
-4.3945
-4.9561
-5.7373
-6.1279
-5.7617
-5.9326
-5.7373
-6.3477
-5.8105
-6.1768
-6.25
-6.3721
-5.8105
-6.0791
-6.543
-6.1035
-6.0791
-6.2012
-6.4941
-6.0059
-6.1279
-6.3721
-6.2256
-6.3477
-5.9814
-6.3232
-6.3232
-6.4453
-6.2744
-6.0303
-6.2744
-6.5186
-6.0547
-6.543
-6.958
-6.6162
-6.8359
-6.8604
-6.4209
-6.543
-6.6162
-6.7627
-7.1533
-6.5186
-6.7383
-7.1777
-6.4697
-7.0557
-7.0801
-6.9336
-6.665
-6.5186
-6.4209
-2.417
-0.29297
0.048828
0.1709
0.024414
0.24414
0.85449
1.6846
1.5625
1.8066
1.8066
1.123
1.6602
1.7334
1.709
1.8066
1.2451
1.8066
1.8311
1.1719
1.9775
1.6846
2.0752
1.6846
1.3672
2.2217
1.3916
1.6602
1.7578
1.709
0.24414
-1.3672
-2.9541
-3.9551
-5.1758
-5.4688
-5.542
-5.7129
-5.5908
-6.1035
-5.9082
-6.5674
-6.6895
-6.2256
-6.4697
-6.5918
-6.2012
-6.6162
-6.8359
-6.4697
-6.5186
-6.4941
-5.9814
-6.2744
-6.4941
-5.9326
-6.3232
-6.3965
-6.1768
-6.7383
-3.2715
-1.2207
-1.2207
-0.48828
-0.39063
-0.024414
0.12207
0.19531
0.29297
0.31738
0.24414
0.3418
0.41504
0.41504
0.1709
0.073242
0.024414
0
0.048828
0.024414
0.073242
0.024414
0
0.073242
0.048828
0.048828
0.048828
0.097656
0.21973
0.48828
0.26855
0.36621
0.26855
0.26855
0.26855
0.31738
0.58594
0.46387
0.31738
0.63477
0.43945
0.19531
0.21973
0.29297
0.39063
0.5127
0.75684
0.53711
0.41504
0.68359
0.43945
0.21973
0.24414
0.31738
0.36621
0.3418
0.48828
0.56152
0.3418
0.61035
-0.12207
-1.1475
-2.4902
-3.6621
-4.6143
-4.8096
-5.7861
-5.7373
-6.3232
-6.2744
-6.2012
-6.5186
-6.8604
-6.7139
-6.8604
-6.6162
-6.4209
-6.665
-6.9824
-6.2256
-6.5918
-6.4697
-6.1523
-6.7139
-6.6895
-6.3232
-6.4209
-6.4209
-6.2012
-6.5674
-6.9336
-3.9063
-2.5146
-1.8799
-1.3184
-0.75684
-0.31738
0
0.21973
0.097656
0
0
0
0
0
0
0
0
0
0
0
0
0
0
0
0
0
0
0
0
-0.024414
-1.5869
-1.7334
-2.7832
-3.9307
-4.4678
-4.8828
-5.2002
-5.1758
-5.1514
-5.2979
-5.7861
-5.249
-5.4443
-5.5176
-5.7129
-6.1035
-5.3711
-5.9326
-5.8594
-5.8838
-6.1768
-5.7373
-6.25
-5.7373
-6.2012
-5.8594
-6.2988
-6.1035
-5.4688
-2.8076
0.31738
0.58594
2.0752
2.6855
1.2451
2.5879
4.6387
4.834
5.2002
5.3711
6.0059
5.7373
6.0547
6.2744
6.543
6.2744
5.8594
6.5186
7.0068
6.3477
6.2012
5.835
6.2012
6.2012
6.8848
6.4697
6.0059
6.2012
6.6162
3.4912
0.5127
-0.56152
-0.90332
-0.36621
-0.43945
-1.1719
-3.0762
-2.9541
-3.8574
-3.8574
-4.0283
-4.0771
-3.6865
-3.833
-3.6133
-3.7842
-3.9551
-3.6621
-3.7354
-4.0283
-4.0771
-4.1748
-4.126
-4.248
-4.2725
-4.126
-4.1016
-4.3945
-4.248
-4.0283
-2.0752
-2.5635
-2.0996
-2.417
-2.0996
-1.7578
-0.97656
-0.46387
-0.46387
-0.56152
-0.31738
-0.073242
0
-0.048828
-0.048828
-0.048828
-0.048828
-0.048828
-0.097656
-0.12207
-0.21973
-0.14648
-0.048828
-0.097656
-0.073242
-0.14648
-0.073242
-0.097656
-0.073242
-0.24414
-0.70801
-1.3428
-1.8066
-1.2939
-1.9531
-2.124
-2.002
-2.002
-2.0264
-2.3193
-2.0508
-2.4902
-2.0264
-1.9287
-1.9287
-1.9043
-1.4648
-2.3438
-1.4648
-1.9531
-1.7334
-1.9531
-1.8311
-1.416
-2.2705
-1.3672
-1.7334
-1.7578
-1.9531
-0.73242
1.1475
0.39063
1.6113
2.5635
2.7832
4.248
5.8105
6.5918
6.665
6.4697
7.1045
6.8848
6.9336
6.543
7.1533
7.373
7.5195
7.1289
7.0313
7.7637
7.666
7.7148
6.6162
6.6895
6.9824
7.5195
7.0801
6.958
7.5195
7.373
7.5439
6.9824
7.1045
6.4697
6.1279
6.9336
7.1289
7.1045
7.1777
7.1533
7.3975
6.4453
5.9814
6.7139
7.0801
7.3486
7.4463
6.8359
7.5195
7.2998
6.958
6.3232
6.2744
6.9336
7.1045
7.3975
7.1289
6.8848
7.3975
7.3486
7.6172
7.2266
6.7627
6.0791
5.127
4.7119
4.7607
4.541
4.248
4.541
4.3457
4.1016
3.9063
3.8086
3.9063
3.4668
3.8086
3.7842
3.7354
4.0039
3.9307
3.8818
3.8818
3.9063
4.541
4.1992
4.2236
4.5898
4.3701
3.5645
1.0498
0.24414
0
-0.12207
-0.24414
-0.19531
-0.21973
-0.41504
-0.78125
-0.39063
-0.21973
-0.31738
-0.5127
-0.39063
-0.1709
-0.21973
-0.26855
-0.26855
-0.29297
-0.29297
-0.41504
-0.63477
-0.41504
-0.41504
-0.5127
-0.41504
-0.19531
-0.26855
-0.19531
-0.073242
1.2939
1.123
1.5869
1.4893
1.0742
1.4404
1.709
1.1963
1.7578
1.7578
1.4648
1.8799
1.3916
1.7334
1.8066
1.6846
2.002
1.1963
1.7334
1.709
1.4648
2.0508
1.416
1.9043
1.8066
1.3672
1.9043
1.5137
1.9531
1.9287
0.68359
0.41504
0.29297
0.024414
-0.024414
-0.073242
-0.024414
0
0
0
0
-0.024414
0
0
0
0
0
0
0
0
0
0
0
0
0
0
0
0
0
0
0
0
0
0
0
0
0
0
0
0
0
0
0
0
0
0
0
0
0
0
0
0
0
0
0
0
0
0
0
0.21973
1.123
2.002
2.0508
4.8096
5.7617
5.9814
6.9092
7.2998
7.3242
7.373
7.7637
7.6172
7.959
8.0811
8.0811
8.5938
8.4717
8.9844
8.9844
8.0078
7.9102
7.5928
8.2275
8.4961
8.3496
8.2275
8.6426
8.6914
8.7158
6.4209
1.2207
-0.48828
-2.9785
-4.7363
-4.0283
-3.0518
-4.8828
-5.7861
-4.9805
-4.9072
-5.5176
-6.3721
-6.2256
-6.2012
-6.2744
-6.7383
-6.665
-6.5918
-6.8604
-6.4697
-6.7383
-6.6406
-6.1279
-6.6162
-6.6406
-6.0303
-6.5674
-6.5186
-6.1279
-7.2021
-7.7148
-6.5918
-5.2002
-4.9316
-4.8584
-4.8584
-4.8096
-4.6875
-4.7119
-4.4434
-4.2725
-4.4922
-4.5166
-4.2969
-4.1748
-4.5166
-4.1504
-4.1016
-4.1504
-4.1748
-4.0283
-4.0527
-4.248
-4.126
-4.1504
-3.8086
-3.6865
-3.8818
-3.7109
-4.1504
-2.1973
-2.6123
-1.9531
-1.9775
-1.6357
-0.75684
-0.36621
-0.29297
-0.26855
-0.14648
0
0
0
0
0
0
0
0
0
0
0
0
0
0
0
0
0
0
0
0
0.75684
2.5635
2.3926
2.4658
3.9307
4.4189
4.5654
4.8828
5.6885
5.127
5.2246
5.6152
5.6152
5.5176
5.8838
5.6641
5.835
5.542
5.0537
5.2979
5.5908
5.8838
5.3467
5.6396
5.3223
4.9316
4.7852
4.8828
5.249
5.7129
6.665
6.2988
5.5908
4.5898
3.9551
3.4668
3.8086
3.3936
3.6133
3.2715
3.5156
3.5645
3.0273
3.2959
3.3691
3.418
3.3691
3.3203
3.125
3.5645
4.0527
3.125
3.1494
3.1738
3.418
2.6855
2.7344
3.3936
3.2471
2.8809
0.21973
-0.58594
-1.6113
-1.4648
-1.2207
-2.6367
-2.1484
-2.6611
-2.7588
-2.5879
-3.0762
-2.9541
-3.2959
-3.1738
-3.3691
-2.8076
-3.54
-3.4668
-3.1738
-2.9297
-2.8809
-3.0518
-2.5635
-2.6367
-2.9297
-2.8809
-2.6123
-2.6855
-2.2461
-2.8076
0
0.48828
1.3184
0.87891
2.1484
3.2227
4.5898
5.6152
5.4443
5.5664
5.8594
5.8838
6.2012
6.2988
6.2744
5.4443
5.7373
5.9326
6.8359
6.543
5.9326
6.2012
6.6406
6.4697
6.543
6.5186
6.543
7.1045
6.8115
6.5674
4.1748
3.125
3.6133
3.1982
2.7344
3.0518
2.3926
1.2939
1.0254
1.1475
0.58594
0.24414
0.073242
0.12207
0.048828
0.097656
0.14648
0.19531
0.29297
0.24414
0.14648
0.21973
0.21973
0.073242
0.097656
0.073242
0.048828
0.097656
0.12207
0.19531
-0.048828
-2.002
-3.1982
-3.125
-4.3457
-5.2734
-5.6641
-5.2002
-5.7861
-5.8594
-6.0303
-5.7617
-5.9814
-5.957
-6.2988
-5.957
-6.6162
-6.0059
-6.4209
-6.2012
-5.7373
-5.9326
-6.3965
-6.958
-6.2012
-6.543
-6.3965
-6.0791
-6.4453
-6.2012
-3.833
-3.6621
-3.5645
-2.7832
-3.1982
-3.2959
-3.2959
-2.6855
-1.3428
-1.1719
-1.5137
-0.95215
-0.78125
-1.1475
-1.1719
-0.75684
-0.61035
-0.78125
-0.92773
-0.97656
-0.75684
-0.63477
-0.65918
-0.97656
-0.70801
-0.90332
-0.48828
-0.5127
-0.78125
-0.75684
-1.001
-1.5625
-2.2461
-4.2725
-5.542
-6.5674
-7.1289
-8.4961
-8.6182
-8.5938
-8.8867
-8.9355
-9.0576
-8.96
-9.5703
-9.082
-8.96
-9.4238
-8.9844
-8.9111
-9.1553
-8.8379
-9.5703
-8.96
-8.96
-9.1309
-9.1553
-8.2764
-8.7402
-8.5205
-2.2461
0
0
0.73242
3.4424
3.1982
0.85449
1.9531
3.7598
4.0527
2.7344
3.6621
4.248
4.834
4.4678
4.5654
4.9316
4.9072
4.5654
4.4189
4.4678
4.5898
4.6875
4.7852
4.8828
4.7852
4.8584
5.1514
5.3467
6.4941
5.957
5.0049
4.1016
3.5889
3.7109
3.4912
3.2227
3.418
3.5156
2.8564
2.7832
3.2227
3.6133
3.125
2.8564
3.3203
3.2715
2.9053
2.9297
3.2715
2.9541
2.6611
3.1006
2.5635
2.6123
3.1738
2.5635
2.71
3.2471
0.68359
-1.2939
-1.0742
-1.2451
-2.8564
-3.7842
-5.3711
-6.0303
-6.6162
-7.251
-7.1533
-7.6904
-7.4707
-8.0322
-7.2998
-7.4707
-7.1777
-7.9346
-7.0801
-7.7148
-7.0801
-7.6904
-7.3486
-8.0322
-7.373
-7.7393
-7.251
-7.9102
-7.2998
-7.5684
-1.9775
0
0.097656
1.8555
3.0518
1.416
1.5137
3.5645
4.6875
4.3457
4.4678
4.9561
5.3955
5.127
5.3223
5.3223
5.9814
5.3467
6.1523
5.8838
6.3965
5.6885
5.8594
5.9326
5.4688
5.7861
5.9814
6.2256
6.4209
6.543
2.2705
0.1709
-1.001
-1.7822
-1.3672
-2.124
-2.4658
-2.6855
-3.2715
-2.7832
-3.1006
-3.3936
-3.3936
-3.1494
-3.5889
-3.3203
-3.1494
-2.8809
-3.2471
-3.5156
-3.3691
-3.2959
-3.0762
-3.7842
-3.54
-2.9785
-3.125
-3.3691
-3.418
-2.9785
-0.97656
0.29297
0.92773
0.53711
1.3184
1.8555
2.3193
2.5146
3.0029
2.4658
2.8564
3.3447
3.3691
2.8076
3.418
2.7832
3.1982
2.9785
2.832
2.5391
3.1738
3.2227
2.9297
2.832
3.1738
2.7832
2.8809
3.5645
2.7832
2.9541
3.2715
3.5889
2.9053
3.3203
3.6377
3.7598
3.7109
3.418
3.4668
3.0518
3.6377
3.6133
3.54
3.6377
4.2969
3.8574
3.9063
3.9063
3.833
3.833
3.4668
3.7842
3.2715
3.7354
3.9551
4.0771
3.418
3.6621
3.418
3.833
3.3203
3.1738
2.6367
2.832
2.832
2.8076
2.3682
1.9531
1.416
0.56152
0.78125
0.36621
0.31738
0.31738
0.3418
0.41504
0.48828
0.5127
0.26855
0.21973
0.36621
0.41504
0.26855
0.14648
0.26855
0.19531
0.048828
0.024414
0.048828
0.097656
0.26855
0.61035
0.97656
0.90332
1.0986
1.001
1.5381
1.416
0.92773
1.4893
1.5137
0.95215
1.2207
1.5869
1.3916
1.6846
1.6846
1.2207
1.9043
1.7578
1.7822
1.8311
1.7822
2.0264
1.416
1.9775
1.8799
1.6602
2.0264
1.5381
1.8799
0.75684
0.26855
0.024414
0
0
0
0
0
0
0
0
0
0
0
0
0
0
0
0
0
0
0
0
0
0
0
0
0
0
-0.31738
-0.95215
-2.0508
-1.7578
-2.3682
-2.2461
-3.0762
-2.5635
-2.6367
-3.2471
-2.7588
-2.8076
-3.1738
-2.7588
-2.7588
-2.9785
-3.125
-3.1982
-3.2227
-3.5645
-2.8564
-2.8809
-3.6621
-3.418
-2.9785
-2.9785
-3.2227
-2.7588
-2.9541
-3.4912
-2.6367
-3.2959
-3.9795
-4.126
-4.7363
-4.7363
-4.5898
-5.0537
-5.3467
-5.249
-5.0537
-4.9805
-5.1514
-5.4199
-5.0537
-5.2246
-5.7129
-5.6641
-5.4688
-5.6641
-5.7861
-5.8594
-6.25
-5.542
-5.1025
-5.6152
-5.7617
-5.1758
-5.2002
-5.2979
-2.124
0.41504
0.1709
1.9531
4.6387
3.6621
2.2461
4.4922
6.0547
5.4199
5.6152
6.7139
6.665
6.8848
7.2021
7.7881
7.5439
6.9336
6.9092
6.6406
7.2998
7.5439
7.9346
7.7393
7.6904
6.8115
6.8115
7.6416
7.1777
7.6416
4.834
0.73242
0.097656
-0.21973
-0.024414
0
-0.3418
-0.95215
-1.416
-1.4404
-1.3916
-1.8799
-1.3672
-1.6113
-1.709
-1.3184
-2.0264
-1.3428
-1.3184
-2.0264
-1.2939
-1.5381
-1.7578
-1.416
-2.0508
-1.2939
-1.5625
-1.9043
-1.2451
-1.5869
-1.6113
-2.6611
-3.0029
-3.8818
-5.127
-5.0537
-5.3223
-5.5664
-5.8838
-6.1279
-6.2256
-6.0547
-6.4697
-6.6406
-6.2744
-6.6895
-6.8848
-6.4209
-6.2256
-6.4209
-5.8838
-5.6641
-6.3232
-6.1035
-5.7617
-6.0059
-6.3477
-6.1523
-5.8594
-5.8838
-5.835
-6.3721
-7.6416
-8.8135
-8.8135
-9.1064
-9.4482
-9.4238
-9.5947
-9.9609
-9.9365
-10.474
-10.181
-10.864
-10.693
-10.498
-10.425
-10.474
-10.864
-10.62
-10.4
-10.498
-10.376
-10.522
-10.107
-10.059
-10.352
-10.107
-10.327
-10.425
-10.815
-11.377
-10.864
-10.571
-9.3994
-8.5693
-8.0322
-7.7881
-7.4219
-7.3975
-7.0068
-7.8369
-7.2754
-7.5195
-7.2266
-7.2998
-7.3486
-7.2998
-7.251
-6.7627
-7.1777
-6.9336
-7.4219
-7.3486
-7.0801
-6.9092
-6.4941
-6.9092
-6.4697
-6.8604
-6.8848
-7.666
-7.251
-6.0547
-4.4922
-4.248
-4.248
-4.1504
-4.3213
-4.0527
-3.6377
-3.8818
-3.9063
-3.9795
-4.4434
-4.3701
-4.2725
-4.126
-3.6621
-3.54
-4.1748
-3.6133
-3.9063
-3.9307
-4.0039
-3.833
-3.833
-4.2969
-3.9063
-4.0039
-2.6367
0.073242
0.43945
0.21973
0.65918
0.83008
1.6357
2.002
2.3682
2.2217
2.1729
2.2461
2.6123
1.8799
2.7344
1.8311
2.6123
2.0996
2.3682
2.417
2.3193
2.2461
2.3193
2.8076
1.9043
2.8076
2.002
2.4414
2.2705
2.1729
2.2461
2.2217
2.3926
2.3438
3.0273
2.5391
2.5146
2.9297
1.9531
2.7344
2.3682
2.3193
2.2705
2.2461
2.4658
2.3193
2.9785
2.5391
2.5635
2.9541
2.3926
2.6367
2.4414
2.417
3.0518
2.6123
2.4902
2.8809
2.3438
2.7832
1.7822
-0.29297
-0.24414
-0.21973
-1.5137
-2.3682
-2.832
-3.4912
-3.7109
-4.1504
-4.2725
-4.2725
-4.248
-4.1748
-4.1016
-4.248
-4.3457
-4.6143
-4.6143
-4.8096
-5.1025
-4.8096
-4.834
-5.127
-4.9805
-4.834
-4.6875
-4.4678
-4.5898
-4.3213
-4.5166
-3.2471
-1.7822
-1.416
-1.0498
-0.43945
-0.12207
-0.073242
0
0
0
0
0
0
0
0
0
0
0
0
0
0
0
0
0
0
0
0
0
0
-0.097656
-1.2207
-1.6357
-1.6602
-2.6611
-3.3691
-3.1494
-3.2959
-3.3936
-3.5889
-3.6377
-3.5156
-3.1738
-3.2471
-3.54
-3.7109
-3.6865
-3.1494
-3.6865
-3.5889
-4.3213
-4.0771
-4.1992
-3.9551
-3.9551
-3.9551
-3.5889
-3.4912
-3.6865
-3.7598
-3.3691
-3.7109
-3.9795
-3.8818
-4.1016
-4.541
-4.834
-5.0293
-4.6631
-4.7119
-4.5898
-4.7852
-4.6631
-4.8096
-4.7363
-5.2734
-5.2246
-4.8584
-5.0781
-5.1025
-5.2979
-5.3223
-5.542
-5.3223
-4.6875
-4.7119
-4.7852
-5.1514
-5.1758
-4.8096
-4.3213
-5.2002
-6.1768
-6.4453
-6.5918
-6.9092
-6.9092
-6.9092
-7.4463
-7.2266
-7.5195
-6.9824
-7.5684
-7.3975
-7.5928
-7.0313
-7.4463
-7.1533
-7.1777
-7.0313
-7.2754
-8.1299
-7.7637
-7.4463
-7.1289
-7.4707
-7.5195
-7.6904
-7.9346
-8.0322
-7.5439
-5.7861
-5.4199
-4.9072
-4.834
-5.2979
-4.8584
-4.1748
-3.5156
-2.2461
-2.6123
-2.1484
-2.1484
-2.3438
-2.2949
-2.124
-2.2217
-2.0264
-1.8799
-1.9043
-1.8799
-1.5137
-2.0508
-1.3916
-1.8799
-2.002
-1.9775
-1.9043
-1.7334
-2.0996
-1.2207
-1.7822
-3.0029
-4.9072
-6.8115
-8.7402
-8.2764
-8.5938
-9.6924
-10.059
-9.6436
-9.668
-9.3506
-10.156
-10.303
-10.522
-10.229
-9.8877
-10.181
-10.864
-10.962
-10.913
-10.376
-10.107
-10.4
-10.4
-10.132
-10.522
-10.034
-9.9854
-8.8623
-2.1729
-0.14648
0.29297
0.46387
0.85449
0.56152
0.85449
1.9531
3.5645
4.0283
4.4922
4.834
4.9316
5.127
5.1758
5.4199
5.7129
5.4199
5.2246
5.3467
5.0049
5.1758
5.3223
6.0547
5.7617
5.7617
5.6885
6.0791
6.4697
5.6152
4.3213
2.124
1.0742
0.58594
0.097656
0
0
-0.073242
-0.14648
-0.12207
-0.024414
0
0
0
0
0
0
0
0
0
-0.024414
0
0
0
0
0
0
0
0
0
0
0
0
0
0
0
0
0
0
0
0
0
0
0
0
0
0
0
0
0
0
0
0
0
0
0
0
0
0
0
-0.024414
0
0
-0.024414
0
0
0
0
0
0
0
0
0
-0.024414
0
0
0
-0.024414
0
0
0
0
0
0
0
0
0
0
0
0
-0.12207
-0.19531
-0.26855
-0.21973
-0.1709
-0.19531
-0.36621
-0.75684
-0.41504
-0.21973
-0.56152
-0.83008
-0.5127
-0.43945
-0.41504
-0.83008
-0.65918
-0.73242
-0.85449
-0.46387
-0.39063
-0.39063
-0.65918
-0.75684
-0.58594
-0.87891
-0.63477
-0.39063
-0.36621
-0.3418
0
0.43945
0.73242
0.41504
0.61035
0.46387
0.1709
0.12207
0.1709
0.14648
0.073242
0.097656
0.19531
0.1709
0.097656
0.048828
0.073242
0.048828
0.024414
0.024414
0.024414
0.048828
0.14648
0.21973
0.31738
0.36621
0.073242
0.073242
0.073242
0.14648
0.53711
1.5381
1.5381
3.418
4.6631
5.2979
5.7373
6.1523
5.9326
6.4453
6.665
6.6406
6.6895
6.7871
6.7139
6.7627
6.543
6.8848
6.6406
6.6162
7.4707
6.958
6.0791
6.4209
6.5186
6.2256
6.665
6.7627
6.3721
7.0068
2.4414
0
-0.58594
-1.1719
-1.8311
-2.0508
-3.3936
-3.9795
-4.2969
-4.5654
-4.9316
-5.0537
-4.9805
-5.0537
-5.249
-5.249
-5.3467
-5.3223
-5.7861
-5.8594
-5.0293
-5.1758
-5.0781
-5.1025
-5.5664
-5.0781
-4.9072
-5.1514
-5.542
-3.418
-3.1982
-3.3203
-2.5146
-2.9053
-2.6611
-2.1484
-0.83008
-1.0986
-0.63477
-0.97656
-0.58594
-0.29297
-0.29297
-0.31738
-0.36621
-0.39063
-0.39063
-0.073242
-0.048828
-0.073242
-0.14648
-0.1709
-0.29297
-0.097656
-0.073242
-0.073242
-0.12207
-0.12207
-0.097656
-0.26855
-0.48828
-0.53711
-0.85449
-1.0986
-1.2695
-0.85449
-1.3428
-1.5381
-1.416
-1.3184
-1.2207
-1.3184
-1.3672
-1.5869
-1.2695
-1.123
-1.8066
-1.8066
-1.3184
-1.3672
-1.3916
-1.3916
-1.5869
-1.1475
-1.0498
-1.5869
-1.5625
-1.1475
-1.4404
-1.2939
-2.9053
-4.8584
-7.2021
-7.0801
-7.6416
-8.0811
-8.2275
-8.6182
-9.375
-9.2773
-8.7402
-8.9111
-9.4971
-9.3262
-9.8389
-10.01
-10.107
-10.303
-10.327
-9.8145
-9.8389
-10.205
-10.01
-10.132
-10.205
-9.9854
-8.9111
-9.7412
-9.4727
-6.0059
-3.7354
-3.2227
-3.0518
-3.2471
-2.832
-2.7588
-2.71
-2.2705
-1.709
-1.3184
-0.53711
-0.31738
-0.3418
-0.80566
-0.61035
-0.68359
-0.63477
-0.3418
-0.31738
-0.24414
-0.29297
-0.39063
-0.56152
-0.39063
-0.26855
-0.5127
-0.63477
-0.36621
-0.31738
-0.65918
-1.123
-1.4893
-3.4912
-4.9072
-5.127
-5.6641
-6.25
-6.5186
-6.2988
-6.7139
-6.8359
-6.7383
-7.1045
-7.0068
-7.2021
-7.3975
-7.4707
-7.7881
-7.0313
-7.1533
-6.7871
-7.2266
-7.2998
-7.2021
-7.4707
-7.1777
-7.2021
-6.5186
-7.2266
-3.0762
-0.14648
0
0.24414
0.3418
0.70801
1.3428
2.2949
3.1738
3.6377
3.5889
3.6377
4.1992
4.6387
4.4922
4.0527
4.2236
4.3945
4.3457
4.3945
4.0771
4.1748
4.4189
4.0527
4.0283
4.0527
3.9551
4.126
4.1504
3.7354
3.833
4.2236
4.6143
4.6875
4.3457
4.1992
4.541
4.5898
4.8096
4.8828
4.9072
4.6387
4.5654
4.8096
4.9316
5.0049
5.0781
4.7363
4.6631
4.9561
5.249
4.7852
4.8096
4.9316
5.2246
5.2246
5.4443
5.6885
5.127
4.6143
1.7822
0.14648
-0.53711
-0.80566
-0.53711
-0.65918
-1.4404
-2.0264
-2.0752
-2.1484
-2.2461
-2.4414
-2.417
-2.9541
-2.1973
-2.6123
-2.2705
-2.6367
-2.3193
-2.1729
-2.3438
-1.8555
-2.3682
-1.8799
-2.5146
-1.8311
-2.5879
-1.6357
-2.8076
-1.8311
-2.5879
-1.2695
-0.56152
-0.29297
-0.048828
0.024414
0.024414
0
0
0
0
0
0
0
0
0
0
0
0
0
0
0
0
0
0
0
0
0
0
0
-0.56152
-1.5625
-2.1973
-2.7832
-4.0039
-5.7617
-6.9092
-7.1289
-7.7637
-7.6172
-7.7881
-7.9834
-8.1299
-8.6182
-8.4229
-8.8623
-8.7646
-8.374
-8.252
-8.667
-8.4717
-8.3984
-9.1064
-9.0088
-8.374
-8.5449
-7.959
-8.3252
-8.8379
-8.5205
-6.8359
-5.2246
-4.4189
-3.9063
-3.6865
-4.0527
-4.4189
-3.7109
-2.124
-2.002
-1.5625
-1.9287
-1.416
-0.97656
-1.709
-1.9043
-1.1963
-1.4648
-1.709
-1.2451
-1.416
-1.3428
-1.1719
-1.6846
-1.5381
-1.2451
-1.3672
-1.4404
-1.1475
-1.4648
-1.416
-1.416
-2.2949
-1.6113
-2.5146
-1.7334
-2.832
-2.3438
-2.417
-2.7344
-2.2217
-2.8076
-2.4414
-2.7588
-3.2715
-2.7588
-2.8564
-3.1738
-2.9785
-2.8809
-3.0762
-2.71
-2.7832
-2.9297
-2.5146
-2.9053
-2.3926
-2.4902
-2.8809
-2.2705
-1.2207
1.5381
1.1719
4.5166
6.3477
5.8594
6.0791
6.9824
8.2275
8.7891
9.1309
9.2529
9.5215
9.6924
9.4482
9.9854
10.034
10.107
9.9365
9.2773
9.8633
9.6191
10.059
10.425
10.059
9.2529
8.9355
9.6191
10.156
10.132
7.7393
1.9043
0.24414
0
0
-0.24414
-1.416
-1.709
-1.2451
-2.2705
-1.7578
-2.5146
-2.0264
-2.71
-1.9043
-2.9297
-2.2949
-2.3926
-2.2705
-2.2217
-2.417
-1.9043
-2.4414
-1.8799
-2.6123
-1.7578
-2.7344
-1.9775
-2.7832
-2.2217
-2.832
-2.6367
-1.9287
-1.4404
-1.6357
-1.8311
-0.92773
-1.0742
-1.0742
-1.3916
-0.85449
-1.2939
-1.001
-1.1475
-0.83008
-1.3428
-1.1963
-0.97656
-0.75684
-1.2695
-1.0498
-1.0254
-0.70801
-1.123
-0.87891
-1.1963
-0.80566
-1.123
-1.0254
-1.123
-0.3418
-1.3672
-2.1729
-2.9541
-3.5889
-3.3691
-3.833
-4.126
-4.4922
-4.6387
-4.4434
-4.6143
-4.7607
-4.7607
-4.6143
-4.6875
-5.1514
-5.0537
-4.7119
-4.7363
-5.0049
-4.9805
-5.0781
-5.127
-5.1514
-5.3955
-5.2734
-5.2979
-4.8584
-4.7119
-2.3438
0.12207
1.1719
1.9531
1.5869
2.3438
3.833
4.8584
5.5908
6.8115
7.2021
7.4219
7.3486
7.4951
7.8369
7.9834
7.6172
7.9346
7.959
8.4717
7.9346
8.2031
7.959
7.5684
7.4951
7.7393
7.9346
8.0811
8.1543
7.373
6.5674
4.1504
3.2959
2.3682
2.8076
2.0508
2.6611
1.9531
1.4404
0.63477
0.46387
0.5127
0.24414
0.3418
0.24414
0.073242
0.1709
0.29297
0.1709
0.073242
0.048828
0.097656
0.097656
0.12207
0.073242
0.12207
0.1709
0.29297
0.31738
0.12207
-0.097656
-0.87891
-1.1719
-1.8799
-1.4893
-1.8555
-1.8311
-1.3916
-2.0752
-1.4648
-1.8555
-1.9531
-1.9531
-2.1484
-2.0264
-2.3438
-1.9531
-2.2949
-2.0752
-2.5146
-2.0508
-2.3438
-2.0752
-2.2705
-2.0996
-2.2461
-2.002
-2.1729
-1.9531
-2.1729
-1.123
0.75684
1.3184
0.90332
3.5889
4.4189
3.6621
5.7861
6.6895
6.6406
6.9092
6.958
7.6416
8.0811
8.3496
8.5205
8.5205
8.5449
8.4229
8.5693
8.374
8.252
8.5938
8.5449
8.2031
7.9102
7.4463
8.1299
8.0078
8.0811
6.8115
1.2207
-0.24414
-0.85449
-0.78125
-1.709
-3.1982
-1.4404
-2.7344
-4.126
-4.6387
-4.5166
-4.5654
-4.5898
-4.8584
-5.2979
-5.4688
-5.6641
-6.0303
-5.6885
-5.8105
-5.9814
-5.127
-5.3467
-5.5176
-5.3223
-5.3955
-5.7373
-5.8105
-5.6152
-4.8828
-0.097656
1.0742
1.5137
5.5176
7.7393
3.7109
3.5156
6.7139
8.1543
8.96
8.3496
7.959
8.9844
9.4727
8.7158
8.4473
9.3018
9.9854
9.0088
9.375
9.6191
10.107
9.9854
9.9609
9.9121
9.375
9.4238
9.7168
9.9854
9.7168
7.3242
4.2725
2.5391
1.8555
1.4893
1.0986
0.53711
0.048828
0
0
0
0
0
0
0
0
0
0
0
0
0
0
0
0
0
0
0
0
0
0.073242
0.97656
2.2217
1.9775
2.5391
4.1504
4.8584
5.835
5.6885
6.1279
6.7871
6.665
6.4697
7.0068
7.0801
7.6904
7.4707
7.5684
7.2021
6.8359
7.1045
6.4941
6.5918
6.5186
6.665
7.0068
6.5918
6.4697
6.9092
6.3721
6.6406
5.3711
4.9072
4.541
4.4189
5.0293
4.7119
4.4434
4.0527
3.54
2.3438
2.7832
1.6846
1.8799
1.9043
1.8555
1.8311
1.2451
1.7334
1.4893
1.0742
1.5625
1.5625
0.95215
1.4893
1.6357
1.1719
1.6846
1.709
1.6602
1.709
-0.39063
-1.416
-2.0752
-4.6387
-5.3955
-6.25
-7.0313
-7.1533
-7.666
-8.2031
-8.1543
-7.666
-7.5684
-8.252
-8.1543
-8.0566
-8.4229
-8.3252
-8.3008
-8.4961
-7.7881
-8.3252
-8.4717
-8.4961
-8.8623
-9.2529
-9.2041
-8.5449
-8.4229
-8.1543
-1.4893
0.65918
1.5625
4.3213
5.5664
2.6367
3.9551
7.3486
7.8369
7.2754
7.3486
8.5449
9.1064
8.8135
8.9355
9.3506
10.547
10.156
10.181
10.156
10.059
9.9609
9.9609
9.5947
10.303
10.84
10.229
9.375
9.5947
9.668
6.3477
4.5898
4.3457
3.6621
3.5889
3.3691
3.0518
3.3936
2.7588
1.9043
1.1475
0.78125
0.70801
0.56152
0.58594
1.0254
0.65918
0.95215
0.53711
0.46387
0.5127
0.90332
0.78125
1.001
0.65918
0.63477
0.78125
1.0254
0.92773
0.87891
0.3418
-0.39063
-0.80566
-0.85449
-0.3418
-0.1709
-0.19531
-0.14648
-0.073242
-0.14648
-0.12207
-0.048828
-0.073242
-0.024414
-0.024414
0
0
0
0
0
0
0
0
0
0
0
0
0
-0.024414
0
-0.41504
-1.4404
-1.4648
-2.7344
-1.9775
-2.5146
-2.5391
-2.6367
-3.1006
-2.5879
-2.8809
-3.3936
-3.0273
-3.3936
-3.3691
-3.5156
-2.9541
-2.9785
-3.5645
-3.0762
-3.0518
-2.8564
-3.2715
-2.6123
-2.6855
-3.1494
-2.7344
-3.0273
-3.418
-2.7344
-0.12207
0.80566
0.80566
3.0273
3.8818
2.5879
4.5898
6.1768
6.6406
6.7871
6.8604
7.3975
7.9346
8.5449
8.0322
7.959
8.3252
8.4473
8.2275
8.5938
8.252
8.2275
8.1299
8.0078
8.5938
7.959
8.2275
8.0566
8.252
8.9111
6.2744
5.4443
4.7852
4.6875
4.4434
4.3945
4.8584
4.6875
3.8086
3.0518
2.3193
2.5146
2.0508
2.2461
1.9287
2.3438
1.8799
1.4893
2.1973
1.3672
1.6602
1.6602
1.4648
1.9775
1.2207
1.709
1.709
1.0742
1.5137
1.001
-0.12207
-0.61035
-0.68359
-0.41504
-0.53711
-0.63477
-1.001
-0.83008
-0.90332
-0.56152
-0.53711
-0.80566
-0.68359
-1.0986
-0.90332
-0.63477
-0.90332
-0.78125
-0.83008
-0.70801
-0.56152
-0.56152
-1.0986
-0.78125
-1.0498
-0.58594
-0.58594
-1.001
-0.63477
-0.073242
0.48828
0.61035
1.123
0.83008
1.0742
0.70801
0.95215
1.0254
1.2695
0.78125
1.1475
1.0986
1.2939
0.70801
0.92773
1.0986
1.2451
0.65918
0.56152
0.75684
0.87891
1.001
0.80566
0.70801
1.001
0.75684
0.90332
0.80566
0.63477
0.048828
-1.1475
-1.2451
-3.2715
-4.541
-4.9805
-5.3223
-5.8105
-6.3477
-6.6406
-6.25
-6.2256
-6.1523
-5.7129
-6.3477
-6.5186
-6.0059
-6.665
-6.958
-6.4941
-6.9336
-6.8115
-6.543
-6.7383
-6.6406
-6.8359
-7.2754
-6.7871
-6.8604
-7.4219
-2.6611
-0.73242
-0.12207
0.024414
0.26855
0.61035
0.75684
1.0254
0.95215
0.73242
1.3184
1.1475
0.92773
0.70801
1.0742
0.80566
1.2451
0.85449
1.416
1.0986
1.001
0.73242
1.123
1.2207
1.2451
0.83008
1.2207
0.80566
1.0742
0.75684
1.5625
2.0508
2.2705
2.3926
3.3691
3.0273
3.1738
3.3691
3.6865
3.7598
3.2715
3.6133
3.3447
3.8574
3.9307
4.0039
3.4424
3.6377
3.418
3.5889
4.0039
3.833
3.1494
3.5156
3.6377
3.6377
3.7109
3.9307
3.8086
3.7109
3.9063
4.1016
4.126
4.1504
4.2725
4.3213
4.3213
4.126
4.3945
4.3945
4.3701
4.7363
5.0781
5.1758
4.9805
5.0293
5.127
4.7852
4.5898
4.3701
4.3701
4.6387
4.541
4.8096
5.2246
4.9561
4.1992
5.127
5.3467
5.3955
4.1992
2.8809
2.1973
2.4658
2.5635
2.0508
0.53711
0.26855
0.24414
0.073242
0.12207
0.073242
0.024414
0
0
0
0.024414
0
0.024414
0
0
0
0
0
0
0
0
0
0
0
-0.24414
-0.92773
-1.4648
-2.417
-2.5879
-3.1494
-3.2959
-2.9053
-2.9541
-3.5889
-3.5156
-3.3203
-3.0762
-3.7354
-3.7842
-3.1982
-3.1494
-3.0762
-3.3203
-2.9053
-2.9297
-3.418
-3.4668
-2.8809
-2.8809
-3.5889
-3.418
-2.8809
-2.9053
-3.6621
-3.0273
-4.4434
-4.834
-5.8105
-6.3965
-6.5674
-6.4941
-6.9092
-6.7871
-7.1533
-7.3975
-6.958
-7.1045
-6.3232
-6.6895
-6.7627
-6.5186
-7.1045
-6.8115
-6.7871
-7.1045
-6.5186
-7.1533
-6.9824
-7.4219
-7.2021
-7.4219
-7.666
-7.2754
-7.6416
-3.5156
-0.14648
1.0742
2.6367
2.9785
2.5635
1.6113
3.3691
4.5898
4.5654
4.7119
5.249
5.4932
5.4199
5.542
5.835
5.4443
5.5908
5.7129
6.3721
6.0303
5.9814
5.3223
5.2979
5.3711
5.542
5.6885
5.8594
5.4932
6.1768
6.1279
6.7383
7.7148
8.1055
8.7402
9.1553
9.0576
9.8145
10.352
10.181
10.059
10.425
10.181
10.376
10.498
10.693
10.889
10.742
9.8633
10.303
10.62
10.449
10.352
10.254
9.4971
10.156
10.156
10.474
10.205
10.474
6.665
1.123
-0.70801
-0.87891
-2.1973
-4.1992
-5.127
-4.9561
-2.1729
-1.9775
-3.418
-4.9072
-5.5664
-4.2725
-4.3213
-4.8096
-5.0049
-4.9805
-4.9561
-4.7852
-4.8828
-5.0781
-5.1025
-5.1514
-5.2979
-5.127
-4.7852
-5.0537
-5.1514
-5.2734
-2.9297
-0.12207
-0.26855
0
0.24414
0.41504
1.1475
1.0498
1.4893
1.4404
1.123
0.80566
1.2939
1.001
1.123
0.75684
1.2451
0.65918
1.0742
0.5127
0.58594
1.001
0.90332
1.2939
0.87891
1.2451
1.3184
1.1475
0.97656
1.5381
0.92773
-0.87891
-0.90332
-1.2695
-3.2471
-4.0771
-5.2979
-6.0547
-6.0791
-6.4941
-6.5674
-7.0313
-7.5684
-6.958
-7.0313
-6.5186
-6.9824
-7.2754
-6.5674
-7.0068
-7.1289
-7.5195
-7.251
-7.0313
-7.4463
-7.2021
-7.5439
-6.6406
-7.2021
-7.2998
-6.3721
-4.5898
-4.248
-4.126
-3.9551
-4.4189
-3.7354
-2.417
-1.6846
-2.1484
-1.5625
-1.5625
-1.7578
-1.123
-1.3184
-1.4404
-1.3916
-1.5869
-1.6846
-1.1963
-1.6357
-1.9287
-1.2207
-1.5137
-1.4893
-1.0254
-1.5381
-1.4648
-0.83008
-1.0254
-0.65918
1.2939
1.2939
1.6357
3.9063
6.1768
5.6885
6.4697
8.3008
9.0576
8.5938
9.0576
9.2041
9.8877
9.9609
9.9121
9.3506
9.4482
9.8389
10.498
10.986
10.718
10.693
10.693
10.913
10.791
10.425
10.474
11.011
10.474
9.8877
9.8389
10.083
9.7412
9.7168
8.96
9.1309
8.8135
8.9111
8.7402
8.9111
9.4727
9.1797
8.667
8.7646
8.96
8.8379
9.1309
9.1309
9.2285
9.0576
9.3994
8.9111
8.6426
8.5693
8.6426
8.7158
8.7158
8.6914
8.8867
8.4473
8.5938
8.3008
7.8125
6.9336
6.958
6.3965
5.5176
5.2002
5.2002
4.834
4.248
4.3945
4.3457
4.6875
4.5166
4.5166
4.2969
4.4189
4.4922
4.9316
5.3955
4.8828
4.7363
4.3701
4.0527
3.9307
4.2725
4.6387
4.9805
3.4668
1.2451
-0.097656
-0.85449
-0.70801
-0.43945
-0.70801
-1.2939
-0.85449
-0.90332
-0.61035
-0.73242
-1.1963
-1.2207
-0.73242
-0.75684
-1.2939
-1.2695
-1.0254
-0.95215
-1.2451
-1.2451
-0.73242
-0.90332
-1.2451
-1.5625
-0.87891
-1.0986
-0.97656
-1.2939
-0.87891
-0.63477
-0.024414
0
0
0
0
0
0
0
0
0
0
0
0
0
0
0
0
0
0
0
0
0
0
0
0
0
0
0
-0.12207
-0.78125
-1.9775
-2.3193
-2.6611
-3.3203
-3.5156
-3.1982
-3.5645
-3.7354
-3.6133
-3.6865
-3.9063
-3.3447
-3.6377
-3.3203
-3.6621
-3.7354
-3.7598
-3.5645
-3.9551
-3.8086
-3.54
-3.8086
-3.9063
-3.6377
-3.5645
-3.418
-3.418
-3.5889
-3.3936
-3.2715
-3.2959
-3.9063
-3.9063
-3.833
-3.4668
-3.7354
-4.1748
-3.5889
-4.248
-4.0527
-3.9551
-3.54
-3.4912
-3.8818
-3.5889
-3.8086
-3.5645
-3.3936
-3.7842
-4.0039
-3.7842
-4.0039
-4.0283
-3.9795
-3.7109
-3.8574
-4.1016
-3.6377
-3.1982
-0.26855
1.0254
0.5127
0.48828
2.2949
2.6367
3.418
3.54
3.2715
3.833
3.7598
3.6377
3.9551
3.8818
3.8086
3.418
3.8574
3.418
3.833
3.8574
3.6865
3.3936
3.5156
3.2471
3.9063
4.1992
4.3213
4.2236
3.2959
3.2471
1.1719
0.87891
0.19531
0
-0.048828
-0.1709
-0.39063
-0.36621
-0.5127
-0.56152
-0.31738
-0.24414
-0.19531
-0.024414
-0.024414
0
0
0
0
0
0
0
0
0
0
0
0
0
0
-0.12207
-1.123
-1.7334
-3.5156
-5.9082
-7.2021
-7.1289
-8.0322
-8.8379
-9.4727
-9.4238
-9.6436
-9.6436
-10.327
-10.425
-10.889
-10.474
-10.742
-10.962
-10.327
-10.449
-10.596
-10.278
-9.9121
-10.083
-10.156
-9.9854
-9.9854
-10.205
-10.327
-9.3262
-2.4414
-0.26855
0.36621
1.1719
1.6113
2.002
0.70801
2.4658
3.4668
3.2471
3.833
4.2969
4.5166
5.0781
4.5898
4.8096
4.9316
5.1025
4.834
4.6143
4.8096
4.7363
4.7119
4.6143
4.6143
4.8096
5.2734
4.7607
4.9316
5.3711
1.4404
1.416
0.3418
0.024414
-0.024414
-0.12207
-0.21973
-0.24414
-0.5127
-0.36621
-0.24414
-0.19531
-0.39063
-0.1709
-0.14648
-0.14648
-0.14648
-0.097656
-0.048828
-0.097656
-0.073242
-0.12207
-0.1709
-0.36621
-0.41504
-0.21973
-0.19531
-0.24414
-0.41504
-0.41504
-0.21973
0
0
0
0
0
0
0
0
0
0
0
0
0
0
0
0
0
0
0
0
0
0
0
0
0
0
0
0
0.024414
1.1475
1.7578
2.5146
3.0762
4.7119
6.4697
7.2266
7.7881
7.8857
8.374
8.8379
8.7891
8.2764
8.2764
8.9355
9.1064
8.7402
8.374
8.7646
9.0576
8.6914
8.3984
7.9102
8.4229
8.8867
8.8379
9.1064
9.082
8.3984
8.2764
8.4473
8.1543
8.5449
8.0078
8.3496
9.2773
8.5449
7.7637
7.5684
8.0811
8.667
8.667
8.4961
8.7158
8.1543
8.1543
8.3252
7.959
8.5938
7.8125
8.252
8.4717
8.2031
7.6904
7.5928
8.1543
7.9102
8.0566
8.0566
8.0078
9.3018
7.8369
7.7881
7.2266
6.8848
6.8848
6.958
7.2754
6.8604
6.665
6.6895
6.5918
6.7139
6.0303
6.2744
6.2988
6.2012
7.1777
6.8604
6.25
6.3965
5.9326
6.0303
5.7861
6.665
6.2012
5.8838
5.9082
6.2012
5.9814
5.2246
4.4678
4.1504
4.2969
4.1504
3.0518
1.709
1.709
1.8066
1.0986
1.3916
1.3184
1.0498
0.97656
1.5137
1.4648
0.83008
1.4404
1.4893
1.0498
1.6602
1.4404
0.97656
1.3184
1.3428
1.1963
0.92773
1.5137
1.4893
1.0254
1.7334
2.002
2.1729
2.2705
2.3682
2.1973
2.9053
2.3682
2.6123
2.5391
2.2705
2.9297
2.3926
2.4902
2.3926
2.3926
2.9785
2.6367
2.4414
2.7588
3.0029
2.832
2.8564
2.2949
3.0518
2.7588
2.4658
2.8564
2.0996
2.8564
2.5146
2.3926
2.6855
2.9541
2.5146
2.3438
2.6855
2.124
2.9785
2.3682
2.3682
2.4414
2.417
3.0518
2.5635
2.4414
2.71
2.0996
3.0273
2.417
2.2949
2.4902
2.2217
2.8809
2.0508
2.6123
2.3926
2.2217
2.4414
2.7832
2.417
2.3682
2.002
1.1963
0.36621
0.46387
0.41504
0.12207
0.024414
0.073242
0.024414
0
0
0
0
0
0
0
0
0
0
0
0
0
0
0
0
0
0
0.41504
0.90332
1.8555
1.8311
2.0996
2.4414
3.0518
2.6367
2.71
3.1738
2.8076
2.7588
3.3447
2.7344
2.6367
2.9785
2.5391
2.4902
2.9053
2.417
2.9053
2.9785
3.0518
3.1006
3.6133
2.7832
2.8076
3.1982
2.7832
2.8564
2.9785
3.0273
2.9541
2.6123
2.1729
1.1719
1.1719
1.2451
0.46387
0.48828
0.58594
0.26855
0.26855
0.19531
0.19531
0.19531
0.1709
0.19531
0.3418
0.39063
0.36621
0.14648
0.14648
0.1709
0.21973
0.26855
0.3418
0.29297
0.14648
0.19531
-0.56152
-2.2949
-2.3926
-2.8076
-3.2471
-3.2715
-3.3447
-3.6133
-3.8086
-3.9307
-3.8574
-3.9307
-4.1992
-4.0527
-4.2725
-4.1504
-4.0771
-3.9795
-4.0039
-3.8574
-3.9551
-4.0283
-4.3213
-4.3945
-4.1992
-4.3945
-4.1748
-3.9795
-4.2236
-3.8086
-2.7832
-4.1504
-5.2002
-6.4697
-6.7871
-6.2988
-6.8604
-7.2754
-7.6416
-7.6416
-8.0078
-7.7148
-8.4473
-8.2031
-8.5205
-8.374
-8.5938
-8.7158
-7.8125
-7.5684
-8.1543
-8.374
-8.1299
-8.0566
-8.6182
-8.1543
-7.7881
-7.7881
-7.4951
-7.5684
-5.8838
-4.3701
-4.6387
-4.2725
-3.7598
-4.0039
-4.3701
-3.9551
-2.2217
-2.1973
-1.7822
-1.6602
-0.83008
-1.0498
-1.6846
-1.7578
-1.1475
-1.1719
-1.709
-1.2451
-1.3672
-1.2207
-0.90332
-1.5869
-1.709
-0.92773
-1.3428
-1.4648
-1.3428
-1.5137
-1.123
-1.0254
-0.90332
-0.70801
-0.12207
0
0
0
0
0
0
0
0
0
0
0
0
0
0
0
0
0
0
0
0
0
0
0
0
0
-0.29297
-1.0498
-1.5869
-1.2939
-2.5879
-1.8555
-2.6855
-2.3926
-2.7588
-2.9053
-2.4658
-2.5879
-2.2705
-2.5146
-2.832
-2.2949
-2.7588
-2.3926
-2.7588
-3.2959
-2.6123
-3.0029
-3.1982
-2.832
-3.0518
-3.3203
-2.8809
-3.0029
-3.3691
-2.7344
-2.7832
-3.2227
-2.7344
-2.4658
-2.6367
-2.1484
-3.1738
-2.417
-2.2949
-2.4414
-2.3438
-3.2471
-2.4414
-2.417
-2.71
-2.2949
-2.9297
-2.4658
-2.6123
-2.9785
-2.3438
-2.4414
-2.2949
-2.3438
-2.5635
-2.0752
-3.0518
-2.3438
-2.5146
-2.6367
-1.709
-0.80566
-0.26855
-0.12207
0.073242
0
0.024414
0
0
0
0
0
0
0
0
0
0
0
0
0
0
0
0
0
0
0
0
0
0
0
0.53711
1.4648
1.4648
2.6611
4.3213
5.1514
5.3223
6.1035
6.8848
7.3975
7.1045
6.9092
7.1777
7.1777
7.5195
7.8613
8.0322
7.7637
7.9346
8.3008
8.4717
7.2021
7.7637
7.6416
8.2764
8.252
8.0566
8.2275
7.4463
7.3486
5.542
3.3447
3.2471
3.0029
2.3193
2.5146
1.7822
1.7578
1.2207
0.65918
0.46387
0.12207
0.048828
0
0
0
0
0
0
0
0
0
0
0
0
0
0
0
0
0
0.26855
0.95215
1.1475
1.0498
1.9287
1.9287
2.002
2.2461
2.4658
2.1484
2.4902
2.002
2.5391
1.8066
2.6611
1.5381
2.3193
1.4893
1.8555
2.0264
2.1484
2.0752
2.2705
2.2705
2.3926
2.0508
2.7832
1.7822
2.6123
1.9043
2.5146
2.5146
2.5391
3.2227
2.7344
2.6367
3.1738
2.7344
2.9541
3.3691
2.8076
2.6855
3.2715
3.3203
3.3691
2.8564
3.5645
3.1982
3.3691
3.1738
3.5645
2.8809
3.1006
3.2959
2.71
2.6855
3.2227
3.0273
3.0518
2.9785
1.709
-0.36621
-0.85449
-1.4893
-2.7588
-5.0293
-4.8096
-4.5166
-5.2246
-6.0547
-5.7861
-6.25
-6.3477
-6.1035
-6.0547
-6.5918
-6.1279
-5.5908
-6.4941
-6.6162
-6.4453
-6.3232
-6.4453
-6.4697
-5.542
-5.8105
-5.9326
-6.6162
-5.835
-6.2744
-6.8359
-7.3975
-6.6895
-5.7861
-4.7607
-4.5654
-4.1992
-4.4678
-4.2969
-3.9307
-4.1504
-3.833
-4.248
-4.3945
-4.0527
-4.2725
-3.9795
-4.2236
-4.248
-4.0039
-3.9795
-4.1504
-4.248
-4.2236
-4.1504
-4.248
-4.3457
-4.3213
-4.3945
-4.6387
-2.8809
0.31738
0.80566
0.87891
2.3682
2.6855
2.5879
3.9307
4.3213
4.2725
4.3945
4.9316
5.1758
4.6143
4.541
4.7607
4.8584
5.249
5.3955
5.4443
5.249
5.2734
5.0537
4.7852
4.6387
4.7607
4.5166
4.6631
4.8828
4.9561
5.2002
3.6377
3.2227
3.1982
3.0518
3.4424
3.1738
3.2471
2.5146
1.6846
1.0986
0.83008
0.61035
0.61035
0.48828
0.65918
0.53711
0.3418
0.19531
0.19531
0.29297
0.68359
0.31738
0.26855
0.1709
0.1709
0.1709
0.39063
0.61035
0.43945
0.14648
0.024414
0
0
0
0
0
0
0
0
0
0
0
0
0
0
0
0
0
0
0
0
0
0
0
0
0
0
0
0
0
0.048828
0.097656
0.19531
0.29297
0.024414
0
0.024414
0
0
0
0
0
0
0
0
0
0
0
0
0
0
0
0
0
0
0
0
0
0
0
-0.63477
-1.2207
-2.1973
-3.6865
-5.0781
-5.7617
-6.1523
-6.6162
-7.0313
-7.251
-6.9336
-7.0557
-7.0557
-7.4463
-7.1777
-7.373
-7.5684
-7.5439
-7.666
-7.7393
-7.3486
-7.5439
-7.7148
-7.9102
-7.8125
-7.8857
-7.8125
-8.1299
-7.5928
-8.1299
-8.667
-8.0811
-7.0068
-5.9326
-6.2744
-5.3467
-5.6396
-5.4688
-5.1758
-5.0293
-5.127
-5.3711
-5.4443
-5.1025
-5.1514
-5.249
-5.2734
-4.9805
-4.9316
-4.9561
-5.2002
-5.1514
-5.4199
-5.5908
-5.0049
-5.2002
-5.1758
-5.6885
-5.6396
-4.541
-1.9775
-0.87891
-0.41504
-0.048828
0.024414
0.097656
0.097656
0.1709
0.073242
0
0
0
0
0
0
0
0
0
0
0
0
0
0
0
0
0
0
0
0
0.024414
0.097656
0.21973
0.24414
0.26855
0.29297
0.53711
0.53711
0.36621
0.73242
0.46387
0.29297
0.24414
0.31738
0.31738
0.39063
0.48828
0.53711
0.29297
0.53711
0.63477
0.29297
0.3418
0.31738
0.36621
0.48828
0.65918
0.41504
0.43945
0.48828
0.3418
-0.80566
-2.3926
-4.126
-6.4209
-7.251
-6.7383
-7.2266
-8.2031
-8.1299
-7.8613
-8.6914
-8.5205
-8.9355
-8.8867
-8.8867
-8.6914
-8.7646
-9.4238
-8.3008
-8.6182
-8.8379
-8.5938
-8.6182
-8.8623
-9.0088
-8.4717
-9.3262
-9.082
-8.5449
-8.252
-1.5137
0.63477
1.6357
4.4678
7.1045
5.1514
1.7334
4.4189
7.4219
9.0332
8.8379
7.3975
8.9111
9.2285
8.8623
8.3252
8.8623
9.7168
10.205
9.9365
8.9844
9.6191
10.132
10.449
10.645
10.669
10.669
9.6191
10.01
10.156
10.474
10.596
10.864
10.669
10.767
10.669
10.474
10.742
10.425
10.376
9.6436
9.79
10.449
10.376
9.79
10.132
10.62
10.254
10.229
10.059
10.156
10.181
10.449
10.425
10.571
10.083
9.668
9.9854
10.449
10.645
3.0273
0.21973
-1.1963
-1.7822
-4.7607
-5.6396
-2.417
-1.5381
-4.2725
-5.9814
-7.2266
-6.4697
-5.5664
-6.3232
-7.0313
-7.0068
-7.5439
-7.4219
-7.5928
-7.1777
-7.2021
-7.1289
-7.0557
-7.251
-6.665
-7.2754
-6.8848
-6.8848
-6.9824
-6.5186
-6.8115
-6.8848
-6.8359
-6.958
-6.5674
-6.8848
-6.9092
-6.7139
-6.5918
-6.4941
-6.25
-7.0557
-6.6162
-6.4697
-6.7139
-6.7627
-7.0313
-7.251
-6.5674
-6.665
-6.8115
-6.6162
-6.6406
-6.2988
-6.7139
-7.2754
-6.7871
-6.8115
-6.7627
-6.2988
-4.9072
-4.7607
-4.5166
-4.6631
-4.5654
-4.7119
-4.3945
-3.54
-3.1494
-2.3926
-2.0264
-1.6357
-1.5869
-1.6357
-1.001
-1.5381
-1.6357
-1.0498
-1.4648
-1.5625
-1.1719
-1.5137
-1.3428
-1.2695
-1.7822
-1.9775
-1.3672
-1.9287
-1.4893
-1.7822
-1.5381
-3.3691
-3.418
-3.7598
-4.1504
-4.5166
-4.7852
-4.7852
-4.9316
-4.9805
-4.834
-4.9072
-4.9561
-5.0049
-5.0537
-4.9072
-4.9561
-5.4199
-5.2979
-5.0049
-4.8096
-4.834
-5.0293
-4.9316
-4.8584
-4.9561
-4.8096
-4.7363
-4.9316
-5.0293
-5.0049
-5.4199
-5.1758
-4.7852
-5.4443
-5.3955
-5.2979
-5.4932
-5.4443
-5.1514
-5.5664
-5.9326
-5.4443
-5.8105
-5.7617
-5.7861
-5.1514
-5.0293
-5.2734
-5.7373
-5.6396
-6.0547
-5.8105
-5.8838
-6.0547
-5.6885
-5.542
-5.7861
-5.8838
-1.1475
0.87891
1.9775
5.1758
5.5664
3.1494
3.2715
6.4209
8.4229
7.7393
8.252
9.2773
9.2529
8.7646
9.0576
9.7412
10.205
10.278
9.8877
10.352
10.034
9.8389
9.9365
10.352
10.669
10.596
10.156
10.205
9.7656
9.7412
6.3721
4.2969
3.3203
3.54
3.2227
2.71
2.9053
1.9287
2.5391
1.8799
0.95215
0.24414
0.19531
0.097656
0
0
0
0
0
0
0
0
0
0
0
0
0
0
0
0
-0.83008
-1.3672
-1.7578
-1.709
-1.5137
-2.2949
-1.5625
-2.8076
-2.1729
-2.3682
-2.1484
-2.5146
-2.2705
-2.417
-2.6123
-2.2217
-2.8076
-1.9287
-2.4658
-2.002
-2.3438
-2.2461
-2.1729
-2.1973
-2.6123
-2.417
-2.002
-2.6123
-1.8799
-2.832
-2.3438
-3.0273
-3.833
-4.1992
-4.2969
-4.6631
-4.3945
-4.4678
-4.3457
-4.5654
-4.3457
-4.6387
-4.6143
-4.4678
-4.3945
-4.6143
-4.6143
-4.9805
-5.0781
-5.1025
-5.1025
-5.0049
-4.6631
-4.5166
-4.4189
-4.5898
-4.8096
-5.0781
-5.0537
-5.0049
-1.3916
0.1709
0.3418
0.63477
0.73242
1.6602
2.7344
4.2969
4.6631
4.541
4.3457
4.4678
5.0293
5.4199
5.8838
5.5664
5.4199
5.4932
5.4932
5.0049
5.2002
5.6152
5.127
4.9072
5.1758
4.9561
5.127
5.2002
5.6641
5.7129
2.3682
-0.31738
-1.4648
-1.5625
-2.9053
-6.1768
-5.6152
-2.6367
-4.3945
-6.8604
-7.6172
-6.2988
-7.1289
-7.3486
-8.3008
-7.9346
-8.252
-8.2764
-7.7637
-8.2275
-8.252
-8.252
-8.374
-8.374
-8.5205
-8.8379
-8.2275
-9.0088
-9.1064
-8.7402
-8.5693
-8.8867
-8.5938
-8.3984
-8.5449
-8.0322
-8.5205
-8.4717
-8.5938
-8.8135
-8.3496
-8.0811
-8.2275
-8.1299
-8.1787
-8.2031
-8.6182
-8.7646
-8.6182
-8.5205
-8.4229
-8.4961
-8.667
-8.9355
-9.0088
-8.5449
-8.8379
-8.2031
-8.2031
-8.8623
-4.2725
-0.097656
0.83008
0.24414
0.95215
1.8799
1.3428
2.5146
4.4189
4.8096
5.3467
5.7861
6.1523
5.8594
5.9814
6.4697
6.3721
5.7129
6.0547
6.0547
6.4941
6.9336
6.2744
6.2256
6.6162
6.9092
6.4209
6.0791
6.4209
6.4941
5.8105
7.0068
7.5684
7.7881
8.0566
8.5449
8.0322
8.3252
8.6182
8.6182
8.8623
9.4971
9.7412
9.6191
9.6924
9.1553
9.5459
9.4971
9.3994
9.668
9.375
9.4238
8.6426
8.5449
9.1553
9.8145
9.0332
9.5215
9.5459
9.79
10.449
9.4238
9.0576
8.374
7.8857
8.3496
7.7148
7.6416
7.0313
7.3242
7.2266
7.1289
7.1533
7.0557
7.5928
7.8857
8.1787
7.4219
7.4951
7.2754
7.4951
7.0068
6.8115
7.5195
7.2266
7.4707
6.5674
6.8848
6.4697
6.6406
7.4707
7.6904
8.4717
9.3506
9.375
9.5703
9.3994
9.7168
9.5947
9.4238
10.327
10.474
10.083
9.3506
9.5459
10.547
10.498
10.303
10.864
10.767
11.133
10.815
10.254
9.9854
10.815
10.522
9.7168
9.6191
10.278
10.132
6.543
1.2207
-0.14648
-1.2451
-0.80566
-0.46387
-0.61035
-1.5869
-3.8086
-3.0762
-3.4668
-4.0283
-4.4678
-4.4189
-4.3457
-4.4189
-4.6631
-4.7852
-4.834
-4.7852
-4.8584
-5.127
-4.9805
-4.834
-4.6143
-4.8096
-4.8096
-4.9805
-5.1025
-5.0537
-3.4912
-3.0518
-3.3447
-2.5146
-2.71
-2.2461
-1.6357
-1.2939
-0.70801
-1.0254
-0.39063
-0.56152
-0.63477
-0.3418
-0.39063
-0.39063
-0.39063
-0.73242
-0.5127
-0.58594
-0.68359
-0.31738
-0.29297
-0.21973
-0.24414
-0.12207
-0.21973
-0.48828
-0.63477
-0.36621
-0.12207
1.6357
1.8799
2.6855
2.7588
3.4424
4.1016
4.1992
4.3945
4.6631
4.7852
4.4189
4.4922
4.5654
4.6875
4.6631
4.4434
4.3945
4.5166
4.7119
4.6143
4.7607
4.7363
4.248
4.0771
4.2236
4.0283
4.0527
4.2236
4.3701
3.5645
1.8066
1.3672
0.56152
0.14648
0
0
0
0
0
0
0
0
0
0
0
0
0
0
0
0
0
0
0
0
0
0
0
0
0
0.097656
0.90332
0.85449
0.80566
1.5381
1.5869
1.2695
2.3438
1.8555
2.1729
1.8066
2.5635
1.7578
2.3193
1.7822
2.002
2.0508
2.2949
1.8555
2.0264
2.002
1.6357
2.2461
1.8555
2.2217
1.4404
2.3926
1.6357
2.124
2.0264
1.709
1.9043
3.3447
4.4434
5.6396
6.25
6.5186
6.9092
6.7871
7.2998
7.1533
7.8857
7.7148
8.374
8.1787
7.7148
7.5684
7.4707
7.7881
7.5195
7.6416
7.3242
7.6416
7.7148
7.3975
6.8848
6.4697
7.5195
7.1533
7.8369
5.2002
0.39063
-1.2939
-3.3691
-2.9053
-2.0996
-5.3467
-8.2275
-6.3477
-4.5898
-7.2021
-8.5205
-8.5449
-8.5205
-8.8135
-9.3994
-9.4482
-9.375
-9.6191
-9.8389
-9.9365
-10.132
-9.6924
-9.8877
-10.034
-10.278
-10.352
-9.7168
-10.4
-10.278
-10.376
-7.0313
-4.1504
-3.0762
-1.8799
-1.3184
-1.1719
-0.5127
-0.048828
0
0
0.048828
0
0.024414
0
0
0
0
0
0
0
0
0
0
0
0
0
0
0
0
-0.21973
-1.0986
-2.0752
-3.2471
-4.3213
-5.5664
-5.9082
-6.5918
-6.5918
-6.8359
-7.1045
-6.9824
-7.4707
-6.958
-7.7637
-7.3242
-7.6904
-7.0068
-7.373
-7.4951
-8.0078
-7.8369
-7.9346
-7.2754
-8.1055
-7.6172
-7.6904
-7.0313
-7.9834
-7.7148
-6.4941
-0.65918
0.48828
0.58594
2.7832
3.9307
1.1475
2.0264
3.8574
4.9316
4.5166
5.1758
5.5664
6.2988
6.1279
6.0791
6.1279
6.7627
6.7871
6.0059
6.2744
6.7627
6.543
6.6406
6.2012
6.0791
6.6406
6.6162
6.1279
5.4443
5.7861
6.665
6.8115
7.2998
7.1777
7.5195
7.7881
8.8379
8.2764
7.9834
8.374
7.6904
8.3984
8.5693
8.7158
8.9355
8.5205
8.4473
7.6416
7.9346
8.2275
8.1543
9.0576
8.6914
8.5205
8.3984
8.3252
8.5449
8.5449
8.3252
7.1289
1.2207
0
-1.2939
-3.0762
-1.7578
-1.2207
-1.9531
-4.3457
-5.2002
-4.834
-5.6885
-6.0303
-6.3965
-6.8359
-6.5918
-6.8359
-7.0313
-6.7383
-7.1533
-6.665
-7.2998
-7.6172
-7.0557
-7.0068
-6.9092
-7.6904
-7.1777
-7.3242
-7.0068
-6.7383
-2.3193
-1.1475
-0.85449
-0.90332
-0.41504
-0.024414
0.048828
0.19531
0.36621
0.36621
0.21973
0.097656
0.073242
0.048828
0.048828
0.073242
0.073242
0.097656
0.097656
0.097656
0.097656
0.12207
0.19531
0.1709
0.24414
0.19531
0.097656
0.073242
0.12207
0.048828
-1.2695
-2.124
-2.3926
-3.1006
-3.0273
-3.1982
-3.2471
-3.833
-4.0283
-3.8818
-3.7842
-3.7842
-3.9551
-3.7598
-3.54
-4.0527
-4.0527
-3.9795
-4.126
-4.0771
-4.1504
-4.0283
-4.126
-4.4434
-3.8818
-3.833
-4.126
-4.3945
-4.4434
-3.7354
0.073242
0.73242
2.124
4.6387
5.4443
3.1006
4.7607
6.4941
6.8604
7.4951
8.0811
7.8857
8.1299
8.5693
8.4961
8.9111
9.4482
9.3506
9.1064
9.4971
9.5947
9.3994
9.4971
9.2529
9.79
9.79
9.3018
8.8379
9.0576
8.6914
4.3213
2.9053
2.5391
1.9043
2.3438
1.8555
1.123
1.123
0.68359
0.21973
-0.12207
-0.12207
-0.14648
0
0
0
0
0
0
0
0
0
0
0
0
0
0
0
0
0
-0.14648
-0.12207
-0.14648
-0.19531
-0.36621
-0.36621
-0.21973
0
0
0
0
0
0
0
0
0
0
0
0
0
0
0
0
0
0
0
0
0
0
0
-0.65918
-0.92773
-1.8799
-3.0762
-3.4668
-4.0283
-3.8574
-4.0039
-4.2236
-4.1504
-4.3457
-4.4678
-4.4434
-4.6387
-4.834
-4.9072
-4.834
-4.6631
-4.6875
-4.6143
-4.4922
-4.3701
-4.4678
-4.5166
-4.2236
-4.4434
-4.4434
-4.2969
-4.5898
-4.6875
-4.4434
-4.6387
-4.541
-4.3701
-4.4189
-4.6143
-4.7607
-4.4678
-4.5166
-4.5898
-4.7363
-4.8828
-4.9561
-4.9316
-5.0049
-5.127
-4.7852
-4.6875
-5.0781
-5.1025
-4.9072
-4.8828
-4.6387
-4.7607
-4.8584
-4.9805
-4.8096
-4.8096
-4.8096
-5.2002
-0.65918
0.75684
1.0254
0.92773
3.5889
5.2979
4.6631
5.1514
6.1035
6.0791
5.3955
6.0791
6.6895
6.543
6.7627
6.543
6.665
7.4707
7.2266
6.4453
6.3965
6.2744
7.0068
7.1045
6.4697
6.958
6.6895
6.665
7.1045
6.9824
6.7871
7.2754
7.1045
8.0078
7.9102
7.9346
8.3008
8.374
8.3252
8.252
7.6416
7.9834
8.0811
8.6914
8.4717
8.7402
8.8623
8.1543
8.0322
8.4473
8.2764
8.4961
8.2031
8.6182
8.5693
7.3242
7.4951
7.0068
8.3496
8.0322
7.4707
7.6416
7.5928
7.251
6.5186
5.3711
4.9805
4.7852
4.5654
4.3701
3.7598
3.3936
3.833
3.5889
3.9063
4.1016
3.7842
3.2715
3.5889
3.54
3.8574
3.833
3.9307
3.6621
3.3203
3.4668
3.6621
3.7842
4.0527
1.8555
0.3418
0
0
-0.1709
-0.3418
-0.41504
-1.0254
-0.65918
-0.97656
-0.5127
-0.5127
-0.65918
-0.90332
-0.46387
-1.001
-0.48828
-0.58594
-0.58594
-0.95215
-0.46387
-0.87891
-0.56152
-0.3418
-0.3418
-0.31738
-0.80566
-0.63477
-0.65918
-0.73242
0.48828
1.6846
1.8311
3.8574
4.4434
4.541
6.1768
7.251
7.3242
7.2266
7.5439
7.7637
8.1299
8.374
8.4717
8.3252
8.3984
7.5684
7.4463
7.6172
8.374
8.5205
8.374
8.667
8.5205
8.6426
8.9355
8.7891
9.1064
8.4717
6.8115
6.1768
5.0049
4.9561
5.2002
4.5166
3.7842
3.2715
3.2227
2.3926
2.8076
1.4404
2.2217
1.6846
1.9531
1.8555
1.9531
1.8799
1.4648
2.002
1.5625
1.9531
1.8799
2.0752
2.002
1.9043
1.9531
2.002
1.9775
1.5381
1.2939
0.19531
-0.1709
0
-0.097656
-0.14648
-0.24414
-0.26855
-0.14648
-0.14648
-0.19531
-0.3418
-0.21973
-0.21973
-0.12207
-0.073242
-0.073242
-0.024414
-0.024414
-0.024414
-0.048828
-0.024414
-0.048828
-0.024414
-0.073242
-0.048828
-0.073242
-0.048828
-0.073242
-0.097656
0.1709
2.3193
1.3428
2.6855
2.7588
3.0029
3.6377
3.7598
3.7109
3.7842
3.8818
3.9307
3.9551
4.3945
4.6631
4.541
4.0039
3.9063
3.7598
3.6621
3.9795
3.7354
3.7598
4.0771
3.9795
3.9795
3.9551
3.9063
4.126
4.0771
2.5635
0.43945
-0.048828
-0.19531
-0.63477
-0.83008
-0.80566
-0.85449
-0.80566
-1.3916
-1.0986
-1.0986
-0.83008
-1.3184
-1.3672
-0.87891
-0.85449
-1.2207
-1.3184
-0.80566
-0.92773
-1.123
-1.1475
-0.65918
-0.68359
-1.1963
-0.87891
-1.1475
-0.78125
-0.97656
0.097656
1.4404
2.0508
3.6621
6.0059
5.9082
6.4209
7.9346
8.7402
9.0332
9.2773
9.5703
9.5703
9.9365
10.083
10.254
9.5215
9.7656
10.352
10.645
10.278
10.596
10.693
10.254
9.7656
10.205
10.449
10.767
10.4
9.4971
5.3467
0.097656
-1.709
-2.6611
-1.1963
-1.7334
-5.0293
-6.3232
-5.4932
-2.5146
-4.4922
-6.4697
-6.665
-6.4453
-6.2988
-6.7383
-7.4707
-6.9824
-7.4219
-7.4951
-7.8857
-7.4219
-7.5928
-7.1045
-7.1045
-7.2754
-7.666
-7.6904
-7.5684
-7.6172
-4.3457
-0.53711
0.19531
0.95215
1.9287
0.61035
0.61035
1.3672
2.3926
2.0508
2.7588
2.4414
2.417
3.0762
2.6855
2.6855
3.0273
2.3926
2.71
2.4902
2.417
2.71
2.002
2.7832
2.3438
2.3438
2.3682
2.2705
2.7832
2.2461
3.4668
3.1982
2.1729
2.3438
1.8311
1.2939
1.8311
1.709
1.2207
1.416
1.5381
1.4893
1.5869
1.3916
0.87891
1.5381
1.4648
0.80566
0.85449
1.3184
1.416
0.87891
1.2939
1.0498
1.0254
0.83008
1.5137
1.4893
0.92773
1.0986
1.5625
1.1475
0.58594
0.63477
0.31738
0.12207
0.14648
0.21973
0.21973
0.31738
0.19531
0.048828
0
0.048828
0.073242
0.12207
0.12207
0.048828
0.073242
0.12207
0.1709
0.1709
0.19531
0.1709
0.14648
0.024414
0.024414
0
0
0
-0.36621
-1.001
-1.709
-1.5381
-1.0498
-1.6602
-1.7578
-1.3672
-2.1729
-1.5869
-2.1484
-1.5625
-1.9287
-2.2949
-1.9287
-1.9531
-2.002
-2.0264
-1.7334
-2.7344
-1.9287
-2.6123
-2.0264
-2.2705
-1.9043
-2.3682
-1.7578
-2.124
-1.4404
-2.2461
-1.5137
-2.3926
-2.124
-2.832
-2.417
-2.5879
-3.1738
-2.9785
-2.832
-3.418
-2.7344
-3.2715
-3.54
-3.2471
-3.0518
-3.2959
-3.6865
-3.1006
-2.832
-3.2715
-3.125
-2.71
-2.5879
-3.0273
-2.417
-2.7832
-3.0762
-2.5635
-2.71
-2.9785
-3.4668
-2.1484
-1.1719
-0.83008
-0.5127
-0.14648
0
0.048828
0.073242
0.024414
0
0
0
0
0
0
0
0
0
0
0
0
0
0
0
0
0
0
0
0
-0.43945
-1.1719
-1.7822
-4.1504
-5.127
-5.6641
-6.3965
-6.8604
-7.4951
-7.1533
-7.8613
-7.8125
-8.4961
-7.6904
-7.5684
-7.6904
-8.0078
-8.252
-7.7637
-8.0322
-7.7637
-8.2764
-8.252
-7.959
-8.0566
-7.5928
-8.5449
-8.3496
-8.5205
-8.1543
-7.5195
-5.7861
-5.9082
-5.2979
-5.542
-5.6396
-4.8584
-3.5889
-3.1982
-2.5391
-2.5879
-2.3682
-2.7344
-2.6367
-1.9775
-2.832
-2.2705
-2.6611
-2.1973
-2.2461
-2.2461
-2.0508
-2.124
-2.0264
-2.0264
-2.0996
-2.2705
-2.0264
-2.2949
-2.1729
-2.6367
-2.124
-2.6855
-2.417
-2.6855
-3.1494
-2.832
-2.9297
-3.1494
-2.9053
-2.9297
-2.9541
-2.4658
-2.9297
-2.5635
-2.3438
-2.832
-2.1484
-2.417
-2.2949
-2.5146
-2.8564
-2.0264
-2.71
-2.417
-2.832
-3.125
-2.417
-2.4902
-2.7588
-2.2705
0.83008
0.65918
2.002
3.6865
3.8818
4.3213
5.5176
5.957
6.3965
6.5186
6.5186
6.9824
6.4697
7.4707
7.6416
7.373
7.1045
6.8604
7.0068
6.7383
7.3975
7.3486
7.5684
7.6172
7.8857
7.2998
7.2266
7.1533
7.5195
7.9102
7.373
7.5684
7.1045
6.958
6.3965
5.835
5.2979
5.3955
6.1523
5.7617
5.835
5.542
5.5664
6.2988
6.0303
5.4932
5.3467
5.8838
6.2012
5.7861
5.7861
5.7129
6.2988
6.2256
6.4453
5.5908
5.4688
5.9326
5.4932
4.2725
0.41504
-1.3428
-1.5625
-2.6367
-3.2715
-4.6631
-4.4678
-4.7607
-6.4697
-6.8604
-7.1045
-7.0313
-6.9824
-7.2266
-6.9824
-7.4463
-7.3486
-7.373
-7.6416
-7.6416
-7.8857
-7.7637
-7.251
-7.1777
-7.6172
-7.9346
-7.9102
-7.5195
-7.5439
-7.373
-5.9326
-5.6641
-5.2246
-5.3223
-5.5908
-4.3457
-3.0029
-3.0273
-2.832
-2.4414
-3.1494
-2.417
-2.6611
-2.4414
-2.5391
-2.832
-2.1484
-2.417
-1.9531
-2.2461
-1.9775
-2.2461
-2.0752
-2.2949
-2.1484
-2.2949
-2.1973
-2.2705
-2.3682
-2.0752
-2.4414
-2.2217
-2.0996
-2.124
-1.8799
-2.0264
-1.8066
-2.3682
-1.4648
-2.0264
-1.8066
-1.8066
-1.6602
-1.1963
-1.9775
-1.4404
-1.5625
-1.8555
-1.1719
-1.5625
-1.6357
-1.2451
-1.8311
-1.3916
-1.416
-1.8799
-1.2939
-1.5625
-1.709
-1.2451
-1.9043
-2.124
-2.832
-3.9063
-4.0283
-4.1748
-4.5166
-4.5654
-4.6631
-4.7363
-4.9072
-4.6875
-4.5898
-4.9072
-5.1025
-4.834
-5.0293
-5.2246
-5.3223
-5.3223
-5.1758
-4.9316
-4.9805
-5.0293
-4.5654
-4.3945
-4.5654
-4.6631
-4.8096
-5.0293
-5.3955
-5.6396
-5.1025
-4.5898
-3.4668
-3.1006
-2.9541
-2.0996
-2.1973
-1.9287
-2.2705
-1.9531
-2.2217
-1.9531
-2.1484
-1.8799
-2.6123
-2.2949
-2.5635
-2.417
-2.3682
-2.832
-2.417
-3.1006
-2.5146
-2.7832
-2.832
-1.8799
-2.5146
-1.9531
-1.709
-0.68359
-0.31738
-0.12207
0
0.14648
0.024414
0
0
0
0
0
0
0
0
0
0
0
0
0
0
0
0
0
0
0
0
0
0
-0.048828
-1.0742
-2.0508
-2.1484
-3.4424
-4.7119
-5.0049
-4.9561
-5.7617
-6.5186
-6.5674
-6.4209
-6.7139
-6.543
-6.3721
-6.7383
-6.543
-6.5918
-7.2021
-6.8848
-7.2266
-7.1289
-6.8115
-6.7871
-6.2012
-6.4209
-6.7627
-6.0791
-6.25
-6.665
-6.958
-2.6123
-2.1484
-1.8066
-1.7578
-0.70801
-0.63477
-0.46387
-0.14648
-0.024414
0
-0.024414
0.048828
0.048828
0
0
0
0
0
0
0
0
0
0
0
0
0
0
0
0
0.024414
0.95215
1.6113
2.1484
3.1738
5.127
5.4688
6.3477
7.0068
7.7637
7.5928
7.7148
7.4463
8.252
8.5938
8.5449
8.667
7.959
8.1787
8.1299
7.7881
8.7158
8.5938
9.3018
8.8379
8.6182
8.4961
8.2031
8.3496
8.4717
7.8369
7.1533
6.8604
6.1768
6.665
6.4941
5.5664
4.0283
4.0039
4.126
3.5645
3.6865
3.0273
3.3447
2.7588
2.71
3.2471
2.9297
3.1494
3.2959
2.8076
2.5391
3.125
3.2715
2.8564
2.6855
3.1494
2.5391
2.8076
2.9785
2.5146
2.5635
4.7852
5.2979
6.3965
7.251
7.2998
7.7393
7.666
8.5449
8.3252
8.1787
8.96
8.6914
8.5938
9.1797
9.1309
8.7158
8.7158
8.374
8.8379
9.1064
9.0576
8.4717
8.5205
8.2275
8.7891
8.8867
9.082
9.4238
9.1553
9.79
9.2529
9.1309
8.4229
7.7637
7.2021
7.1289
6.9824
6.4697
5.8594
5.3711
5.2246
5.6885
5.9082
6.0059
5.6396
5.7617
5.9814
5.6641
5.5664
6.0059
5.957
6.0059
5.5908
5.4443
6.0059
6.1523
5.835
5.9814
6.0303
6.8604
5.6396
5.0781
4.8096
4.7607
4.3701
3.7842
3.8574
3.6865
3.5645
3.7598
4.2236
4.2969
3.9063
4.0039
3.833
3.7842
3.3936
4.1748
3.6133
3.6377
3.7598
3.5889
3.3691
3.8574
3.3936
3.8086
4.0527
3.9063
3.9795
3.1006
2.9297
3.4424
2.9785
1.8066
1.416
0.95215
1.0742
0.63477
0.53711
0.65918
0.85449
0.29297
0.31738
0.53711
0.63477
0.41504
0.29297
0.26855
0.3418
0.75684
0.65918
0.53711
0.78125
0.39063
0.31738
0.26855
0.3418
0.53711
0.048828
0
0
-0.048828
-0.097656
-0.29297
-0.41504
-0.21973
-0.19531
-0.12207
-0.073242
-0.048828
-0.048828
-0.073242
-0.073242
-0.048828
0
-0.024414
0
0
0
0
-0.024414
0
0
0
0
0
0
0
0
1.5137
1.416
2.3926
2.7832
3.5156
3.6377
3.7842
3.6377
4.0527
4.248
3.9307
3.7598
4.1504
4.5898
4.6631
4.1992
4.0527
4.3701
4.3945
4.0283
3.9551
4.5898
4.7852
4.7363
4.6143
3.8818
3.4668
3.8086
3.8574
1.123
-0.73242
-1.123
-1.001
-1.5625
-2.832
-3.7598
-3.5889
-4.0283
-4.3457
-4.7607
-4.8584
-4.7852
-4.6387
-4.6387
-4.541
-4.1748
-4.1992
-4.0527
-4.3945
-4.4678
-4.4922
-4.4434
-4.3945
-4.4189
-4.4434
-4.7119
-4.6387
-4.4189
-4.3945
-0.97656
0.68359
1.2939
3.3447
2.4414
2.4414
3.3691
5.2979
5.7617
6.25
6.5918
6.7383
6.9824
7.0801
7.4463
7.8369
7.959
7.8125
7.8125
7.8369
6.9336
6.958
7.5439
7.8857
7.6904
7.9346
7.8613
8.3252
7.666
7.9346
6.0547
4.834
4.0283
3.6377
3.9063
3.7354
3.5645
4.0283
3.7109
2.7344
1.2207
1.8799
1.0986
1.123
0.85449
1.2207
0.85449
0.85449
0.5127
0.68359
1.1475
0.75684
1.0742
0.58594
0.56152
0.70801
0.80566
0.92773
0.78125
0.63477
0.56152
0.048828
0
0
0.024414
0
0
0
0
0
0
0
0
0
0
0
0
0
0
0
0
0
0
0
0
0
0
0
0
0
-0.29297
-0.87891
-1.4893
-1.0498
-1.709
-1.6846
-1.8066
-1.8799
-1.5625
-2.4414
-1.5869
-2.6367
-1.9043
-2.5635
-1.6357
-2.7832
-1.8555
-2.5635
-1.9531
-2.4414
-1.3672
-2.0996
-1.7822
-1.9531
-1.9775
-1.8555
-1.9531
-1.7334
-2.124
-1.4893
-0.97656
0.3418
0.46387
0.58594
1.123
1.2695
0.95215
1.709
1.8066
1.1963
1.8066
1.6357
1.5381
1.9287
1.3184
1.7822
1.709
1.8066
2.002
1.1963
1.8799
1.7822
2.0752
1.6846
1.2695
2.0996
1.5625
1.7578
1.7334
1.2695
0.87891
-0.43945
-1.5381
-1.9775
-2.002
-1.9531
-2.1729
-2.3193
-2.832
-2.3926
-2.9541
-2.6123
-2.5635
-2.9297
-2.3193
-2.5391
-2.4414
-2.3438
-3.0518
-2.3926
-2.5391
-2.5635
-2.2949
-2.8564
-2.3193
-2.6367
-2.8809
-2.8809
-3.0518
-2.7344
-1.2695
0.36621
2.124
4.0527
4.9805
2.7588
3.0518
4.6143
4.5166
5.249
6.0059
5.6885
5.2002
5.6885
6.0791
6.4209
6.8848
6.3965
6.3721
5.8594
6.5918
6.6406
5.8838
5.9814
6.2256
6.6895
6.665
6.7871
6.665
6.3232
4.0771
0.21973
-0.36621
-1.9531
-3.7598
-4.0283
-2.7832
-3.0029
-3.7354
-3.7842
-3.9063
-4.0527
-4.2969
-4.7852
-4.4434
-4.4189
-4.6387
-4.5166
-4.4922
-4.4678
-4.5166
-4.7363
-4.8584
-5.0049
-5.1025
-4.9072
-4.7363
-4.6387
-4.7363
-4.4922
-2.9297
-4.8584
-6.665
-8.3496
-9.0332
-8.5693
-9.2041
-9.7412
-10.083
-10.107
-10.156
-10.205
-10.62
-10.669
-10.425
-10.229
-10.352
-10.229
-10.449
-10.205
-10.107
-10.278
-10.4
-10.352
-10.693
-10.547
-10.645
-10.327
-10.84
-10.303
-7.1289
-1.0986
0.21973
1.9775
2.9297
0.85449
0.73242
1.7578
3.54
3.3203
2.4658
3.3691
3.7109
3.7354
3.6377
4.126
4.3213
4.541
4.3945
4.6143
4.5898
4.2725
4.0527
4.0283
4.0527
4.0527
4.1992
4.7607
4.8096
4.7363
2.5391
0.048828
-0.63477
-2.7588
-4.1504
-4.4922
-3.418
-3.0273
-3.2959
-4.0283
-4.0771
-4.4678
-4.5898
-4.6875
-4.6875
-4.6631
-4.6875
-4.7852
-4.7852
-4.834
-4.7119
-4.4922
-4.248
-4.2969
-4.3945
-4.4189
-4.4678
-4.3213
-4.541
-4.4434
-2.7344
0.43945
1.4404
3.2959
6.25
6.4941
3.6377
3.7109
5.5176
6.3965
7.1045
7.373
7.959
8.3252
8.3008
8.5449
8.2275
8.4961
8.6182
9.1797
9.1064
9.6191
9.2041
9.0332
8.7646
9.3018
8.7402
8.4717
9.4482
9.3018
6.3721
0.97656
-0.87891
-3.6133
-5.542
-3.125
-1.9775
-4.1016
-5.8105
-6.3477
-4.2725
-4.1992
-4.9561
-5.3711
-5.957
-6.3965
-6.0791
-6.5186
-6.5674
-6.4941
-6.8848
-6.8848
-6.3721
-6.7627
-7.1533
-7.1533
-7.2754
-6.8848
-6.9824
-6.9824
-6.665
-5.249
-5.3223
-5.8105
-5.6641
-4.8584
-4.4678
-2.7344
-2.9541
-2.9785
-2.0264
-2.5635
-2.2461
-2.4414
-2.2461
-2.4414
-2.417
-2.002
-2.5146
-1.8066
-2.71
-2.0752
-2.71
-2.2705
-2.7588
-2.4414
-2.3193
-2.832
-2.1729
-2.832
-1.2939
-3.1006
-4.3701
-5.6641
-5.8105
-6.25
-6.543
-6.4209
-6.8604
-7.0068
-7.0068
-7.4463
-6.9336
-7.8125
-7.4219
-8.252
-7.7148
-7.8125
-7.2754
-7.7637
-7.9834
-8.3496
-7.8613
-7.8369
-7.8857
-7.9346
-7.6904
-7.0801
-7.6416
-7.251
-6.1035
-1.5381
-0.46387
0.1709
0.1709
-0.048828
0.1709
0.73242
1.2451
1.4893
0.97656
1.5625
1.5381
1.0498
1.4404
1.5625
1.3428
1.7578
1.5137
0.97656
1.6113
1.6357
1.0986
1.4893
1.5381
1.3184
1.709
1.4893
1.001
1.6357
1.2451
-1.2695
-2.1484
-5.542
-8.7891
-8.667
-7.6904
-7.666
-8.5938
-8.7402
-8.7402
-9.6436
-9.7412
-10.181
-10.156
-10.425
-10.156
-10.352
-10.205
-10.229
-10.327
-10.425
-10.596
-10.547
-10.522
-10.474
-10.449
-10.571
-10.474
-10.767
-9.0088
-1.9775
-0.12207
0.65918
2.417
0.24414
0.21973
0.87891
2.7588
2.1484
2.3193
2.002
2.71
2.5146
2.5635
3.3447
3.0762
2.9297
3.1494
3.3447
2.9785
2.9297
3.2715
2.8076
2.9053
3.3203
3.3936
2.7588
2.8809
3.5889
2.3926
-0.56152
-2.2461
-4.7119
-6.8604
-8.1299
-8.1543
-8.0811
-8.374
-8.4961
-8.6914
-8.5449
-8.6426
-8.8135
-9.4482
-9.5215
-9.5459
-9.5215
-10.01
-9.8145
-9.668
-9.7168
-10.083
-10.522
-10.571
-10.229
-9.3262
-9.082
-10.059
-10.278
-9.5215
-6.8115
-6.2012
-5.8594
-6.0059
-6.1279
-6.1279
-5.542
-5.0049
-3.6377
-3.5645
-3.125
-3.2227
-2.8076
-2.71
-2.8809
-2.3682
-2.9785
-2.4902
-2.5391
-2.9297
-2.4414
-2.3682
-2.3438
-2.3438
-2.9785
-2.4902
-2.6367
-2.5879
-2.417
-2.5146
0
0.5127
1.2695
2.9541
3.9063
2.1729
3.6133
4.4434
4.7119
4.7852
4.9805
5.5664
5.5908
5.835
6.4697
6.0303
6.1035
5.8594
5.6885
5.542
5.7129
6.2012
6.25
6.3721
6.3965
6.7383
6.2744
6.0303
6.1768
5.4199
0.65918
-0.92773
-2.9541
-4.3945
-4.6631
-4.1016
-3.1494
-4.0039
-4.4922
-4.2725
-4.4189
-4.9072
-5.2734
-5.2002
-5.2002
-5.0049
-5.0293
-5.127
-5.6396
-5.5664
-5.9814
-5.9082
-5.6396
-5.5176
-5.7861
-5.2246
-5.3467
-5.7129
-5.5664
-4.7852
-0.53711
0
1.4404
2.832
3.8086
2.0996
1.7578
3.1738
2.8564
3.3447
3.8574
4.1992
4.3701
4.4922
4.7119
4.7852
4.7363
4.834
4.6143
4.7363
4.541
4.248
4.6631
4.7363
4.9561
5.1514
5.1758
5.1514
4.9561
4.2725
0.36621
-0.58594
-3.1494
-5.249
-5.4199
-4.4434
-4.4678
-5.0049
-5.249
-5.3223
-5.835
-6.0791
-6.5918
-6.2012
-6.8604
-7.0557
-6.6406
-6.8115
-6.8848
-6.2256
-6.8115
-7.2021
-6.7139
-6.5674
-6.2744
-6.6406
-6.6895
-6.3477
-6.665
-6.6406
-6.1768
-6.7383
-6.4209
-5.9814
-5.6396
-5.2734
-4.1992
-3.5156
-3.6377
-3.125
-3.1982
-2.6855
-2.6855
-3.125
-2.71
-2.9053
-3.4668
-2.832
-2.71
-3.4424
-3.0029
-3.2959
-3.1494
-3.3691
-3.0518
-3.0029
-3.5645
-2.9297
-2.9053
-3.418
-1.7334
-0.48828
-0.26855
-0.14648
-0.024414
0.048828
0.024414
0.024414
0
0
0
0
0
0
0.024414
0
0
0
0
0
0
0
0
0
0
0
0
0
0
0
-0.53711
-1.1719
-1.6357
-1.3916
-1.6602
-1.9287
-1.5137
-2.417
-1.6846
-2.6367
-1.8799
-2.5391
-2.2461
-2.5146
-2.3193
-2.8076
-3.0518
-2.4414
-2.5635
-2.2949
-2.417
-2.4414
-2.4414
-2.71
-1.7822
-2.5635
-1.7822
-2.6123
-1.9775
-2.6123
-2.417
-1.6846
-1.7334
-1.5869
-1.2451
-0.31738
-0.097656
0
0
0
0
0
0
0
0
0
0
0
0
0
0
0
0
0
0
0
0
0
0
0
0.36621
2.3926
1.3672
2.8076
2.7832
2.9053
3.5156
3.9307
4.0527
3.7598
3.7842
4.541
4.7607
4.4922
4.3945
3.833
3.7598
3.9551
3.9063
4.1016
4.4434
4.5654
4.4434
4.1992
4.1016
4.6387
4.541
4.6875
3.833
4.4678
5.7861
6.2744
6.2256
6.5918
6.8115
6.9092
6.958
6.6895
6.8848
6.958
6.958
7.4219
7.1045
7.4707
6.9092
7.3486
7.3975
7.7148
7.4463
7.1289
6.7871
6.4941
7.4707
7.7393
7.6904
7.0801
7.7148
7.4951
7.1045
1.4404
-1.0742
-3.4668
-7.4463
-8.1299
-7.9102
-9.2285
-9.3506
-9.0332
-7.8125
-7.6172
-8.0811
-9.375
-9.4238
-9.7168
-9.2773
-10.107
-10.01
-10.083
-9.9121
-9.8145
-9.79
-10.254
-9.9121
-9.9854
-10.425
-10.669
-10.376
-10.474
-10.767
-7.0068
-3.9063
-3.8086
-3.2471
-3.3691
-3.2715
-3.3936
-3.0273
-2.9785
-2.3682
-1.8311
-0.78125
-1.0742
-0.90332
-1.4648
-0.78125
-0.75684
-1.001
-0.87891
-0.90332
-0.65918
-0.75684
-1.0254
-0.92773
-0.80566
-0.5127
-0.56152
-1.0498
-0.58594
-0.95215
-0.85449
-1.5625
-2.3926
-3.1494
-3.0273
-3.3691
-3.2471
-3.7842
-4.1016
-4.0039
-3.7354
-3.5156
-4.3701
-4.5898
-4.6875
-4.7119
-4.3457
-3.833
-4.0283
-3.9307
-4.1016
-4.0039
-3.833
-3.7598
-4.1504
-4.4434
-4.3213
-4.1992
-4.5166
-4.5654
-4.7607
-4.2236
-4.126
-3.5889
-3.3936
-3.2959
-3.5645
-3.6133
-3.0762
-3.4912
-3.4668
-3.6865
-3.3936
-3.3936
-3.8574
-3.7598
-3.9063
-3.418
-3.3447
-3.6621
-3.8818
-3.6621
-3.1738
-3.3936
-3.2715
-3.833
-3.6621
-3.1982
-3.5889
-3.5889
-2.8076
-4.4434
-4.9805
-6.0547
-6.6406
-6.1279
-6.3721
-6.4941
-6.4697
-7.3975
-7.0313
-7.2021
-7.3486
-7.3242
-7.251
-6.5674
-6.6162
-6.958
-7.3242
-7.8369
-7.0557
-7.0557
-6.7139
-7.1777
-6.7871
-6.7139
-6.9824
-6.6895
-7.3486
-6.9824
-7.4951
-8.3008
-8.5449
-9.5947
-9.6191
-9.2773
-10.132
-9.6436
-9.6436
-9.9365
-9.79
-9.7656
-10.205
-9.6191
-9.5459
-9.9609
-10.01
-10.132
-10.522
-10.352
-10.327
-10.303
-10.4
-10.718
-10.327
-10.205
-10.327
-10.376
-10.474
-10.498
-10.718
-10.547
-10.229
-10.132
-9.5947
-9.5703
-9.7656
-10.107
-9.9609
-10.083
-10.083
-9.2285
-9.0088
-10.229
-9.7656
-9.9854
-9.6924
-10.034
-9.8145
-10.181
-10.4
-10.376
-10.205
-9.79
-9.8145
-9.9854
-10.181
-9.2773
-9.6191
-9.4238
-10.962
-10.474
-9.3994
-8.9355
-8.374
-7.8369
-7.8857
-7.1533
-7.4219
-6.9824
-6.7627
-7.2266
-7.2021
-7.1777
-6.7383
-7.2266
-7.0313
-6.9824
-7.1289
-7.2266
-7.666
-7.3975
-7.1777
-7.1289
-7.6904
-7.4463
-7.1777
-7.1533
-7.1045
-7.0557
-3.833
0.24414
0.80566
3.9307
7.373
5.6885
2.1973
2.9053
6.1035
8.1299
6.7627
5.7861
7.0313
8.0078
7.6172
8.5449
8.4229
8.8135
9.1553
9.4971
9.5215
9.3018
9.3994
9.5703
9.3506
9.3262
8.7891
9.1064
9.6191
8.8379
5.9082
1.123
-0.097656
-1.001
-2.4414
-1.1963
0
-0.21973
-1.4648
-1.7578
-1.5137
-2.4658
-2.002
-2.7832
-2.3193
-2.5879
-2.3682
-2.2949
-2.8076
-2.3193
-2.6123
-2.124
-2.124
-2.1729
-2.1484
-2.0996
-2.2217
-2.0508
-2.0752
-2.1484
-2.0996
-2.4658
-2.71
-3.2715
-3.4424
-2.9541
-3.5156
-3.54
-4.1992
-4.0771
-4.0039
-3.5889
-3.8574
-3.8818
-3.6133
-3.8086
-3.9307
-3.5889
-3.418
-3.8574
-4.0527
-4.0771
-4.1016
-4.1016
-4.2725
-4.2236
-4.2236
-4.0771
-4.0283
-3.54
-2.9541
-1.2939
-0.43945
-0.21973
-0.073242
0
-0.024414
0
0.048828
0
0
0
0
0
0
0
0
0
0
0
0
0
0
0
0
0
0
0
0
0
-0.26855
-1.6357
-1.9775
-1.7822
-1.9531
-2.1973
-1.9287
-2.1729
-2.3193
-2.6611
-2.8564
-2.3193
-3.0029
-2.6367
-2.9297
-3.2959
-2.6611
-2.8809
-3.1006
-2.4414
-2.3682
-2.4902
-2.002
-2.6855
-2.0264
-2.6611
-2.2949
-2.3926
-2.6611
-2.5635
-2.4414
-2.7832
-4.6143
-7.3975
-9.1553
-8.4717
-8.252
-9.2773
-9.6924
-9.5947
-9.7412
-10.156
-10.034
-10.059
-10.083
-10.352
-10.864
-10.693
-10.474
-10.132
-10.327
-10.205
-10.449
-10.303
-10.669
-10.254
-9.9365
-9.9609
-9.8877
-10.107
-7.666
-2.8076
-1.8066
-1.5625
-0.68359
-0.58594
-0.92773
-0.58594
-0.12207
0
0.097656
0.1709
0.14648
0.14648
0
0
0
0
0
0
0
0
0
0
0
0
0
0
0
0
-0.14648
-0.78125
-1.416
-1.2695
-1.001
-1.0498
-1.6113
-1.6846
-1.8066
-1.7822
-1.2451
-1.9287
-1.5381
-1.7334
-2.124
-1.2451
-1.709
-1.5869
-1.7334
-1.8311
-1.1475
-1.6357
-1.8066
-1.3672
-1.6846
-1.4893
-1.7334
-1.7334
-1.1475
-1.7334
-1.9287
-2.2461
-2.5635
-3.4912
-3.6377
-3.7842
-3.54
-3.9551
-3.8574
-3.6377
-4.0039
-4.4434
-4.248
-4.3213
-4.2725
-4.3945
-4.4434
-4.4922
-4.2236
-4.248
-4.2969
-4.248
-3.833
-3.8574
-4.1748
-4.3457
-4.126
-4.3701
-4.1992
-4.4189
-4.4189
-4.6143
-3.7842
-3.5156
-3.125
-2.832
-2.6611
-2.3682
-2.4658
-3.1494
-2.4414
-2.417
-2.3682
-2.3193
-2.9297
-2.3682
-2.7832
-2.6855
-2.3438
-2.9785
-2.5635
-2.9053
-3.3203
-2.5391
-2.8809
-3.2959
-2.6611
-2.4658
-2.6367
-2.0508
-2.9541
-2.6367
-2.7588
-3.4668
-3.1982
-3.0518
-2.9541
-3.4424
-3.2959
-3.5645
-3.6133
-3.5889
-3.833
-3.1738
-3.4912
-2.9541
-3.6133
-3.3936
-3.1006
-2.9053
-3.5156
-3.2959
-3.0273
-3.1494
-3.6865
-3.7354
-3.2715
-3.6865
-3.3447
-3.9795
-3.8086
-3.9063
-4.1504
-4.1748
-4.4189
-4.4678
-4.4434
-4.5654
-4.6631
-4.6387
-4.9316
-4.9072
-4.8584
-5.2734
-5.0781
-4.7852
-4.6143
-4.4922
-4.2725
-4.4922
-5.0537
-4.9805
-4.9805
-4.7363
-4.7852
-5.0293
-5.3467
-5.1758
-4.8096
-4.7607
-3.418
0.024414
1.1475
2.1973
3.5156
3.6133
2.9541
2.4658
2.9785
3.9795
4.126
4.1504
4.3213
4.3701
4.3457
4.3457
4.2969
4.3213
4.2725
4.2236
4.2969
4.4678
4.9072
4.9316
4.6143
4.4922
4.5898
4.5166
4.6387
4.5654
4.6143
4.8584
5.6641
5.8838
6.1768
6.1035
5.957
6.8359
6.8848
6.1279
6.25
6.543
7.2998
7.3975
6.9092
7.2266
7.2266
7.5684
7.0557
6.6406
7.0801
7.1045
7.2754
7.1289
6.958
7.5195
7.3242
7.1045
6.4453
6.1035
6.1768
1.1719
-0.24414
-1.7334
-3.5889
-3.7109
-1.7822
-2.124
-3.6865
-3.9551
-3.1494
-4.0283
-4.4434
-4.6143
-4.6387
-4.248
-4.2969
-4.4678
-4.2236
-4.126
-4.2725
-4.541
-4.541
-4.2725
-4.834
-4.9072
-4.8828
-4.5166
-4.4922
-4.4189
-4.0039
0.26855
1.0986
3.0518
6.4941
7.1777
3.5156
3.7109
5.957
6.9092
6.9824
8.1299
8.252
8.3252
8.3496
9.0332
8.8623
8.7646
8.3984
8.4229
9.2529
9.1064
8.9355
9.2041
9.2529
9.2041
9.1309
9.2285
9.2773
9.2529
8.4961
2.4414
0.1709
-1.1963
-3.0762
-3.3447
-2.2217
-2.7832
-3.0029
-3.54
-3.2715
-3.2471
-3.2471
-3.7354
-4.0039
-3.9307
-3.9551
-3.7109
-3.9307
-4.2236
-4.541
-4.5898
-4.4434
-3.9795
-4.0283
-3.9063
-3.9795
-4.2725
-4.126
-4.0039
-4.248
-4.1748
-3.6377
-4.0283
-3.5889
-3.418
-3.7598
-3.2959
-3.54
-3.0518
-2.832
-3.1494
-2.6367
-2.5879
-3.125
-2.5635
-2.7344
-3.3203
-2.6611
-2.6611
-3.125
-2.9053
-2.5146
-3.1494
-3.0029
-3.2959
-3.125
-3.4668
-2.7344
