0
0
-0.41504
-0.78125
-0.83008
-1.2695
-0.80566
-0.87891
-1.0254
-1.2695
-1.1963
-0.68359
-1.2207
-0.92773
-1.3672
-0.80566
-0.95215
-0.95215
-1.2695
-1.0742
-0.61035
-1.001
-0.65918
-1.0498
-1.0254
-0.56152
-0.61035
-0.95215
-0.58594
-1.123
-0.95215
-0.56152
-0.3418
0.73242
0.65918
1.0986
0.63477
0.95215
1.3916
0.90332
1.123
0.75684
1.4648
1.0254
1.2695
0.70801
1.3428
1.1963
1.2695
0.73242
1.1963
1.3184
1.1475
0.90332
1.0254
1.4893
1.001
1.001
0.92773
1.4404
1.001
1.1719
1.5137
4.8828
9.0576
10.962
11.597
12.72
12.646
12.866
13.428
13.428
13.721
13.916
13.745
13.989
14.063
13.77
13.843
14.185
13.94
14.038
13.721
14.136
13.867
13.916
14.038
13.989
13.818
14.16
13.916
9.668
8.0566
7.6904
6.6895
7.0801
6.8604
7.2266
6.9824
6.8115
6.6162
6.2988
6.0791
5.835
5.6396
5.4688
5.1514
5.0293
4.9805
4.8096
4.6631
4.4922
4.4434
4.4434
4.5654
4.5898
4.6631
4.7607
4.6631
4.5654
4.4434
1.2939
-0.31738
-1.8555
-1.7334
-3.2471
-2.5391
-3.1006
-3.4668
-2.832
-3.2227
-3.6133
-2.8076
-3.2959
-3.6621
-2.8809
-3.2227
-3.4668
-3.2227
-3.2959
-3.2715
-3.4424
-3.1494
-3.3936
-3.7354
-2.8809
-3.2715
-3.6865
-2.9297
-3.3447
-3.4668
-3.2471
-4.9805
-5.7373
-6.7383
-7.1533
-7.2266
-7.3975
-7.2266
-7.7881
-7.666
-7.4707
-7.959
-7.7393
-8.3008
-7.9102
-8.2031
-7.8125
-8.3984
-8.0078
-7.8613
-7.8613
-7.7637
-8.0322
-7.7881
-8.252
-7.4951
-7.959
-7.4219
-8.0566
-7.7881
-1.6846
1.5137
5.3223
8.7646
10.156
11.108
12.085
12.354
12.354
12.939
13.013
12.915
13.086
13.574
13.306
13.11
13.55
13.403
13.281
13.33
13.818
13.55
13.501
13.501
13.794
13.452
13.696
13.672
13.184
13.647
12.524
15.039
16.064
17.163
17.676
18.066
18.188
18.286
18.481
18.97
18.823
19.092
18.994
19.263
19.409
19.067
19.58
19.214
19.214
19.482
19.287
19.531
19.385
19.409
19.336
19.336
19.409
19.238
19.531
19.556
13.33
8.9355
6.665
5.3711
4.5654
3.6621
3.9307
4.4189
4.2969
4.0771
3.8818
3.7109
3.4424
3.0762
3.0762
2.5146
2.71
2.002
2.5146
2.002
2.5146
2.002
2.417
2.0752
2.2461
2.2461
2.0264
2.3682
1.8799
2.3193
2.0996
3.7842
4.3457
5.1758
5.4932
5.7129
5.8105
5.7861
5.835
5.7617
5.6152
6.0791
6.1035
6.0059
6.1523
5.9326
5.8105
5.9814
6.1279
6.2012
6.0791
6.2012
5.7617
5.7861
6.3965
6.2256
5.957
6.25
6.0059
5.8594
4.126
2.71
2.3926
1.5625
1.0986
1.416
1.2207
1.0254
0.92773
0.75684
0.53711
0.41504
0.21973
0.12207
0.12207
0.12207
0.097656
0.073242
0.024414
0.024414
0.024414
0.073242
0.048828
0.12207
0.097656
0.14648
0.12207
0.048828
0.048828
0.048828
1.4648
5.8594
10.938
15.283
17.578
18.555
19.238
20.288
20.386
20.435
20.459
21.094
20.605
21.533
21.411
21.582
21.216
21.558
21.753
21.753
22.095
21.509
22.046
21.826
21.997
22.192
21.826
21.777
21.899
21.729
15.112
6.6406
0.97656
-0.21973
-1.6602
-2.7832
-2.71
-3.3447
-3.6621
-3.5889
-3.1982
-3.7109
-3.8574
-4.0039
-3.3203
-3.8574
-3.7354
-4.0039
-3.6621
-3.5156
-3.5645
-3.9795
-3.7354
-3.4424
-3.7598
-3.7354
-3.9795
-3.3691
-3.6865
-3.54
-0.80566
2.1973
6.3721
9.7656
10.913
12.012
12.329
12.964
13.159
13.33
13.55
13.867
13.525
13.818
14.038
13.794
14.087
14.185
13.965
14.136
14.087
14.111
14.063
13.989
14.185
14.063
14.087
14.258
14.111
14.136
12.988
12.305
11.206
10.938
11.621
11.523
11.035
10.815
10.864
10.571
10.205
10.01
9.9121
9.8633
9.7412
9.375
9.2773
9.5215
9.5947
9.0332
9.3506
8.9111
9.0332
9.3018
8.96
9.375
8.9844
9.1553
9.3506
8.8623
4.0039
-0.97656
-4.2236
-9.2041
-11.865
-13.037
-13.892
-14.404
-14.673
-15.039
-14.941
-15.161
-15.967
-15.552
-15.771
-15.942
-15.771
-15.625
-16.064
-15.894
-15.82
-16.235
-15.942
-15.894
-16.04
-15.991
-15.918
-16.138
-16.162
-16.016
-12.012
-9.0332
-8.4473
-7.4463
-6.5918
-6.8359
-7.0557
-7.2266
-6.9092
-6.6406
-6.4209
-6.1279
-5.9082
-5.6885
-5.3223
-5.1758
-5.0537
-4.7363
-4.5654
-4.6631
-4.5654
-4.3457
-4.4189
-4.3457
-4.5166
-4.4678
-4.541
-4.4434
-4.4922
-4.6631
-3.6865
-6.7627
-9.0088
-10.449
-11.23
-11.841
-11.865
-12.036
-12.256
-12.549
-12.451
-12.915
-12.939
-12.744
-13.037
-13.208
-13.11
-12.817
-13.013
-12.964
-13.135
-12.964
-13.037
-13.33
-13.013
-13.013
-13.11
-13.184
-13.062
-13.452
-8.4473
-1.8311
-0.21973
1.0742
2.002
2.3926
3.0029
3.1006
3.1982
3.1982
3.2471
3.1494
3.3691
3.3203
2.9541
3.6377
3.2959
2.7344
3.6865
3.2471
3.0029
3.4912
3.2471
3.1738
3.2227
3.3936
3.2471
2.9785
3.6133
3.2471
3.4668
2.832
3.4668
3.3203
3.125
2.9053
2.7344
2.5635
2.3193
2.2461
2.0752
1.2451
2.0264
1.5381
1.0498
1.9287
1.4893
1.1475
1.7334
1.4404
1.3428
1.5137
1.4893
1.4648
1.3184
1.709
1.4893
1.1719
1.8799
1.4893
0.24414
-1.6602
-6.3721
-9.4482
-10.596
-11.353
-12.012
-12.671
-12.5
-12.5
-12.915
-13.354
-13.306
-13.159
-13.232
-13.403
-13.379
-13.452
-13.403
-13.55
-13.55
-13.843
-13.574
-13.477
-13.55
-13.672
-13.599
-13.306
-13.745
-13.623
-8.8623
-2.124
0.073242
1.5625
1.8799
2.9053
3.418
3.54
3.1738
3.7354
3.7598
3.7109
3.3936
3.6621
3.9795
3.5645
3.6377
3.3936
4.0527
3.6133
3.833
3.2959
3.7354
3.9063
3.6377
3.4912
3.5889
4.1016
3.5156
3.7842
2.71
0.70801
-0.36621
-0.92773
-1.2939
-1.3672
-1.123
-1.3184
-1.8555
-0.95215
-1.4648
-1.7334
-1.1719
-1.4404
-1.4893
-1.4404
-1.3428
-1.3428
-1.6846
-1.0986
-1.3672
-1.9287
-1.001
-1.4893
-1.7578
-1.2207
-1.4893
-1.4893
-1.4893
-1.2695
-1.416
-2.8564
-6.958
-9.2773
-10.229
-10.669
-11.328
-11.621
-11.792
-12.109
-12.378
-12.402
-12.036
-12.329
-12.402
-12.354
-12.305
-12.549
-12.427
-12.5
-12.573
-12.549
-12.769
-12.5
-12.646
-12.646
-12.622
-12.256
-12.5
-12.427
-10.693
-7.3242
-5.5664
-5.8105
-5.1514
-5.2979
-5.835
-5.7129
-5.5176
-5.2246
-5.0781
-4.8096
-4.541
-4.1016
-3.9063
-3.9551
-3.418
-3.3447
-3.5889
-3.4424
-3.1494
-3.2227
-3.4912
-2.8564
-3.1982
-3.7354
-2.8076
-3.2959
-3.6865
-3.0273
-3.7598
-1.8311
-2.2705
-1.4404
-1.9531
-1.7334
-1.5137
-1.3184
-1.123
-0.75684
-0.43945
-0.31738
-0.53711
-0.53711
-0.29297
-0.26855
-0.5127
-0.53711
-0.5127
-0.48828
-0.26855
-0.21973
-0.24414
-0.24414
-0.5127
-0.53711
-0.24414
-0.26855
-0.46387
-0.48828
-0.41504
-2.0508
-5.4443
-6.6895
-8.0811
-8.0078
-8.4961
-8.9355
-8.8135
-9.2285
-9.0576
-9.1064
-9.375
-9.5703
-9.3506
-9.3994
-9.7168
-9.6191
-9.4482
-9.5947
-9.5703
-9.7168
-9.8877
-9.3018
-9.4727
-9.5947
-9.5459
-9.4971
-9.6924
-9.375
-6.8848
-1.3916
-1.001
-0.024414
0.46387
1.0742
0.95215
1.1475
0.75684
1.001
1.4893
0.92773
1.0254
0.85449
1.4648
0.92773
1.2695
0.73242
1.4404
1.0742
1.2939
0.73242
1.3184
1.2207
1.2451
0.78125
1.1475
1.3916
1.123
0.87891
0.46387
-1.0254
-3.9063
-5.3223
-6.7383
-7.3486
-7.3975
-7.9834
-7.5684
-8.3496
-8.0322
-8.7646
-8.5693
-8.5205
-8.4229
-8.4473
-8.4717
-8.6426
-8.4961
-8.252
-8.2764
-8.3252
-8.5938
-7.9834
-8.667
-8.1543
-8.7158
-8.4473
-8.8379
-8.4717
-8.0811
-9.5459
-10.498
-11.304
-12.012
-12.378
-12.427
-12.891
-12.744
-13.257
-13.354
-13.379
-13.428
-13.745
-13.672
-13.306
-13.574
-13.599
-13.428
-13.599
-13.599
-13.647
-13.672
-13.794
-13.599
-13.379
-13.574
-13.745
-13.501
-13.55
-11.67
-6.2988
-4.4922
-4.4189
-4.0527
-4.126
-4.1992
-4.3945
-4.1992
-3.9795
-3.833
-3.6133
-3.4668
-3.2471
-3.1982
-2.832
-2.832
-1.9775
-2.5879
-1.9287
-2.2949
-1.8555
-2.3193
-1.9287
-2.2949
-2.1484
-2.0264
-2.417
-1.9531
-2.5146
-1.2939
-3.9795
-9.7412
-13.867
-16.113
-17.261
-17.944
-18.628
-18.799
-18.75
-19.238
-19.531
-19.727
-19.946
-20.093
-20.166
-20.093
-20.142
-20.337
-20.337
-20.361
-20.19
-20.386
-20.605
-20.41
-20.557
-20.239
-20.532
-20.459
-20.557
-20.703
-20.557
-20.605
-20.508
-20.435
-20.483
-20.337
-20.288
-20.313
-20.63
-20.41
-20.508
-20.459
-20.508
-20.508
-20.313
-20.557
-20.337
-20.386
-20.483
-20.41
-20.63
-20.483
-20.508
-20.483
-20.654
-20.215
-20.459
-20.435
-20.483
-18.286
-8.8135
-2.0508
-0.39063
1.4648
2.1729
3.1006
3.2471
3.125
3.6133
3.8086
3.6133
3.418
3.6621
4.0283
3.6133
3.7109
3.4424
4.0283
3.7842
3.8574
3.3936
3.833
3.9795
3.5889
3.5889
3.5645
4.1504
3.5645
3.9063
3.9063
2.8809
1.3916
0.56152
0.24414
0
-0.097656
-0.048828
0
0
0
0
0
0
0
0
0
0
0
0
0
0
0
0
0
0
0
0
0
0
0
0.29297
0.75684
1.2451
0.80566
1.2451
0.70801
1.2695
1.2451
1.2207
0.78125
1.123
1.3916
1.001
0.97656
0.90332
1.4404
0.97656
1.1475
0.70801
1.4893
1.001
1.2451
0.73242
1.1963
1.2939
1.1475
0.85449
1.0498
1.4648
0.63477
-0.85449
-3.3936
-5.7129
-6.8848
-7.373
-8.0322
-8.0078
-8.3984
-8.6426
-8.4961
-8.9844
-8.6182
-8.8623
-8.9355
-8.6182
-9.2773
-8.8135
-8.9844
-9.082
-8.9844
-9.4727
-9.1064
-9.1064
-9.375
-9.0088
-9.0576
-8.7402
-8.8867
-9.2285
-8.5449
-9.2285
-10.327
-11.304
-11.768
-12.085
-12.109
-12.329
-12.598
-12.598
-12.866
-12.866
-12.988
-12.817
-12.891
-12.842
-13.184
-13.11
-13.037
-13.208
-13.037
-13.281
-13.135
-12.939
-13.013
-13.013
-12.964
-13.11
-13.11
-12.915
-11.987
-4.3213
-0.92773
0.1709
1.1963
1.5381
2.3438
2.0996
2.6611
2.2949
2.5391
2.4658
2.4414
2.71
2.2217
2.7344
2.1973
2.7344
2.3193
2.832
2.3926
2.832
2.3193
2.6855
2.5391
2.3926
2.7832
2.2217
2.7588
2.1973
2.7588
1.2939
0.24414
-0.3418
-0.68359
-0.85449
-0.63477
-0.43945
-0.70801
-0.78125
-0.61035
-0.97656
-0.87891
-0.48828
-0.46387
-0.92773
-0.5127
-0.80566
-0.90332
-0.70801
-0.46387
-0.58594
-0.83008
-0.48828
-0.95215
-0.92773
-0.53711
-0.46387
-0.78125
-0.73242
-0.65918
-1.3672
-5.2002
-8.3252
-9.2529
-10.181
-10.767
-11.084
-11.23
-11.304
-11.597
-11.597
-11.792
-11.694
-11.768
-11.89
-11.743
-12.012
-11.865
-12.061
-12.305
-12.085
-11.914
-12.134
-12.109
-12.231
-12.231
-12.085
-12.061
-12.109
-12.061
-12.427
-12.451
-12.28
-11.89
-11.597
-11.572
-11.377
-11.157
-10.718
-10.742
-10.742
-10.596
-10.4
-10.449
-10.303
-10.376
-10.327
-10.156
-10.205
-10.327
-10.327
-10.034
-9.8389
-9.8389
-10.034
-10.205
-10.107
-10.01
-10.083
-9.8389
-8.6182
-12.769
-14.526
-15.479
-15.601
-16.138
-16.406
-16.797
-17.114
-17.212
-17.505
-17.529
-17.505
-17.676
-17.749
-17.578
-17.7
-17.773
-17.847
-17.871
-17.969
-17.993
-17.944
-17.896
-18.14
-17.871
-17.896
-17.944
-17.944
-17.651
-7.0068
-0.56152
1.5869
4.9805
8.5449
9.6436
10.571
11.353
11.45
11.572
11.89
11.963
12.451
12.476
12.671
12.549
12.988
12.183
12.354
12.671
13.037
12.427
12.744
12.671
12.402
12.524
12.817
12.793
12.5
12.256
2.6855
-1.2939
-5.9326
-10.913
-14.648
-15.942
-16.797
-17.261
-17.725
-18.066
-18.237
-18.555
-18.872
-18.872
-19.141
-19.067
-19.043
-19.214
-19.116
-19.385
-19.434
-19.263
-19.507
-19.36
-19.385
-19.312
-19.385
-19.507
-19.458
-19.458
-19.8
-19.531
-19.678
-19.482
-19.531
-19.312
-19.214
-19.482
-19.263
-19.189
-19.287
-19.019
-19.312
-19.043
-19.165
-19.214
-18.994
-19.019
-18.945
-19.019
-18.945
-18.97
-19.043
-19.043
-19.092
-19.067
-18.799
-19.165
-19.214
-18.921
-19.556
-19.141
-19.019
-18.701
-18.823
-18.677
-18.335
-18.335
-18.53
-18.335
-18.262
-18.14
-17.944
-17.944
-17.92
-18.018
-17.92
-17.822
-17.944
-17.969
-17.725
-17.847
-17.749
-17.725
-17.798
-17.676
-17.92
-17.798
-17.773
-18.018
-10.083
-6.4209
-3.4912
-3.418
-2.71
-2.6855
-2.9541
-2.9785
-2.6367
-2.4902
-2.2461
-2.0264
-1.8066
-1.709
-1.4404
-0.78125
-1.2695
-1.1719
-1.3672
-0.73242
-0.95215
-1.4404
-0.85449
-1.0742
-0.90332
-1.5137
-0.97656
-0.97656
-1.0742
1.0254
4.4678
9.4238
13.208
14.526
15.283
15.771
16.04
16.309
16.724
17.139
17.09
17.432
17.407
17.505
17.847
17.603
17.92
17.896
17.944
18.091
17.92
17.993
18.213
18.14
18.188
18.042
18.115
18.311
17.993
8.96
2.1729
-0.3418
-3.4668
-5.7617
-6.543
-7.5928
-8.0322
-8.2031
-8.1787
-8.7646
-8.5205
-9.082
-8.8379
-8.8623
-8.9111
-8.8135
-9.2285
-8.8379
-8.667
-9.0332
-8.7646
-9.2529
-9.2773
-8.8379
-9.3262
-9.1797
-9.3018
-9.1553
-9.0576
-6.4697
-5.8838
-5.6396
-5.3223
-5.6152
-5.7373
-5.4443
-5.2246
-4.9561
-4.6387
-4.3945
-4.2969
-3.7354
-3.3936
-3.9307
-3.0518
-3.2959
-3.54
-3.2227
-3.2471
-3.3936
-3.5645
-3.1738
-3.2471
-3.8818
-3.0029
-3.3447
-3.7354
-3.125
-3.2715
-0.85449
0.43945
1.3916
2.6367
2.8076
2.5635
3.6377
3.1738
2.7344
3.6377
3.2227
2.9053
3.5156
3.1982
3.1494
3.3203
3.3691
3.2715
3.0273
3.6133
3.2471
2.8076
3.7842
3.2959
2.8809
3.6377
3.3203
3.2227
3.3936
3.3936
0.75684
-1.7578
-5.3711
-7.251
-8.5693
-9.082
-9.6191
-9.9854
-9.8633
-10.205
-10.498
-10.132
-10.4
-10.522
-10.767
-10.718
-10.547
-10.156
-10.693
-10.498
-10.913
-10.278
-10.4
-10.669
-10.62
-10.474
-10.4
-10.522
-10.767
-10.376
-9.1064
-7.9346
-8.0078
-7.8125
-8.2275
-7.9346
-7.7148
-7.4951
-7.2998
-7.1045
-6.8359
-6.6895
-6.5918
-6.4453
-6.2988
-6.2256
-5.9814
-5.8594
-5.7129
-5.4443
-5.2979
-5.249
-5.3955
-5.4443
-5.5176
-5.3711
-5.4199
-5.2246
-5.3467
-5.4443
-1.6846
1.123
3.1494
5.4199
6.1279
6.5918
7.3975
7.3486
7.4951
7.7637
7.3242
7.959
7.5195
8.1055
7.9102
8.1055
8.0566
8.1299
8.2275
7.8857
8.2031
7.7393
8.1543
7.9102
8.4229
8.0078
8.1787
8.1299
8.3252
8.1787
3.2471
-0.39063
-2.5391
-5.5176
-6.3965
-7.3242
-7.8857
-8.1055
-8.3252
-8.6182
-8.3252
-8.7158
-8.5938
-8.7646
-8.9844
-8.9111
-9.2285
-9.1309
-8.9844
-9.2041
-8.8623
-9.1309
-9.0576
-8.96
-9.0088
-8.6914
-9.082
-8.8135
-8.9844
-9.2041
-2.9785
2.1484
6.2988
11.06
14.38
15.747
16.846
17.456
18.115
18.481
18.506
18.506
18.628
19.165
18.921
19.312
19.214
19.116
19.531
19.36
19.409
19.458
19.287
19.482
19.458
19.434
19.629
19.458
19.849
19.312
13.184
3.8574
0.26855
-2.1729
-4.0771
-5.542
-6.6406
-6.6406
-7.1777
-7.666
-7.4219
-7.7881
-7.4951
-8.0322
-7.7881
-8.2764
-7.9834
-8.1543
-8.0811
-7.9834
-8.1787
-7.9102
-8.0566
-7.5439
-7.9834
-7.7148
-7.8125
-7.7881
-7.7881
-7.9346
-3.8818
-1.3916
-0.63477
0.19531
0.97656
0.58594
0.83008
1.3916
0.92773
1.1963
0.73242
1.4404
1.0986
1.2451
0.75684
1.2695
1.2695
1.2207
0.80566
1.1963
1.3428
1.1475
0.90332
1.0498
1.4893
1.001
1.001
0.95215
1.5137
1.001
1.5137
5.4932
10.327
14.307
16.235
17.065
17.725
18.286
18.555
18.652
19.019
19.092
19.458
19.434
19.653
19.556
19.922
19.751
19.849
19.873
19.849
19.971
19.653
19.922
20.093
19.678
20.117
19.824
19.897
20.068
16.602
13.672
12.842
12.012
11.646
10.986
11.475
11.45
11.279
11.108
10.791
10.498
10.254
10.425
10.303
10.034
9.4971
9.668
9.4727
9.5215
9.3018
9.3506
9.2773
9.2773
9.2041
9.3506
9.3994
9.2285
9.1064
9.0332
4.5654
-0.70801
-4.1748
-8.9844
-12.231
-13.403
-14.111
-14.771
-14.624
-15.234
-15.674
-15.771
-16.016
-16.089
-16.382
-16.309
-16.309
-16.284
-16.675
-16.284
-16.479
-16.602
-16.626
-16.431
-16.626
-16.455
-16.65
-16.455
-16.479
-16.528
-12.061
-6.2988
-3.4424
-2.4658
-3.3203
-2.1484
-2.2949
-2.3193
-2.3193
-2.0508
-1.9043
-1.7578
-1.4404
-1.2207
-1.123
-1.001
-1.0498
-0.63477
-0.5127
-0.83008
-0.61035
-0.85449
-0.95215
-0.70801
-0.46387
-0.65918
-0.80566
-0.58594
-0.90332
-0.90332
-0.83008
-2.8564
-7.7393
-10.742
-11.719
-12.646
-12.891
-13.452
-13.647
-13.525
-14.087
-13.867
-14.185
-14.453
-14.38
-14.404
-14.502
-14.551
-14.38
-14.722
-14.697
-14.429
-14.6
-14.746
-14.551
-14.6
-14.6
-14.453
-14.673
-14.478
-10.229
-2.3193
-0.024414
1.8066
3.0029
3.7842
4.4678
4.7607
4.7119
4.7607
4.7852
4.7607
5.0049
4.9072
5.0781
5.1514
5.0293
4.8096
4.9561
4.8828
5.249
5.0049
4.9805
5.3223
4.9805
4.9072
5.0293
5.0049
5.0537
5.1025
4.8584
5.6396
6.8359
7.5684
7.373
8.0078
8.1299
8.5449
8.0078
8.4473
8.3496
8.7402
8.3984
8.4229
8.4717
8.3252
8.7891
8.5205
8.8867
8.3252
8.7891
8.3984
8.8379
8.4717
8.4717
8.5693
8.4961
8.6182
8.6426
8.8135
5.3711
0.63477
-1.2451
-4.2725
-5.2979
-6.3965
-7.0557
-6.8604
-7.1533
-7.6172
-7.3242
-7.959
-7.4463
-7.9834
-7.7148
-8.1787
-8.0078
-8.1299
-8.0322
-7.959
-8.0322
-7.5684
-8.1787
-7.8613
-8.0078
-7.7393
-7.9346
-7.7881
-7.9346
-7.8857
-4.7852
1.2207
4.8828
10.083
13.306
14.331
15.21
15.723
16.187
16.602
16.675
16.968
17.285
17.212
17.407
17.407
17.603
17.92
17.749
17.822
18.091
17.896
18.115
17.871
17.92
18.188
17.871
17.944
18.164
17.969
15.503
10.449
8.1787
6.8848
6.3721
5.7861
5.9814
6.1035
6.1035
5.9326
5.6885
5.5176
5.4688
5.2734
5.0537
4.7119
4.5654
4.0771
4.126
4.1748
3.6621
3.7842
3.3936
3.9307
3.7109
3.8086
3.3447
3.7109
3.9063
3.6133
2.7832
5.6641
10.889
14.38
16.138
17.383
17.749
18.555
18.799
18.677
19.141
19.312
19.58
19.507
19.727
19.604
19.458
19.751
19.653
19.897
19.922
19.824
20.117
19.849
19.8
20.19
19.849
19.971
19.824
19.971
18.481
16.333
15.894
15.234
14.502
14.893
14.893
14.648
14.526
14.331
13.94
13.892
13.94
13.623
13.379
13.403
13.403
13.11
13.354
13.135
12.939
12.915
12.891
12.915
12.817
12.646
12.817
12.891
12.72
12.622
10.889
3.1006
0.95215
-0.53711
-1.5869
-2.0752
-2.6855
-2.6367
-2.5879
-3.2959
-2.5391
-2.8564
-2.7588
-2.71
-3.2715
-2.4414
-2.9541
-2.9053
-2.7344
-3.1982
-2.4902
-3.0029
-3.2715
-2.7832
-3.0762
-2.7832
-2.7832
-3.4424
-2.6367
-3.0273
-2.7344
-4.3213
-5.4199
-6.6162
-7.2754
-7.2998
-7.9834
-7.6172
-8.3496
-8.0811
-8.4229
-7.8857
-8.6182
-8.1299
-8.5693
-8.2764
-8.667
-8.6914
-8.9111
-8.7646
-8.6914
-8.9111
-8.5205
-8.96
-8.6182
-8.7646
-8.252
-8.5938
-8.4717
-8.5205
-6.8604
-8.4961
-13.013
-15.527
-16.309
-17.31
-17.603
-17.822
-18.359
-18.213
-18.945
-18.945
-19.116
-19.019
-19.263
-19.336
-19.238
-19.458
-19.287
-19.312
-19.482
-19.385
-19.385
-19.604
-19.263
-19.336
-19.458
-19.287
-19.678
-19.531
-18.018
-13.574
-12.573
-12.061
-11.23
-10.376
-10.669
-11.06
-10.938
-10.596
-10.352
-10.303
-10.083
-9.8389
-9.5947
-9.4238
-9.3018
-9.2041
-9.0332
-8.8135
-8.9844
-8.4717
-8.9355
-8.5449
-8.5693
-8.4717
-8.6182
-8.7646
-8.8623
-8.8623
-6.6406
-0.12207
3.1006
8.0078
11.523
12.817
14.111
14.697
15.283
15.283
15.503
15.625
16.357
16.309
16.26
16.235
16.65
16.284
16.26
16.431
16.431
16.406
16.528
16.406
16.528
16.479
16.455
16.528
16.577
16.504
14.746
6.0303
1.1719
0.024414
-1.0986
-2.3438
-2.5391
-3.418
-2.6611
-3.1982
-3.5889
-2.7588
-3.2715
-3.5889
-2.9053
-3.2959
-3.4668
-3.0762
-3.2471
-3.2715
-3.1494
-3.2227
-3.1982
-3.3447
-3.0273
-3.1494
-3.5645
-2.832
-3.2959
-3.7598
-2.1729
-0.12207
1.2695
2.9297
3.0273
3.6377
3.54
4.0527
4.2969
3.833
4.1992
3.8574
3.7842
4.1504
4.2969
4.0771
4.126
4.1992
3.9307
4.0527
4.4434
4.5166
4.0039
4.2236
3.9551
3.9551
4.1504
4.3945
4.248
4.0039
4.0283
4.1016
4.8828
5.0537
5.3223
5.1758
5.0781
5.1758
5.4443
5.4688
5.4199
5.3711
5.249
5.3223
5.3955
5.4688
5.5664
5.6396
5.8594
5.7861
5.4688
5.6396
5.7373
5.542
5.3955
5.3467
5.4443
5.4199
5.5176
5.2734
5.0781
3.54
2.4658
2.71
2.124
2.5391
2.3193
2.124
1.9287
1.8066
1.6113
1.3916
1.1963
1.2451
0.75684
1.0254
0.61035
0.5127
0.97656
1.0498
0.58594
0.95215
0.56152
0.53711
0.97656
1.0254
0.58594
0.90332
0.63477
0.5127
0.65918
-2.1484
-6.6895
-11.865
-15.698
-16.772
-17.798
-18.311
-18.604
-19.067
-19.214
-19.36
-19.751
-19.849
-20.117
-20.068
-20.361
-20.044
-20.313
-20.361
-20.288
-20.508
-20.386
-20.215
-20.459
-20.239
-20.679
-20.41
-20.654
-20.361
-19.165
-7.6172
-1.3184
1.9287
5.1758
8.5205
10.107
11.133
11.353
12.085
12.207
12.061
12.451
12.549
12.842
12.817
12.793
12.72
12.939
13.159
13.208
12.964
13.257
13.354
13.11
12.695
13.354
13.428
13.062
13.062
12.842
12.842
14.99
15.796
16.772
17.212
17.798
17.896
17.944
18.481
18.164
18.604
18.604
18.677
18.823
18.726
19.092
18.677
18.921
19.067
18.652
19.019
18.97
19.067
19.067
18.994
18.945
18.823
18.823
19.336
18.237
9.0088
3.125
1.0742
-0.29297
-1.5625
-1.5625
-2.4414
-2.0752
-2.6855
-2.1729
-2.8076
-2.2461
-2.7344
-2.1729
-2.6855
-2.1484
-2.6611
-2.1729
-2.6611
-2.2949
-2.6123
-2.5879
-2.3926
-2.7344
-2.3193
-2.832
-2.3438
-2.8564
-2.1973
-2.6611
-2.9541
-4.9072
-5.8838
-6.7627
-7.2266
-6.8604
-7.5684
-7.4951
-7.6416
-7.8369
-7.7148
-7.8613
-7.4707
-7.9346
-7.4707
-7.9346
-7.5928
-7.8857
-8.1299
-8.0078
-8.374
-8.1055
-8.252
-7.8857
-8.4473
-7.7881
-8.1055
-7.9346
-7.9346
-7.5439
-2.124
-0.73242
0.21973
1.3184
1.4893
1.1475
2.0996
1.6602
1.5869
1.9287
1.6357
2.0752
1.9043
1.416
2.0508
1.7334
1.9775
1.8799
1.3916
2.2217
1.709
1.8311
1.8799
1.5381
2.2461
1.7334
1.5625
1.9043
1.7334
1.9775
-0.41504
-3.7109
-7.5928
-9.8877
-10.522
-11.133
-11.743
-11.914
-12.036
-12.427
-12.573
-12.646
-13.208
-12.744
-13.037
-12.695
-13.086
-12.866
-12.988
-12.915
-12.72
-12.964
-12.988
-13.232
-13.257
-13.135
-13.013
-13.306
-13.159
-12.866
-12.427
-12.891
-13.257
-13.184
-13.525
-13.525
-13.965
-13.94
-13.867
-14.014
-13.721
-13.989
-14.087
-13.818
-14.087
-14.185
-13.77
-14.331
-14.282
-13.989
-14.087
-14.087
-14.185
-13.916
-13.892
-14.136
-13.965
-14.087
-14.429
-14.038
-12.207
-16.113
-17.529
-18.359
-19.141
-19.678
-19.556
-20.068
-20.288
-20.874
-20.776
-20.947
-20.947
-21.387
-21.045
-21.362
-20.923
-21.216
-21.24
-21.24
-21.338
-21.289
-21.436
-21.338
-21.484
-21.484
-21.216
-21.265
-21.143
-21.484
-13.477
-10.107
-8.0078
-7.1777
-6.9092
-6.3477
-6.1035
-6.7627
-6.5918
-6.2744
-5.9814
-5.7373
-5.542
-5.0781
-4.8584
-4.7852
-4.834
-4.4922
-4.126
-4.1748
-4.2725
-4.0039
-4.2236
-4.4434
-4.3701
-4.0039
-4.0527
-4.1016
-4.3701
-3.2715
-6.9092
-8.252
-9.5459
-10.156
-10.376
-10.449
-10.767
-10.84
-11.206
-11.401
-11.548
-11.426
-11.45
-11.401
-11.67
-11.377
-11.475
-11.572
-11.475
-11.45
-11.401
-11.499
-11.865
-11.816
-11.572
-11.719
-11.694
-11.67
-11.694
-6.8115
-5.0049
-5.1514
-4.7852
-4.3213
-4.8584
-4.7363
-4.4922
-4.2725
-4.1016
-3.8818
-3.5889
-3.5645
-2.9297
-2.9297
-2.8809
-2.3926
-2.9785
-2.417
-2.9053
-2.2217
-2.832
-2.2705
-2.7344
-2.4414
-2.5635
-2.7588
-2.2949
-2.9541
-2.3438
0.26855
4.1992
8.7158
13.037
14.917
16.211
16.772
17.383
17.505
17.749
18.115
18.262
18.604
18.579
18.604
18.848
18.652
18.799
18.799
18.774
19.141
18.872
18.945
19.043
18.872
19.238
19.116
18.994
19.067
18.921
10.156
1.9043
-1.1475
-4.248
-7.7637
-9.082
-9.8633
-10.693
-11.011
-10.986
-11.377
-11.328
-11.938
-11.719
-12.012
-11.816
-11.987
-11.914
-12.061
-12.061
-12.085
-12.183
-12.036
-12.256
-11.938
-12.158
-12.158
-12.134
-12.061
-12.158
-6.3232
-2.417
-1.6602
-0.83008
-0.36621
-0.024414
0.19531
0.24414
0.14648
0.073242
0.048828
0.048828
0.073242
0.097656
0.073242
0.073242
0.097656
0.024414
0.024414
0
0
0
0
0
0
0
0
0
0
0
1.0742
4.6143
9.1553
11.45
12.72
13.599
14.014
14.258
14.648
14.771
14.795
15.356
15.015
15.332
15.332
15.283
15.332
15.601
15.552
15.405
15.527
15.601
15.503
15.82
15.503
15.576
15.503
15.43
15.698
15.649
8.0811
0.90332
-1.7334
-5.4932
-9.1553
-10.767
-11.475
-12.305
-12.646
-13.013
-13.062
-13.281
-13.647
-13.647
-13.867
-13.94
-13.525
-14.16
-14.038
-13.794
-13.965
-13.892
-13.989
-14.038
-13.989
-14.233
-14.111
-13.843
-14.136
-14.038
-12.598
-11.523
-11.182
-10.669
-10.815
-11.133
-10.815
-10.498
-10.278
-10.181
-9.9854
-9.668
-9.3994
-9.4238
-9.0576
-9.0332
-8.8867
-8.7402
-8.8867
-8.5205
-9.0576
-8.5693
-8.7891
-8.4961
-8.8135
-8.7891
-8.7891
-8.7646
-8.3984
-8.6914
-2.7588
1.5625
5.6396
10.986
14.526
15.845
16.846
17.627
18.164
18.115
18.408
18.604
18.774
18.848
19.214
19.263
19.043
19.141
19.019
19.287
19.36
19.189
19.36
19.336
19.678
19.507
19.434
19.653
19.36
19.678
14.429
9.5947
7.4707
5.957
5.6152
4.9561
4.8828
5.3955
5.2246
5.0537
4.9072
4.7363
4.6387
4.3945
4.1016
4.0039
3.6621
3.2471
3.7598
3.0762
2.71
3.2471
2.8564
2.9541
3.0029
2.5879
3.3447
2.8564
2.6367
3.0273
1.2695
-1.5869
-5.2979
-7.9834
-8.4229
-9.79
-10.278
-10.645
-11.084
-10.596
-10.767
-11.084
-11.084
-11.475
-11.548
-11.523
-11.523
-11.401
-11.523
-11.572
-11.401
-11.499
-11.499
-11.572
-11.548
-11.475
-11.426
-11.865
-11.938
-11.597
-6.3721
-1.2695
0.12207
1.2451
2.832
2.9785
2.9541
3.7842
3.4668
3.7354
3.2471
3.9307
3.5889
3.8086
3.2715
3.7842
3.9063
3.6133
3.4668
3.5156
3.9551
3.54
3.6865
3.2959
4.0771
3.7354
3.7842
3.6865
3.9795
4.248
3.1006
5.6885
8.7891
9.6436
10.718
11.401
11.255
11.67
11.816
12.061
12.036
12.378
12.402
12.72
12.549
12.427
12.646
12.842
12.793
12.549
12.793
12.866
12.573
12.622
12.695
12.646
12.842
12.866
12.939
12.549
10.718
9.9121
8.5449
8.667
8.1055
8.7158
8.5693
8.374
7.9346
7.8369
7.6416
7.4219
7.373
7.3975
6.9824
6.8848
6.3965
6.4941
6.5674
6.2256
6.4697
6.2988
5.9814
5.8105
6.3721
6.2256
5.957
5.8838
5.835
5.5664
4.2969
1.5381
0.48828
-0.097656
-0.58594
-0.41504
-0.43945
-0.75684
-0.65918
-0.68359
-0.95215
-0.83008
-0.43945
-0.56152
-0.92773
-0.48828
-0.95215
-0.95215
-0.53711
-0.5127
-0.80566
-0.61035
-0.73242
-1.001
-0.73242
-0.48828
-0.56152
-0.90332
-0.48828
-0.95215
-0.5127
-3.1006
-7.4707
-10.498
-11.182
-12.256
-12.671
-12.939
-12.915
-13.11
-13.281
-13.477
-13.794
-13.867
-13.916
-14.331
-14.233
-13.843
-14.209
-14.111
-13.965
-14.38
-14.087
-13.916
-14.136
-14.136
-14.136
-14.16
-14.16
-14.233
-10.352
-1.5381
0.29297
2.0996
4.0283
4.9072
5.7861
5.9082
6.0059
5.8105
6.1035
6.3965
6.3477
6.5186
5.9814
6.3965
6.3965
6.2256
6.4941
6.2256
6.6406
6.5186
6.6895
6.4453
6.958
6.7627
6.8604
6.4453
6.4453
6.8848
4.2969
0.073242
-1.5869
-3.2715
-4.2725
-4.9316
-5.249
-5.4688
-5.5664
-5.542
-5.9326
-6.1035
-5.7617
-5.6152
-5.7129
-5.8105
-5.835
-5.9814
-6.0303
-5.6396
-5.8105
-6.0791
-6.2012
-6.25
-6.4941
-6.1035
-5.9814
-6.1279
-6.0791
-5.8838
-4.8828
-4.0771
-3.8818
-3.54
-3.6133
-3.8818
-3.6377
-3.3936
-3.1982
-2.9541
-2.6855
-2.2217
-2.2461
-1.6113
-1.709
-2.2217
-1.4648
-1.8066
-1.7822
-1.6846
-2.0996
-1.3672
-1.8066
-2.0508
-1.6846
-1.8799
-1.6357
-1.7334
-2.2461
-1.4404
-1.1719
0.73242
2.4658
3.0518
3.5889
4.126
4.3701
4.5898
4.3945
4.4678
4.4434
4.7363
4.8096
4.7363
4.5898
4.5654
4.4189
4.541
4.7119
4.7119
4.6631
4.6631
4.6143
4.4189
4.5654
4.4922
4.5654
4.5898
4.541
4.3945
3.7354
0.073242
-1.416
-2.5146
-3.2471
-4.248
-4.2725
-4.0771
-4.248
-4.2969
-4.6387
-4.6631
-4.4434
-4.3701
-4.6631
-4.6143
-4.6143
-4.7119
-4.4434
-4.4678
-4.4434
-4.4678
-4.3945
-4.5654
-4.3701
-4.248
-4.4678
-4.541
-4.7363
-4.6631
-3.6133
-5.2979
-7.1289
-8.0322
-8.8623
-9.0332
-9.2041
-9.6924
-9.5947
-9.8389
-9.9365
-10.083
-9.9609
-9.9365
-9.8145
-10.254
-10.205
-10.107
-9.9854
-10.327
-10.327
-10.01
-10.254
-10.254
-10.498
-9.9854
-10.083
-10.107
-10.205
-9.9121
-7.8369
-0.024414
3.4668
7.9102
12.598
14.551
15.552
16.504
16.748
17.139
17.554
17.529
17.92
17.798
18.066
18.384
17.993
18.408
18.262
18.359
18.262
18.384
18.384
18.53
18.311
18.677
18.457
18.457
18.604
18.506
16.333
5.9326
0.61035
-1.5137
-5.249
-7.6416
-8.9355
-9.4727
-9.7656
-10.132
-10.205
-10.522
-10.718
-10.693
-10.718
-10.889
-10.84
-11.108
-11.133
-11.157
-11.157
-11.279
-11.304
-11.011
-11.108
-11.23
-11.206
-11.279
-11.084
-11.182
-11.523
-11.328
-11.353
-11.133
-10.864
-10.571
-10.449
-10.376
-10.327
-10.181
-9.9609
-9.7412
-9.7656
-9.668
-9.5459
-9.4727
-9.2041
-9.1797
-9.375
-8.96
-9.2285
-9.0088
-8.8135
-9.2529
-8.9844
-9.1553
-9.1064
-9.2041
-9.5703
-9.082
-7.9102
0
4.1016
9.3262
13.867
16.235
17.725
18.433
18.994
19.556
19.434
20.142
19.849
20.435
20.41
20.679
20.581
20.313
20.825
20.776
21.021
20.557
20.85
20.923
20.996
21.191
20.874
21.216
20.776
21.265
19.556
7.373
0.3418
-4.1504
-9.1797
-14.16
-16.748
-17.847
-18.97
-19.238
-19.458
-19.849
-20.215
-20.703
-20.703
-20.947
-20.63
-21.289
-20.898
-21.143
-21.045
-21.387
-21.387
-21.362
-21.362
-21.338
-21.533
-21.411
-21.313
-21.338
-20.63
-15.918
-14.404
-13.867
-13.281
-12.72
-12.769
-12.964
-12.842
-12.524
-12.402
-12.231
-12.036
-11.768
-11.572
-11.621
-11.182
-11.011
-10.986
-11.133
-11.084
-10.84
-10.571
-10.986
-11.011
-10.669
-10.327
-11.035
-10.913
-10.742
-9.668
-2.2949
0.92773
3.0518
5.6641
6.7627
7.5928
7.8369
8.3496
8.0566
8.8623
8.252
8.5693
8.4473
8.6426
8.8379
8.7402
9.082
8.8623
8.8867
9.4482
9.082
9.1797
9.082
8.8135
9.2773
9.1553
9.1309
9.1309
8.8135
8.8379
1.3184
-3.0273
-7.5195
-12.964
-15.942
-16.772
-17.896
-18.286
-18.628
-19.019
-19.238
-19.824
-19.531
-19.727
-20.044
-19.946
-20.264
-20.044
-20.508
-20.361
-20.239
-20.288
-20.239
-20.239
-20.337
-20.361
-20.459
-20.435
-20.63
-20.093
-9.0576
-1.8311
0.46387
3.54
6.3232
7.3975
8.2031
8.7891
9.1797
9.5215
9.3506
9.3994
10.01
9.9854
9.8389
9.9609
10.132
10.205
10.156
9.9121
10.083
10.425
9.9365
10.205
9.9854
10.254
10.254
10.449
9.9854
10.205
9.1064
12.085
13.721
14.502
15.088
15.869
15.845
16.431
16.211
16.602
16.797
16.455
16.968
16.87
16.919
17.065
16.992
17.041
17.188
17.09
17.139
17.236
17.065
17.114
17.188
16.992
17.139
17.212
17.065
17.114
8.2764
2.002
-0.39063
-2.2949
-4.1992
-4.7119
-5.4443
-6.0547
-5.957
-5.7373
-6.1523
-6.1523
-6.5918
-6.5186
-6.2744
-6.665
-6.8359
-6.7139
-6.25
-6.9092
-6.3965
-6.5918
-6.2744
-6.25
-6.4209
-6.4697
-6.7139
-6.0059
-6.3232
-1.4893
1.0254
2.9297
4.5654
5.127
5.835
6.0791
6.4941
6.665
6.8115
6.4209
7.1533
7.0557
6.7871
6.9092
6.958
6.8359
6.8115
7.0068
7.0801
6.5674
7.2021
7.0557
6.7383
7.0313
7.251
7.1289
7.0801
7.373
7.1289
1.4893
-1.7334
-5.2246
-9.375
-11.035
-12.012
-12.158
-12.769
-13.135
-13.184
-13.696
-13.721
-13.916
-13.794
-13.77
-14.233
-13.867
-13.965
-14.038
-13.916
-13.989
-14.185
-14.209
-14.258
-14.038
-14.209
-14.233
-14.087
-14.014
-14.16
-8.1787
-6.0547
-5.1758
-5.1025
-4.6387
-4.541
-4.6631
-4.7607
-4.541
-4.2725
-4.0771
-3.9795
-3.6133
-3.2471
-3.418
-2.5635
-3.1494
-2.2461
-2.8076
-2.1973
-2.7588
-2.2461
-2.6123
-2.4658
-2.3926
-2.6611
-2.3193
-2.7588
-2.2705
-2.7832
0.36621
3.3447
8.4473
11.865
13.647
14.551
15.137
15.674
15.918
15.942
16.187
16.309
16.455
16.846
16.772
16.772
16.797
16.846
16.895
16.919
16.821
17.041
16.968
16.821
17.163
16.919
16.943
17.212
16.968
17.041
9.3506
1.3672
-0.80566
-4.5898
-8.2275
-9.7168
-10.864
-11.523
-11.67
-11.694
-12.476
-12.573
-12.549
-12.891
-13.062
-12.939
-12.891
-12.671
-13.33
-13.11
-13.11
-13.306
-13.257
-12.866
-13.208
-13.159
-13.159
-13.013
-12.939
-13.208
-7.1289
-1.1475
-0.14648
1.0254
2.3438
2.6367
3.0518
3.1006
3.0029
3.3936
3.2471
3.2959
3.1982
3.6133
3.3691
3.0273
3.8818
3.2715
3.1494
3.4912
3.2227
3.2715
3.1738
3.418
3.2959
2.9785
3.6621
3.3691
2.8564
3.6377
0.68359
-0.53711
-2.3438
-3.6133
-3.9551
-4.1748
-4.5898
-4.6387
-4.7363
-4.9072
-4.9316
-4.9316
-5.0537
-5.0049
-4.9316
-4.8828
-4.9805
-4.9805
-5.0049
-4.9805
-4.9805
-5.0293
-4.8828
-5.2246
-5.1514
-5.2734
-5.1758
-5.3467
-5.1514
-5.127
-3.8818
-3.6865
-2.5391
-2.8076
-2.7832
-2.8564
-2.6367
-2.417
-2.2217
-2.0264
-1.5869
-1.2451
-1.2207
-1.5137
-0.87891
-1.0498
-0.92773
-1.4404
-1.001
-0.85449
-1.0986
-1.2695
-1.1963
-0.70801
-1.2207
-1.0254
-1.416
-0.75684
-1.0986
-0.87891
-0.87891
-3.833
-9.2529
-11.45
-12.866
-13.306
-14.16
-14.16
-14.6
-14.6
-14.941
-15.161
-15.137
-15.137
-15.259
-15.356
-15.405
-15.576
-15.723
-15.527
-15.601
-15.503
-15.381
-15.576
-15.405
-15.552
-15.674
-15.82
-15.674
-15.601
-10.278
-2.5635
0.073242
1.4648
3.4424
3.7842
4.5898
5.2002
5.1025
5.249
5.1514
5.3467
5.1758
5.3955
5.2979
5.4932
5.542
5.3955
5.4199
5.3467
5.4199
5.6885
5.8838
5.7861
5.6641
5.5908
5.8105
5.835
5.7861
5.8838
4.541
7.2021
9.8877
11.45
12.109
12.598
12.891
13.159
13.452
13.452
13.745
13.818
13.525
13.965
14.136
13.696
14.16
14.063
14.233
14.185
14.209
14.258
14.087
14.185
14.502
14.136
14.258
14.404
14.038
14.233
9.2773
0.073242
-2.6123
-7.8369
-12.109
-14.087
-14.941
-15.259
-15.894
-16.211
-16.748
-16.748
-16.87
-17.285
-17.285
-17.407
-17.7
-17.627
-17.48
-17.676
-17.651
-17.847
-17.749
-17.7
-17.969
-17.651
-17.896
-17.725
-17.725
-17.847
-13.94
-7.1289
-3.6621
-2.2705
-2.1729
-2.1484
-0.92773
-1.416
-1.3916
-1.1719
-1.0254
-0.85449
-0.73242
-0.63477
-0.48828
-0.36621
-0.29297
-0.26855
-0.097656
-0.048828
-0.048828
-0.024414
-0.024414
-0.048828
-0.024414
-0.073242
-0.073242
-0.048828
-0.024414
-0.024414
-0.19531
-1.6357
-2.0752
-2.4902
-2.8564
-3.54
-2.6367
-3.1982
-3.6621
-2.9053
-3.2959
-3.5645
-3.1006
-3.2471
-3.3691
-3.1494
-3.2471
-3.1982
-3.418
-3.0029
-3.2227
-3.6133
-2.9297
-3.1982
-3.6621
-2.7588
-3.2227
-3.7842
-2.8564
-3.2471
-3.1982
-3.54
-3.5156
-4.0283
-3.9063
-4.2969
-4.1992
-4.0771
-3.9063
-4.248
-3.9795
-4.4434
-4.4678
-4.126
-3.9795
-4.126
-4.0527
-4.1504
-4.2725
-4.1016
-3.7842
-3.9307
-4.0527
-3.9551
-4.3457
-4.0527
-3.7354
-3.8086
-4.1504
-3.8818
-2.6855
0.26855
1.6113
3.3936
3.5645
4.3945
4.7363
4.7363
4.834
4.8828
4.9316
4.834
4.9316
4.9072
4.8584
4.9805
5.0537
4.9805
5.0049
5.1025
4.9561
4.9561
5.0537
4.9072
4.9805
4.8828
4.834
4.9805
4.9072
5.0049
4.2236
5.9326
9.9365
10.889
12.451
13.013
13.086
13.77
13.794
13.794
14.16
14.111
14.38
14.063
14.233
14.429
14.453
14.551
14.478
14.844
14.233
14.697
14.526
14.478
14.502
14.893
14.648
14.673
14.697
14.624
14.038
13.525
12.939
12.866
12.842
12.915
12.671
12.256
12.183
12.134
11.743
11.621
11.499
11.548
11.45
11.23
10.913
11.06
10.913
11.133
11.133
10.962
11.084
11.035
10.815
10.742
10.767
10.913
10.718
10.474
8.5449
2.0996
0.3418
-1.0986
-2.0508
-2.6855
-2.832
-2.9297
-3.418
-3.0029
-3.2227
-3.3936
-3.3203
-3.2471
-3.3447
-3.8086
-3.1494
-3.3203
-3.8086
-3.0273
-3.2959
-3.5156
-3.2471
-3.2959
-3.2959
-3.3691
-3.0762
-3.1982
-3.6133
-2.9785
-2.6611
0.14648
2.1484
3.0029
3.9063
4.4678
4.541
4.6875
4.7607
4.834
4.834
4.8096
4.834
5.0049
4.9805
4.8584
4.9805
4.9316
4.9316
4.9805
4.834
5.0781
4.9072
5.0537
5.127
5.2002
5.3711
5.4932
5.4199
5.4443
3.7109
0.048828
-3.2227
-7.7637
-9.4482
-10.938
-11.572
-11.938
-12.5
-12.524
-12.915
-13.232
-13.159
-13.062
-13.477
-13.428
-13.33
-13.477
-13.501
-13.452
-13.55
-13.818
-13.721
-13.623
-13.892
-13.647
-13.354
-13.794
-13.818
-13.525
-11.865
-3.0029
0
2.2949
4.126
5.3711
5.6885
6.9824
6.9092
6.8115
7.4219
7.3975
7.1045
7.6904
7.5928
7.5684
7.7148
7.4707
7.7393
7.7637
7.5439
7.8613
7.3486
7.6172
7.5684
7.2998
7.8125
7.7637
7.7637
8.0078
7.7881
6.2012
5.5908
5.3467
5.5176
5.7617
5.5176
5.2979
5.1758
4.9805
4.8584
4.5654
4.3945
4.2236
3.7842
3.4912
3.6133
3.3447
3.2959
3.125
3.4912
3.3203
2.8564
3.7354
3.1982
2.832
3.6377
3.3447
3.1494
3.5156
3.1006
2.7832
1.9531
2.0752
1.8555
2.0264
1.8066
1.709
1.5625
1.3672
1.2207
1.0254
0.97656
0.78125
0.48828
0.31738
0.61035
0.48828
0.29297
0.26855
0.24414
0.36621
0.48828
0.53711
0.53711
0.43945
0.29297
0.3418
0.48828
0.41504
0.21973
2.8809
7.8369
13.135
16.528
17.944
19.214
19.409
20.508
20.337
20.679
20.728
21.216
21.533
21.387
21.484
21.362
21.704
21.167
21.875
21.631
21.777
21.704
21.533
22.144
21.655
22.046
21.802
22.314
22.217
21.118
10.596
2.9053
-0.19531
-2.2949
-5.2002
-6.4697
-7.373
-7.8857
-7.8125
-8.3252
-8.4717
-8.8379
-9.1309
-8.9355
-9.2041
-9.0332
-9.2041
-9.2285
-8.8623
-9.0576
-9.1797
-8.8135
-9.3506
-8.7891
-8.8379
-9.2285
-9.0576
-9.1553
-9.0332
-8.3008
-0.95215
1.8799
5.6152
9.4727
11.084
12.549
12.988
13.11
13.818
13.892
14.087
14.063
14.307
14.355
14.404
14.6
14.282
14.429
14.526
14.673
14.673
14.819
14.673
14.526
14.722
14.648
14.722
14.771
14.941
14.526
14.038
16.089
16.821
17.822
18.311
18.433
18.823
18.823
19.409
19.238
19.531
19.507
19.507
19.727
19.653
19.8
19.849
19.751
20.02
19.8
19.897
19.922
19.727
19.946
19.897
20.02
20.02
19.971
20.044
19.629
11.646
6.1279
3.4424
2.3193
2.0996
1.3428
0.63477
0.65918
0.83008
0.61035
0.53711
0.36621
0.19531
0.073242
-0.024414
-0.097656
-0.024414
-0.024414
0
0.024414
0
0
0
0
0
0
0
0
0
0
0.97656
4.1504
8.4229
9.5215
10.376
11.084
11.597
11.743
11.719
12.109
11.938
11.865
12.207
12.427
12.329
12.524
12.598
12.524
12.622
12.744
12.744
12.866
12.695
12.524
12.329
12.866
12.915
12.549
12.988
12.915
12.183
12.378
12.744
12.793
12.988
12.598
12.842
13.232
13.037
13.062
13.232
13.281
13.184
13.208
13.281
13.33
13.281
13.354
12.866
13.257
13.306
13.33
13.11
13.306
13.55
13.184
13.013
13.135
13.086
4.9561
0.46387
-1.8066
-5.2246
-7.1777
-7.7148
-8.4961
-9.0088
-9.0332
-9.2773
-9.9609
-9.4971
-9.6436
-9.5703
-9.9854
-9.6436
-10.083
-9.4238
-10.352
-10.034
-10.254
-10.034
-10.376
-10.742
-10.498
-10.303
-10.254
-10.181
-10.083
-10.205
-9.0332
-11.67
-13.501
-13.916
-14.746
-15.405
-15.259
-15.356
-16.187
-16.016
-16.113
-16.284
-16.528
-16.162
-16.479
-16.479
-16.602
-16.626
-16.504
-16.479
-16.699
-16.504
-16.528
-16.675
-16.65
-16.699
-16.699
-16.602
-16.772
-16.87
-8.3008
-0.68359
1.1475
3.9795
6.5674
6.9092
8.3252
8.252
8.4961
9.3262
9.1309
9.1064
9.7656
9.4238
9.2041
9.9609
9.3506
9.1797
9.6436
9.7656
9.4482
9.8877
9.6436
9.79
9.9365
10.083
9.6436
9.5947
9.9365
9.8145
4.4678
0.92773
-0.58594
-1.6602
-1.5137
-2.8076
-2.5879
-3.0273
-2.4414
-2.9785
-3.2227
-2.8076
-3.0029
-2.6855
-2.7588
-3.3447
-2.4902
-2.9785
-3.0029
-2.7588
-3.2715
-2.4902
-2.9297
-3.1006
-2.7344
-3.0518
-2.71
-2.8076
-3.3691
-2.6123
-0.24414
2.9785
7.5928
11.06
12.988
13.647
14.258
14.526
15.015
15.039
15.356
15.503
15.601
15.845
16.04
15.576
16.04
16.113
15.942
16.284
15.991
15.991
16.138
16.26
16.113
16.211
16.211
15.967
16.138
16.138
9.4727
2.9297
0.48828
-0.78125
-2.2705
-2.002
-3.3447
-2.6367
-3.125
-3.5156
-2.7832
-3.2227
-3.7354
-2.9053
-3.2959
-3.7354
-3.1738
-3.3203
-3.54
-3.5156
-3.3203
-3.418
-3.6865
-2.9541
-3.3203
-3.6621
-3.0273
-3.2715
-3.4912
-3.1738
-1.0254
1.0254
3.2227
4.6631
5.6396
5.6396
6.2988
6.6162
6.6162
6.2256
7.1045
6.7627
6.665
6.6895
7.0557
7.0313
6.8115
7.3242
7.3242
7.0801
7.3975
7.1289
7.0557
7.2266
7.1777
7.1777
7.0557
7.2266
7.2754
6.9092
3.1982
0.12207
-2.4658
-4.9316
-6.2744
-6.7139
-7.2021
-7.8613
-7.6904
-8.2031
-8.0811
-8.1787
-8.1299
-8.4717
-8.252
-8.3496
-8.2275
-8.3252
-8.5205
-8.4473
-8.7158
-8.4961
-8.7891
-8.6426
-9.1064
-8.3984
-8.7402
-8.5449
-8.7158
-8.6182
-8.252
-4.7119
-2.417
-1.0742
-0.43945
-0.14648
0
0.024414
0.048828
0.048828
0
0
0
0
0
0
0
0
0
0
0
0
0
0
0
0
0
0
0
0
0.36621
2.3438
2.3926
3.0762
4.0039
3.7109
4.0527
3.8574
3.7598
4.126
4.3701
3.9795
4.0283
4.1016
3.7354
4.0771
4.3213
4.1748
4.0039
4.1504
3.9063
3.9063
4.3213
4.2969
3.7598
4.248
3.9307
3.9307
4.1748
4.3457
3.0029
3.0029
2.124
2.6367
2.5146
2.3682
2.2217
2.0752
1.9287
1.7578
1.6602
1.5137
1.1719
1.0742
1.2451
0.68359
1.0742
0.53711
0.61035
1.0254
0.97656
0.58594
0.95215
0.5127
0.5127
1.0254
0.95215
0.53711
0.95215
0.53711
0
-2.3193
-5.4199
-6.7871
-8.3252
-8.7158
-8.9844
-9.3262
-9.3018
-9.5947
-10.181
-10.156
-9.9121
-10.01
-10.425
-10.4
-10.034
-9.8145
-10.352
-10.376
-9.8145
-9.7656
-9.8877
-10.205
-10.132
-9.9854
-10.229
-10.498
-10.522
-10.254
-7.666
-5.249
-5.249
-4.5166
-4.6875
-4.6631
-4.7607
-4.5166
-4.2969
-4.1016
-3.9063
-3.418
-3.418
-2.8564
-2.8564
-2.4658
-2.6855
-2.6611
-2.3682
-2.832
-2.3438
-2.832
-2.3438
-2.832
-2.1484
-2.71
-2.2949
-2.7344
-2.3926
-2.6611
-1.3428
1.6602
5.0049
8.5938
9.6436
10.449
11.279
11.768
11.987
11.768
11.816
12.231
12.451
12.598
12.256
12.524
12.354
12.866
12.427
12.671
12.573
12.671
12.671
12.72
12.695
12.842
12.817
12.769
12.817
12.598
8.4229
1.3184
-1.4404
-4.8584
-8.3984
-9.7412
-10.62
-11.084
-11.499
-11.572
-11.938
-11.938
-12.305
-12.256
-12.354
-12.378
-12.378
-12.427
-12.402
-12.598
-12.817
-12.671
-12.72
-12.573
-12.72
-12.549
-12.646
-12.573
-12.842
-12.695
-11.621
-9.8389
-8.9355
-9.0088
-8.4473
-9.0332
-9.0576
-8.7158
-8.4229
-8.2764
-8.0566
-7.8125
-7.7393
-7.4707
-7.0068
-7.1777
-7.0313
-6.7871
-6.665
-6.7871
-6.8115
-6.958
-6.4453
-6.7383
-6.9336
-6.9336
-6.6162
-6.4941
-6.6162
-6.5918
-4.9561
-3.3203
-3.0762
-3.0762
-2.5391
-3.0518
-2.7832
-2.5146
-2.3438
-2.0996
-1.7822
-1.001
-1.1963
-1.416
-1.0986
-0.80566
-1.1475
-1.1963
-1.2939
-0.70801
-1.2207
-0.95215
-1.4404
-0.80566
-1.0498
-0.90332
-1.4404
-1.0254
-0.83008
-1.1475
-1.001
-2.4902
-7.2021
-10.229
-11.719
-12.549
-12.939
-13.232
-13.232
-13.672
-13.843
-14.063
-14.233
-14.063
-14.478
-14.453
-14.551
-14.551
-14.697
-14.551
-14.502
-14.673
-14.648
-14.575
-14.624
-14.673
-14.526
-14.844
-14.575
-14.624
-11.23
-1.4893
1.7334
6.3477
10.522
13.208
14.6
15.112
15.845
16.235
16.357
16.821
16.797
17.065
17.236
17.139
17.236
17.407
17.261
17.407
17.529
17.432
17.603
17.578
17.334
17.627
17.407
17.627
17.627
17.358
15.894
9.9609
7.8369
6.6406
5.7617
5.4199
5.4932
5.957
5.6641
5.4443
5.249
5.0049
4.9561
4.7119
4.2969
3.8818
3.8086
3.7354
3.3936
3.0029
3.7842
3.2959
2.9541
3.6377
3.2959
3.2227
3.418
3.5156
3.3447
3.125
3.3691
4.4434
9.4971
13.843
15.625
16.431
17.285
17.749
18.262
18.506
18.53
19.141
18.726
19.116
19.189
19.141
19.36
18.945
19.336
19.312
19.385
19.678
19.165
19.409
19.434
19.482
19.531
19.385
19.849
19.482
17.554
7.3486
1.2207
-0.29297
-3.4912
-5.835
-6.2744
-7.0557
-7.7637
-7.6172
-8.1543
-7.8125
-8.252
-7.959
-8.4717
-8.252
-8.5449
-8.374
-8.4473
-8.5205
-8.374
-8.667
-8.5693
-8.8379
-8.5693
-8.8623
-8.5938
-8.8623
-8.3984
-8.7158
-8.1787
-7.5684
-7.5928
-7.1777
-7.6416
-7.373
-7.1777
-6.958
-6.7871
-6.4697
-6.3232
-6.1035
-5.9814
-5.835
-5.8105
-5.8105
-5.835
-5.4688
-5.3467
-5.2246
-5.2246
-5.0293
-5.0293
-4.9316
-4.9561
-4.8584
-5.0781
-5.0781
-5.0049
-4.834
-3.9551
0.39063
4.2725
8.7402
12.305
13.745
14.868
15.674
16.211
16.431
16.455
16.772
16.87
17.261
17.212
17.188
17.456
17.188
17.285
17.456
17.383
17.529
17.407
17.358
17.627
17.603
17.432
17.676
17.529
17.529
16.699
7.4463
1.7822
-0.19531
-1.7578
-2.1973
-3.3447
-3.7598
-3.418
-4.0283
-3.6865
-4.2969
-4.3701
-3.8574
-4.0039
-4.0771
-3.9795
-4.2236
-4.3457
-4.1992
-4.248
-4.3457
-4.3457
-4.2236
-4.4434
-4.3945
-3.9063
-3.9063
-4.1016
-4.0283
-4.4678
-4.8096
-4.5166
-4.126
-4.0039
-3.9307
-4.1748
-3.418
-3.7354
-3.6377
-4.1504
-3.5156
-3.6377
-3.5889
-4.0039
-3.6865
-3.4912
-3.6865
-3.8818
-3.9795
-3.5156
-3.833
-3.833
-4.1748
-3.7109
-3.7354
-3.7842
-4.0283
-3.9551
-3.5645
-3.2227
-0.048828
0.68359
2.9297
2.9785
4.0039
3.9063
4.1992
4.4678
4.4678
4.6143
4.4434
4.2969
4.3213
4.5898
4.4434
4.3945
4.3213
4.3701
4.4678
4.5654
4.7852
4.9316
4.7852
4.8096
4.7363
4.6387
4.6875
4.5654
4.541
4.0527
-0.53711
-4.4189
-9.082
-13.525
-15.308
-16.602
-17.163
-17.871
-17.969
-18.53
-18.14
-18.848
-19.312
-19.116
-19.312
-19.287
-19.141
-19.653
-19.385
-19.58
-19.409
-19.58
-19.653
-19.434
-19.653
-19.629
-19.629
-19.58
-19.336
-19.165
-13.354
-11.182
-9.9609
-9.3994
-8.8867
-8.6182
-8.7891
-9.1064
-8.9844
-8.667
-8.3984
-8.2031
-7.8125
-7.8369
-7.5439
-7.3242
-7.0801
-6.9824
-7.0068
-6.8604
-6.4941
-6.9092
-6.7383
-6.958
-6.2256
-6.8115
-6.8604
-7.0557
-6.665
-6.665
-7.5195
-7.251
-7.1045
-6.8604
-6.6162
-6.3965
-6.25
-5.835
-5.7617
-5.4932
-5.4688
-5.3467
-5.2002
-5.1025
-5.0537
-5.0049
-4.9561
-5.1025
-5.2002
-5.2979
-5.4443
-5.3711
-5.5176
-5.2002
-5.1758
-4.9805
-5.0537
-4.9805
-4.9805
-4.834
-4.4189
-9.0332
-14.282
-17.285
-18.823
-19.458
-20.313
-20.41
-20.801
-21.021
-21.069
-21.851
-21.924
-21.826
-21.777
-22.021
-22.119
-21.875
-22.314
-22.266
-22.363
-22.461
-22.754
-21.826
-22.144
-22.046
-22.388
-22.217
-22.266
-21.68
-22.168
-21.851
-21.875
-21.436
-21.362
-21.094
-20.923
-20.825
-20.703
-20.679
-20.508
-20.679
-20.483
-20.313
-20.41
-20.264
-20.215
-19.995
-20.093
-20.264
-19.922
-20.166
-20.02
-19.946
-19.995
-19.995
-20.02
-19.946
-20.093
-18.872
-18.311
-18.237
-18.188
-18.213
-18.042
-17.529
-17.578
-17.236
-17.114
-17.017
-16.968
-16.724
-16.724
-16.675
-16.528
-16.455
-16.528
-16.357
-16.455
-16.333
-16.406
-16.333
-16.138
-16.211
-16.382
-16.211
-16.284
-16.138
-16.235
-12.036
-10.669
-10.278
-9.1797
-9.2285
-9.3994
-9.6924
-9.3506
-9.082
-8.9111
-8.6914
-8.5205
-8.4229
-8.1787
-8.0566
-7.6172
-7.8125
-7.7148
-7.4463
-7.3975
-7.4219
-7.1533
-6.8115
-7.1777
-7.2021
-6.5186
-7.1289
-7.1289
-6.665
-7.1533
-2.3438
0.90332
3.3203
5.3467
6.4453
7.1777
7.666
7.666
8.2275
7.8613
8.3984
7.9102
8.5205
8.4717
8.5449
8.4717
8.5205
8.5449
8.6426
8.5938
8.4473
8.7891
8.4717
8.8135
8.4961
8.8135
8.3984
8.5693
8.5938
8.6914
2.9053
-1.001
-5.4443
-10.522
-13.599
-15.308
-15.82
-16.504
-17.261
-17.114
-17.261
-17.627
-17.749
-18.042
-17.896
-18.164
-18.311
-18.311
-18.433
-18.457
-18.042
-18.506
-18.433
-18.384
-18.457
-18.457
-18.604
-18.579
-18.311
-18.652
-11.328
-2.4902
0.21973
2.8564
5.8594
6.665
8.0566
8.4229
8.667
8.9844
8.8135
9.2285
9.2041
9.0576
9.3018
9.3018
9.3994
9.4971
9.6924
9.668
9.5947
9.79
9.5215
9.4727
9.7168
9.4971
9.5215
9.7412
9.7656
9.5703
4.5166
-1.5381
-4.9805
-10.791
-14.111
-15.942
-16.406
-17.334
-17.92
-18.018
-18.384
-18.799
-18.75
-18.97
-19.165
-19.116
-19.189
-19.043
-19.36
-19.165
-19.604
-19.482
-19.458
-19.482
-19.385
-19.458
-19.36
-19.482
-19.434
-19.336
-13.647
-5.7861
-1.3916
0.048828
1.2695
1.2207
2.1484
2.0264
2.71
2.1973
2.7832
2.2705
2.8076
2.2949
2.7344
2.3682
2.5635
2.5879
2.3438
2.71
2.2217
2.7344
2.1973
2.832
2.2705
2.9053
2.2949
2.7832
2.3193
2.6611
1.0742
-0.41504
-1.3428
-1.709
-1.9775
-2.5879
-2.124
-2.7344
-2.3682
-2.6855
-2.6367
-2.417
-2.9541
-2.417
-3.0762
-2.3438
-2.7588
-2.1729
-2.71
-2.2705
-2.7344
-2.4658
-2.5635
-2.6611
-2.2949
-2.8564
-2.2705
-2.9053
-2.3193
-2.7344
-1.0254
1.2451
2.5391
3.8086
4.9316
5.3711
5.542
5.3467
5.7373
5.7129
5.7129
5.7861
6.0303
5.9082
5.8594
6.1035
5.7861
5.7373
5.7617
6.1768
5.957
5.9082
6.1279
5.8838
5.9082
6.2988
6.2744
6.0547
5.9326
5.957
4.2236
8.2031
12.769
15.039
16.675
17.7
17.944
18.359
18.628
18.823
19.116
19.116
19.385
19.58
19.556
19.702
19.458
19.751
19.775
19.824
19.971
19.751
19.995
19.556
20.117
20.044
19.824
20.093
19.8
20.068
16.675
12.671
11.328
10.571
9.5947
8.96
9.4482
9.6436
9.4971
9.1064
8.8135
8.8135
8.667
8.374
8.1299
7.7637
7.9346
7.7148
7.6172
7.7881
7.373
6.9336
7.5439
7.3486
6.8604
7.2266
7.1777
6.9336
7.0801
7.1777
5.2246
3.8574
3.8574
2.7344
2.6367
2.7588
2.8564
2.6123
2.4902
2.2949
2.1729
2.0508
1.9531
1.5381
1.5381
1.2939
1.3184
0.78125
1.3428
1.2207
1.2695
0.73242
1.1475
1.3672
1.0742
0.95215
0.95215
1.4893
0.97656
1.0986
1.0254
0.68359
0.26855
0.024414
-0.12207
-0.14648
-0.097656
0
0.024414
0.048828
0.024414
0
-0.024414
0
0
0
0
0
0
0
0
0
0
0
0
0
0
0
0
0
0.48828
3.1006
7.4951
11.23
13.086
14.014
14.819
15.381
15.259
15.527
15.942
15.918
16.211
16.138
16.211
16.431
16.577
16.333
16.724
16.602
16.602
16.846
16.479
16.602
16.821
16.479
16.699
16.87
16.65
16.699
13.33
2.4658
-1.1963
-6.1523
-10.938
-14.258
-16.04
-16.821
-17.285
-17.896
-18.091
-18.408
-18.579
-18.652
-19.043
-18.945
-19.287
-19.238
-19.263
-19.116
-19.189
-19.507
-19.336
-19.385
-19.36
-19.482
-19.507
-19.458
-19.434
-19.434
-18.921
-19.116
-19.507
-20.044
-20.142
-20.654
-20.825
-20.923
-21.411
-21.582
-21.118
-21.411
-21.729
-21.46
-21.777
-21.875
-21.729
-21.753
-21.606
-22.095
-21.826
-21.729
-21.68
-21.924
-22.07
-21.802
-21.924
-21.704
-21.802
-21.484
-21.216
-20.264
-19.653
-19.653
-19.434
-19.751
-19.385
-19.116
-18.97
-18.701
-18.604
-18.53
-18.359
-18.359
-18.115
-17.92
-18.115
-17.896
-17.993
-17.92
-17.7
-17.896
-17.725
-17.603
-17.871
-17.7
-17.603
-17.749
-17.798
-17.749
-17.578
-11.987
-6.8115
-3.5156
-1.6357
-0.78125
-0.29297
-0.024414
0
0.024414
0
0
0
0
0
0
0
0
0
0
0
0
0
0
0
0
0
0
0
0
0.048828
0.65918
1.2207
1.3916
1.7578
1.709
1.8555
1.8555
1.3916
2.2217
1.7334
1.6357
1.9043
1.6113
2.1729
1.8311
1.3916
2.0752
1.709
1.9043
1.8799
1.416
2.2461
1.709
1.6113
1.8799
1.6846
2.0752
1.8799
1.3672
1.7578
2.4902
5.6152
6.9824
8.3984
8.7158
8.7891
9.4238
9.5215
9.4971
9.668
10.132
10.107
10.034
10.059
9.79
10.205
10.034
9.9121
10.132
10.034
10.059
10.059
10.229
10.059
10.034
10.034
10.107
10.303
10.132
10.303
8.374
7.8857
7.4463
8.0322
8.1787
7.959
7.6416
7.3975
7.1777
6.9336
6.7871
6.8359
6.4209
6.25
6.1523
6.1523
5.957
5.8838
5.6885
5.7861
5.6641
5.542
5.542
5.3711
5.4443
5.4199
5.7129
5.249
5.4932
4.7852
2.6855
2.124
1.3184
1.3916
0.65918
0.87891
0.65918
0.53711
0.26855
0.14648
0
0
-0.048828
-0.024414
-0.024414
0
0
0
0
0
0
0
0
0
0
0
0
0
0
0
-0.83008
-4.6875
-7.2021
-8.8379
-9.4971
-9.79
-10.522
-10.352
-10.547
-10.767
-10.693
-10.938
-11.084
-10.767
-10.986
-10.791
-11.108
-10.889
-10.913
-11.06
-11.426
-11.23
-11.23
-11.133
-11.255
-11.182
-11.084
-11.06
-11.23
-10.62
-4.3945
-2.6855
-2.6123
-2.6123
-2.1973
-2.4414
-2.4658
-2.2217
-2.0996
-1.9287
-1.7822
-1.6113
-1.4404
-1.2207
-1.0986
-1.0986
-1.1475
-0.53711
-0.53711
-1.0498
-0.56152
-0.97656
-1.0254
-0.53711
-0.5127
-1.001
-0.53711
-1.0498
-1.0498
-0.53711
-1.8066
-2.5635
-3.8574
-3.8574
-4.0283
-4.1748
-4.4922
-4.3945
-4.2725
-4.6387
-4.5898
-4.6143
-4.5654
-4.541
-4.4434
-4.3701
-4.3701
-4.6143
-4.5166
-4.4678
-4.3701
-4.4922
-4.7607
-4.5898
-4.7607
-4.5898
-4.5166
-4.6875
-4.6631
-4.1992
-4.3213
-8.8135
-11.279
-12.305
-13.647
-13.574
-14.331
-14.307
-14.868
-14.697
-15.161
-15.308
-15.576
-15.527
-15.454
-15.576
-15.43
-15.454
-15.405
-15.503
-15.698
-15.576
-15.625
-15.869
-15.625
-15.503
-15.771
-15.625
-15.576
-15.137
-13.599
-13.013
-12.28
-12.183
-12.231
-12.451
-12.183
-11.963
-11.621
-11.45
-11.426
-11.23
-10.889
-10.718
-10.742
-10.815
-10.864
-10.693
-10.596
-10.693
-10.669
-10.498
-10.181
-10.352
-10.278
-10.352
-10.01
-10.083
-10.254
-9.8633
-1.6357
2.8076
7.5195
12.549
15.845
17.48
18.042
18.823
19.263
19.653
19.824
19.946
20.19
20.068
20.264
20.41
20.557
20.483
20.581
21.094
20.605
20.972
20.679
20.752
21.24
20.605
21.289
20.898
21.191
20.801
18.579
17.969
16.919
16.821
16.846
16.797
16.748
16.382
16.016
16.04
15.796
15.479
15.552
15.552
15.063
15.405
15.332
14.99
15.015
15.186
14.795
14.941
14.746
14.795
14.722
14.844
14.795
14.453
14.746
14.624
11.475
10.303
10.107
9.2285
9.1553
9.5215
9.5215
9.375
9.1064
8.7158
8.5938
8.3984
8.252
8.2275
7.7148
7.8369
7.6172
7.2266
7.5439
7.4219
7.1289
7.3486
7.373
7.2021
7.2754
7.2998
7.0313
7.2998
7.2266
1.3428
-1.7822
-5.9326
-10.034
-11.816
-12.378
-13.062
-13.794
-13.696
-14.087
-14.111
-14.429
-14.624
-14.99
-14.868
-14.893
-14.917
-15.063
-14.99
-15.063
-15.161
-14.99
-15.088
-15.259
-15.283
-15.039
-15.308
-15.137
-15.259
-15.161
-7.7148
-2.7832
-1.1475
0
0.31738
0.90332
0.75684
0.78125
1.3916
0.97656
1.2207
0.73242
1.3428
1.1963
1.2451
0.73242
1.1475
1.3672
1.0986
0.90332
0.97656
1.4648
0.92773
1.123
0.75684
1.4648
1.0254
1.2451
0.75684
1.3184
-1.2451
-4.9805
-10.645
-14.795
-16.675
-17.92
-18.359
-19.043
-19.409
-19.434
-19.824
-19.995
-20.557
-20.41
-20.63
-20.776
-20.581
-20.654
-20.776
-20.85
-21.118
-21.021
-21.069
-21.021
-20.996
-21.143
-21.021
-20.825
-21.167
-21.118
-11.646
-2.6855
1.001
4.1016
8.5938
10.864
12.012
12.402
13.208
13.379
13.428
14.038
13.843
14.038
14.331
14.111
14.502
14.429
14.6
14.429
14.624
14.502
14.404
14.575
14.478
14.575
14.429
14.673
14.526
14.697
7.7637
0.87891
-1.5381
-4.6143
-7.1777
-7.9346
-8.9355
-9.5947
-9.5215
-9.7412
-10.254
-10.376
-10.571
-10.278
-10.522
-10.327
-10.596
-10.474
-10.571
-10.376
-10.62
-10.669
-10.571
-10.767
-10.986
-10.962
-10.669
-10.815
-10.547
-10.718
-6.0791
-2.7588
-1.9775
-1.9775
-1.3184
-1.0986
-0.46387
-0.65918
-0.46387
-0.19531
-0.073242
0.073242
0.073242
0.097656
0.073242
0.097656
0.048828
0
0
0
0
0
0
0
0
0
0
0
0
0
0.097656
3.0273
3.7842
4.9805
5.5664
5.7861
5.8838
6.2988
6.25
6.2256
6.2744
6.3965
6.4941
6.4453
6.3232
6.4941
6.8604
6.7139
6.5918
6.1035
6.5186
6.7627
6.543
6.2744
6.4209
6.7871
6.7627
6.5674
6.3721
6.8359
5.0781
8.8379
13.281
15.967
17.188
17.993
18.408
18.872
19.238
19.36
19.336
19.8
19.849
19.995
20.093
19.897
20.166
20.044
20.288
20.044
20.581
20.386
20.264
20.459
20.288
20.728
20.288
20.459
20.337
20.337
19.897
19.067
18.994
19.312
19.067
18.872
18.506
18.481
18.359
17.944
18.14
17.92
17.676
17.896
17.578
17.554
17.773
17.334
17.285
17.383
17.09
17.358
17.261
17.114
17.236
17.334
17.09
17.383
17.139
17.017
11.89
2.417
-0.61035
-4.1748
-7.9346
-9.7412
-10.645
-11.353
-11.89
-11.768
-12.183
-12.72
-12.72
-12.891
-12.939
-13.306
-13.11
-12.793
-13.232
-13.184
-12.988
-12.744
-13.013
-13.184
-13.306
-13.086
-13.281
-13.232
-13.281
-13.184
-8.5938
-2.5391
-1.3184
-0.12207
0.46387
1.0986
1.1963
1.3916
1.0986
1.8066
1.4404
1.001
1.8311
1.4404
1.2207
1.6113
1.416
1.4404
1.3672
1.6113
1.4648
1.0986
1.8799
1.4648
0.97656
1.8555
1.416
1.1963
1.6602
1.4648
1.001
-1.0742
-2.0752
-2.71
-3.1982
-3.3203
-3.3936
-3.9063
-3.4912
-3.5889
-3.54
-4.0039
-3.54
-3.3936
-3.6377
-3.8574
-3.7842
-3.418
-3.8574
-3.8086
-4.0527
-3.5645
-3.8086
-3.6621
-4.126
-3.8086
-3.7354
-3.9795
-4.0527
-4.0771
-1.4404
2.002
6.6406
11.353
14.16
15.112
15.942
16.65
17.261
17.358
17.529
17.627
17.871
18.018
18.262
18.066
18.286
17.993
18.408
18.359
18.237
18.628
18.262
18.506
18.359
18.188
18.628
18.262
18.481
18.555
16.333
12.939
12.476
11.377
10.84
10.742
10.913
11.06
10.693
10.571
10.4
10.083
9.79
9.8389
9.668
9.6436
9.2041
9.1797
9.1553
8.9844
9.2041
8.6182
9.0332
8.5205
8.7891
8.6426
8.8135
8.4473
8.3496
8.6426
8.6426
8.4961
8.6182
8.4717
8.2031
8.0078
7.9102
7.7393
7.4707
7.2998
6.8604
6.8359
6.8359
6.6162
6.6895
6.2744
6.0791
6.3477
6.3232
6.1768
6.3721
6.1279
6.0303
5.957
6.0791
6.0547
5.9082
6.0791
5.6885
5.7861
4.126
-0.70801
-3.2715
-7.3975
-9.8877
-11.035
-11.719
-12.476
-12.305
-12.524
-12.793
-13.379
-12.964
-13.281
-13.354
-13.257
-13.354
-13.599
-13.818
-13.477
-13.696
-13.721
-13.281
-13.623
-13.477
-13.672
-13.599
-13.501
-13.647
-13.745
-11.108
-3.0029
-0.31738
0.39063
1.4893
1.4893
2.3193
2.0752
2.7588
2.2461
2.8076
2.2705
2.7344
2.417
2.4902
2.6611
2.2949
2.6855
2.1973
2.7344
2.1973
2.7588
2.2949
2.8809
2.3438
2.8564
2.3193
2.6367
2.5635
2.3438
1.7334
-0.61035
-4.2969
-6.8115
-8.5693
-9.1309
-9.8389
-10.205
-10.425
-10.62
-10.669
-10.864
-10.938
-10.962
-10.84
-11.182
-10.767
-10.889
-10.913
-11.133
-11.182
-11.157
-11.426
-11.353
-11.182
-11.108
-11.084
-11.328
-11.206
-11.133
-9.2041
-3.1006
-1.416
-0.56152
0.073242
0.29297
0.70801
0.61035
0.43945
0.56152
0.90332
0.92773
0.5127
0.85449
0.61035
0.46387
0.75684
0.92773
0.83008
0.61035
0.83008
0.48828
0.5127
0.97656
0.95215
0.56152
0.87891
0.61035
0.48828
0.80566
0.73242
-0.31738
-1.3184
-1.709
-1.3184
-1.6357
-2.1973
-1.2939
-1.7822
-1.9775
-1.709
-1.8799
-1.5625
-1.7334
-2.2461
-1.4404
-1.9287
-1.8066
-1.709
-2.0996
-1.3672
-1.8799
-2.0264
-1.6846
-1.9775
-1.4893
-1.8066
-2.2217
-1.6602
-2.0264
-1.2451
2.0264
5.6885
10.107
13.403
14.478
15.405
15.918
16.162
16.284
16.602
16.699
16.919
17.236
17.065
17.065
17.261
17.139
17.285
17.383
17.017
17.578
17.334
17.48
17.529
17.358
17.432
17.578
17.334
17.456
16.333
11.694
10.669
9.8633
9.1797
8.4961
8.6182
9.0332
9.0332
8.7646
8.3496
8.2031
8.1299
7.9346
7.8857
7.5684
7.0801
7.0801
6.8115
7.0313
6.665
6.7627
6.8604
6.5186
6.5186
6.1523
6.8848
6.5674
6.6895
6.3232
5.6885
-0.43945
-4.6387
-9.668
-14.722
-17.456
-18.335
-18.97
-19.8
-20.093
-20.166
-20.728
-20.654
-21.069
-21.24
-21.338
-21.436
-21.606
-21.533
-21.875
-21.875
-21.899
-21.924
-21.509
-22.021
-21.704
-21.997
-21.826
-21.802
-21.948
-20.557
-10.571
-2.6611
0
1.6113
3.54
4.0771
5.2246
5.5664
5.3955
5.3711
5.6396
5.9326
5.9326
5.6396
5.7617
5.7129
5.6641
5.8838
5.9814
6.0547
5.7861
6.0791
5.8838
5.6885
5.9814
6.1279
6.1279
5.9326
6.0791
5.2734
0.21973
-2.0264
-6.2988
-9.9121
-10.962
-11.694
-12.598
-12.817
-12.671
-13.062
-13.55
-13.477
-13.818
-13.989
-13.94
-14.087
-14.136
-13.916
-13.94
-14.014
-13.989
-14.209
-13.94
-14.502
-14.331
-14.16
-14.258
-14.307
-14.209
-13.623
-12.329
-16.431
-18.408
-19.019
-20.044
-20.459
-20.752
-21.167
-21.118
-21.362
-21.704
-21.948
-21.777
-22.046
-22.314
-22.339
-22.021
-22.412
-22.192
-22.314
-22.559
-22.437
-22.046
-22.485
-22.241
-22.437
-22.632
-22.705
-22.485
-22.07
-16.04
-13.794
-12.695
-12.28
-11.255
-11.108
-11.304
-11.353
-11.328
-11.182
-10.938
-10.571
-10.425
-10.327
-10.205
-9.8389
-9.6191
-9.6924
-9.5459
-9.6436
-9.6191
-9.6191
-9.5947
-9.3262
-9.5459
-9.5703
-9.082
-9.1797
-9.082
-9.1064
-9.0332
-9.5215
-9.3994
-10.156
-10.522
-10.254
-11.084
-11.206
-11.23
-11.133
-11.133
-11.108
-11.011
-11.133
-10.889
-11.133
-10.986
-11.133
-11.157
-11.45
-11.646
-11.377
-11.157
-11.279
-11.23
-11.23
-11.23
-11.011
-11.108
-11.108
-10.327
-11.572
-12.891
-13.11
-13.501
-13.867
-13.965
-14.16
-14.307
-14.453
-14.331
-14.282
-14.648
-14.624
-14.771
-14.624
-14.746
-14.551
-14.746
-14.771
-14.722
-14.697
-14.771
-14.746
-14.624
-14.893
-14.673
-14.673
-14.771
-14.673
-6.2988
-2.0264
-1.0254
0.14648
0.95215
0.83008
1.2695
1.4893
1.4404
1.0986
1.8311
1.4648
1.0254
1.8066
1.416
1.1963
1.6113
1.3916
1.4648
1.3428
1.6602
1.4893
1.0742
1.8799
1.4404
0.97656
1.7578
1.416
1.5381
1.9287
1.9775
2.8809
2.5391
2.832
2.9785
2.4414
3.3691
2.7832
2.7588
2.9785
2.7588
3.3447
2.9785
2.4902
3.2471
2.8076
2.9053
3.0029
2.5635
3.3203
2.8076
2.6611
2.9541
2.7832
3.1738
3.0518
2.4414
3.2227
2.8564
0.21973
-2.0752
-6.4453
-8.8867
-10.425
-11.011
-11.572
-12.354
-12.231
-12.231
-12.598
-12.988
-12.988
-12.866
-13.11
-13.086
-13.013
-13.354
-13.208
-13.232
-13.159
-13.159
-13.232
-13.062
-13.086
-13.232
-13.232
-13.013
-13.159
-13.379
-10.693
-9.9365
-9.5459
-9.0088
-9.1309
-9.5459
-9.3994
-9.1064
-8.8867
-8.7158
-8.3496
-8.2275
-7.8613
-7.9102
-7.8857
-7.3975
-7.5928
-7.4707
-7.2266
-7.4707
-7.6416
-7.4951
-7.251
-7.5439
-7.3242
-7.251
-7.3975
-7.3486
-6.9824
-7.2266
-2.0508
0.92773
2.7588
5.127
5.8838
6.7871
7.0801
7.4219
7.0557
7.7393
7.5439
7.959
7.8125
7.9346
8.0078
7.9102
8.1543
7.7637
8.1055
7.7637
8.1543
7.9834
8.3984
8.252
8.1787
8.2764
7.9346
8.3252
7.959
8.4473
7.4463
8.8135
8.7891
9.0332
9.4482
9.3994
9.7412
9.5703
10.059
10.083
10.01
10.156
10.327
10.303
10.083
10.327
10.474
10.352
10.107
10.205
10.083
10.278
10.278
10.059
10.352
10.547
10.352
10.278
10.278
10.107
4.9072
0.1709
-1.2695
-3.7598
-5.1514
-6.2256
-6.3965
-6.6162
-7.0557
-7.0557
-7.1289
-7.3242
-7.0557
-7.2998
-7.3975
-6.9336
-7.7148
-7.5928
-7.3242
-7.6172
-7.5684
-7.7881
-7.8857
-7.7881
-8.1787
-7.7148
-7.9102
-7.8125
-7.4951
-7.7393
-2.8076
0.26855
2.2705
4.1748
5.127
5.835
6.1035
6.6162
6.6162
6.6162
6.4697
7.0801
7.2754
6.6895
7.2266
7.0068
6.8115
7.1533
7.0068
7.1289
6.8848
7.2021
7.3486
7.1289
7.4951
7.2021
6.9092
7.2998
7.2998
7.0557
5.7373
9.4971
12.964
14.526
15.308
15.576
16.333
16.772
16.724
17.139
17.383
17.261
17.773
17.603
17.676
17.798
17.725
17.944
17.871
17.798
18.164
17.749
17.871
17.969
17.676
18.018
17.92
17.871
18.066
17.871
11.914
2.3438
-1.2207
-3.3936
-7.4951
-8.8623
-10.083
-10.498
-11.011
-11.255
-11.304
-11.523
-11.67
-11.743
-11.841
-11.914
-11.963
-12.134
-12.158
-12.109
-12.305
-12.109
-12.378
-12.109
-12.061
-12.012
-12.207
-12.207
-12.231
-12.061
-6.5674
-0.19531
1.5625
5.1514
6.7871
8.252
8.8623
9.1797
9.6436
9.8877
9.8877
10.327
10.229
10.254
10.718
10.669
10.571
10.718
10.596
10.425
10.645
10.791
10.571
10.425
10.547
10.718
10.571
10.791
10.669
10.864
8.8135
7.0557
6.7871
5.6396
5.8838
6.0791
6.2256
5.9082
5.6641
5.3955
5.3223
5.1514
4.9561
4.6631
4.541
4.126
4.3213
4.1016
3.8818
3.6865
3.6133
4.1504
3.5645
3.8086
3.4424
3.9307
3.833
3.8086
3.4912
3.833
3.1738
6.1035
10.864
13.574
14.209
15.503
16.04
16.113
16.284
16.528
16.821
17.212
17.017
17.139
17.236
17.188
17.31
17.529
17.334
17.505
17.31
17.456
17.505
17.31
17.432
17.529
17.285
17.529
17.603
17.432
12.109
2.417
-2.7832
-6.6406
-11.694
-15.161
-16.992
-17.603
-18.311
-18.726
-18.75
-19.092
-19.336
-20.093
-19.653
-20.044
-19.995
-20.02
-20.313
-20.068
-20.361
-20.215
-20.166
-20.532
-20.483
-20.459
-20.41
-20.435
-20.386
-20.508
-16.357
-10.498
-7.4463
-6.2012
-6.25
-5.6641
-5.1758
-5.3223
-5.6641
-5.4688
-5.2979
-5.0781
-4.834
-4.5654
-4.4922
-4.1504
-3.9307
-3.7598
-4.0039
-3.418
-3.54
-3.8818
-3.6621
-3.3447
-3.4668
-3.7354
-3.0273
-3.1982
-3.8818
-2.9297
-4.126
-4.0527
-3.8818
-3.6133
-3.4424
-3.0762
-2.9541
-2.2217
-2.5635
-2.1484
-2.1729
-2.2705
-1.9287
-2.4414
-1.8799
-2.3926
-1.709
-2.2461
-1.8066
-2.2461
-2.0752
-2.002
-2.4414
-2.0264
-2.5391
-1.9531
-2.4414
-1.8066
-2.3682
-1.8311
-2.2949
-1.6357
-1.3672
-1.0254
-1.2451
-1.0986
-0.90332
-0.70801
-0.63477
-0.46387
-0.19531
-0.097656
-0.097656
-0.097656
-0.097656
-0.048828
0
0
0
0
0
0
0
0
0
0
0
0
0
0
-0.39063
-2.1973
-7.0068
-10.718
-12.158
-12.866
-13.916
-14.014
-14.6
-14.307
-14.893
-14.868
-15.234
-15.43
-15.405
-15.625
-15.601
-15.356
-15.747
-15.356
-15.43
-15.503
-15.576
-15.601
-15.698
-15.698
-15.576
-15.723
-15.747
-15.527
-12.549
-3.4424
-0.12207
1.9775
4.3457
5.249
5.835
6.7871
6.8359
6.7383
7.373
7.2266
7.1045
7.373
7.0801
7.6904
7.7637
7.3242
7.8857
7.6904
7.7637
7.8613
7.6416
7.7881
7.5928
7.5195
7.6172
7.3975
7.8857
7.7148
7.4951
5.0293
2.71
1.2207
0.58594
0.1709
0.024414
-0.048828
-0.12207
-0.12207
-0.097656
-0.048828
0
0.024414
0.024414
0
0
-0.024414
0
0
0
0
0
0
0
0
0
0
0
0
-0.024414
-2.417
-6.7383
-11.182
-13.403
-14.063
-15.088
-15.332
-15.405
-16.211
-16.431
-16.357
-16.797
-16.626
-16.675
-17.041
-16.772
-16.992
-16.919
-16.943
-17.09
-17.188
-17.017
-17.114
-17.065
-17.114
-17.163
-17.236
-17.163
-17.236
-15.332
-9.2773
-7.251
-5.9814
-5.835
-5.4199
-5.2246
-5.5908
-5.6152
-5.4443
-5.1514
-4.9805
-4.834
-4.541
-4.2725
-4.0527
-3.8086
-4.126
-3.3203
-3.5645
-3.9063
-3.4912
-3.5889
-3.7109
-3.8818
-3.2959
-3.2471
-3.8818
-3.0273
-3.2959
-3.6865
-3.7354
-3.833
-3.6377
-3.3936
-3.2471
-2.8809
-2.8076
-2.2217
-2.4414
-1.8555
-1.8066
-2.1973
-1.3428
-1.8555
-1.9043
-1.6846
-1.9043
-1.4893
-1.6846
-2.2217
-1.4648
-1.8311
-1.8311
-1.7334
-2.1484
-1.3428
-1.9043
-2.0752
-1.6846
-1.8799
-1.5381
-2.0508
-2.2217
-1.9043
-2.4414
-1.9043
-2.5391
-1.8555
-2.4658
-1.8555
-2.417
-1.9531
-2.5391
-2.124
-2.5146
-2.2949
-2.3193
-2.417
-2.1729
-2.4902
-2.0996
-2.4902
-1.9531
-2.4902
-1.9043
-2.417
-1.8799
-2.3193
-1.9287
-1.9043
1.6602
5.2734
9.9854
12.866
14.111
15.137
15.161
15.747
15.869
16.26
16.382
16.479
16.553
16.919
16.626
16.87
16.992
16.943
16.968
16.943
17.065
17.139
16.992
16.943
17.114
17.114
17.041
17.212
16.846
16.016
5.249
-0.53711
-3.5156
-8.0811
-11.89
-13.33
-13.745
-14.673
-14.99
-15.43
-15.43
-16.04
-16.235
-16.138
-16.431
-16.357
-16.455
-16.455
-16.528
-16.528
-16.602
-16.65
-16.724
-16.821
-16.479
-16.675
-16.675
-16.675
-16.553
-16.064
-7.4707
-2.9297
-1.2939
-0.92773
-0.19531
0.24414
0.36621
0.39063
0.39063
0.24414
0.29297
0.5127
0.48828
0.29297
0.24414
0.21973
0.24414
0.48828
0.5127
0.5127
0.5127
0.29297
0.26855
0.46387
0.48828
0.26855
0.26855
0.24414
0.29297
0.53711
0.5127
0.75684
0.5127
0.80566
0.68359
0.48828
0.65918
0.95215
0.87891
0.58594
0.90332
0.48828
0.5127
0.97656
0.97656
0.56152
0.87891
0.61035
0.46387
0.73242
0.97656
0.80566
0.58594
0.85449
0.48828
0.46387
0.90332
0.95215
0.58594
0.68359
1.0986
4.1504
6.2256
6.8604
7.8857
7.8125
8.3496
8.3496
8.96
8.3252
8.7891
8.8379
9.1064
9.3994
9.0576
9.1309
9.3506
9.0332
9.0576
9.4482
9.1797
9.2285
9.1064
9.0088
9.0576
9.0576
9.4727
9.3018
9.3506
9.0088
7.251
12.036
14.795
15.869
16.528
17.236
17.7
17.798
17.969
18.359
18.14
18.457
18.555
18.677
18.799
18.604
18.774
18.774
18.97
18.945
18.774
19.165
19.019
19.019
19.019
18.872
19.189
18.97
18.994
18.945
12.012
8.7158
6.8359
5.7861
5.4443
4.8828
5.0049
5.4443
5.1758
4.9805
4.7607
4.5898
4.3457
3.9063
3.9795
3.6377
3.0029
3.6133
2.9297
2.6367
3.2227
2.8809
2.9541
3.0029
2.6855
3.2959
2.832
2.6123
3.0029
2.7588
2.5146
2.1484
1.3428
1.2451
1.2207
1.1475
0.97656
0.83008
0.70801
0.46387
0.29297
0.21973
0.097656
0.073242
0.12207
0.097656
0.14648
0.097656
0.073242
0.024414
0.048828
0.024414
0.073242
0.048828
0.097656
0.097656
0.073242
0.048828
0
1.5381
5.9326
11.133
14.575
16.26
16.992
17.603
18.237
18.286
19.092
19.067
19.238
19.434
19.238
19.531
19.482
19.409
19.824
19.678
19.775
19.751
19.849
19.556
19.678
19.995
19.751
19.922
19.946
19.946
20.288
19.775
19.946
19.702
19.995
20.117
19.751
20.044
19.922
20.02
19.971
19.8
19.995
19.702
20.044
19.8
20.166
20.093
19.849
20.044
19.824
20.166
19.971
19.849
20.19
19.897
20.117
19.58
20.117
20.02
19.873
13.208
6.8604
4.0771
3.1982
2.417
1.7334
1.001
1.4648
1.3428
1.123
0.95215
0.75684
0.53711
0.31738
0.1709
0.1709
0.12207
0.073242
0.024414
0.048828
0.024414
0.048828
0.048828
0.097656
0.097656
0.12207
0.097656
0.048828
0.048828
0.024414
-0.12207
-2.417
-3.7354
-4.3945
-4.7363
-5.0049
-5.0049
-5.1025
-5.1758
-5.1514
-5.1514
-5.1025
-5.4932
-5.4199
-5.3955
-5.4443
-5.4932
-5.5908
-5.5908
-5.5908
-5.7861
-5.8105
-5.9326
-5.6396
-5.6152
-5.5176
-5.4199
-5.4443
-5.4199
-5.3955
-5.4199
-6.9336
-8.4717
-9.2773
-9.8877
-10.205
-10.352
-10.205
-10.815
-10.791
-11.011
-11.182
-11.084
-11.23
-11.108
-11.23
-10.864
-10.913
-11.133
-10.864
-11.084
-11.279
-11.108
-11.206
-11.475
-11.328
-11.255
-11.206
-11.035
-11.304
-10.449
-12.329
-13.232
-14.282
-14.844
-15.308
-15.479
-15.625
-15.845
-16.284
-16.187
-16.089
-16.577
-16.284
-16.357
-16.504
-16.553
-16.455
-16.577
-16.309
-16.504
-16.504
-16.309
-16.602
-16.675
-16.699
-16.675
-16.553
-16.553
-16.772
-15.82
-15.283
-15.112
-15.479
-15.161
-14.99
-14.917
-14.551
-14.404
-14.282
-14.014
-13.818
-13.94
-13.818
-13.696
-13.501
-13.672
-13.55
-13.574
-13.501
-13.647
-13.306
-13.452
-13.232
-13.232
-13.306
-13.232
-13.135
-13.208
-13.354
-12.866
-13.062
-13.818
-14.087
-14.575
-14.282
-15.015
-15.234
-15.332
-15.283
-15.552
-15.625
-15.649
-15.649
-15.625
-15.576
-15.82
-15.649
-15.674
-15.723
-15.796
-15.723
-15.796
-15.747
-15.601
-15.771
-15.649
-15.674
-15.674
-15.771
-10.303
-2.5391
-0.36621
1.3428
2.4414
2.7832
3.6377
3.4912
4.0039
4.1992
3.8818
4.1016
3.8818
3.7598
4.1748
4.3213
3.9795
4.1748
4.0771
3.833
4.126
4.3213
4.1748
4.0283
4.1992
3.9795
3.9551
4.2236
4.2236
4.0283
1.6846
-2.124
-7.0068
-12.061
-14.453
-15.601
-16.113
-17.065
-17.407
-17.773
-17.92
-18.066
-18.555
-18.481
-18.579
-18.799
-18.701
-19.019
-18.921
-18.97
-19.067
-18.872
-18.97
-18.872
-18.97
-19.238
-19.019
-19.043
-19.019
-19.019
-14.966
-8.3008
-5.6152
-4.3701
-4.0283
-3.8818
-3.6133
-3.6377
-3.8818
-3.6377
-3.4668
-3.2471
-3.1494
-3.0029
-2.8564
-2.7344
-2.3926
-2.6367
-1.8555
-2.3193
-1.9043
-1.8799
-2.3438
-1.4893
-1.9531
-1.8799
-1.7578
-2.1484
-1.416
-2.002
-1.5869
-3.0762
-6.3232
-7.959
-9.1309
-8.7646
-9.6436
-9.3994
-10.205
-10.352
-10.205
-10.425
-10.449
-10.693
-10.889
-10.62
-10.693
-10.693
-10.669
-10.498
-10.962
-10.767
-10.571
-10.352
-10.791
-10.596
-10.742
-10.84
-10.718
-10.669
-7.4951
-2.4658
-1.8066
-0.97656
-0.5127
-0.048828
0.12207
0.21973
0.19531
0.21973
0.1709
0.097656
0.024414
0.024414
0.024414
0.024414
0.024414
0.073242
0.024414
0.048828
0.024414
0.048828
0
0
0
0
0
0
0
0
0.65918
3.6621
8.5693
13.062
14.868
15.747
16.748
17.334
17.7
17.822
18.286
18.14
18.433
18.506
18.481
18.872
18.579
18.896
18.994
18.823
19.019
18.774
18.701
18.945
18.872
18.994
18.896
18.774
19.287
18.823
18.774
18.286
18.091
18.311
18.042
17.7
17.725
17.261
17.163
17.188
16.797
16.821
16.919
16.553
16.699
16.675
16.333
16.528
16.431
16.284
16.26
16.431
16.162
16.309
16.357
15.991
16.284
16.284
16.235
16.235
12.964
3.2227
-0.3418
-3.1494
-6.3965
-8.4473
-9.6191
-9.9121
-10.449
-10.645
-10.815
-11.011
-11.011
-11.377
-11.353
-11.157
-11.523
-11.621
-11.426
-11.597
-11.743
-11.963
-11.719
-11.743
-11.694
-11.914
-11.719
-11.499
-11.67
-11.597
-8.8379
-1.8311
0.24414
1.4648
3.0273
3.4912
4.0039
4.1992
4.1748
4.4922
4.5166
4.5898
4.541
4.4189
4.4678
4.6143
4.6143
4.3945
4.3945
4.3457
4.4189
4.7607
4.7119
4.6875
4.7119
4.5654
4.6387
4.7852
4.9072
4.834
3.9307
3.125
2.3193
1.8311
1.9775
2.002
1.7578
1.5869
1.3916
1.1963
1.001
0.63477
0.39063
0.31738
0.48828
0.58594
0.56152
0.56152
0.29297
0.31738
0.48828
0.46387
0.26855
0.26855
0.26855
0.39063
0.53711
0.5127
0.48828
0.43945
0.36621
2.1973
6.4209
9.3018
10.327
10.938
11.06
11.841
12.598
12.524
12.573
12.793
13.062
12.866
12.964
13.135
12.72
13.013
13.306
13.257
13.037
12.988
13.159
13.135
13.184
13.184
13.379
13.379
13.159
13.208
12.5
12.964
14.697
15.723
16.65
17.188
17.334
17.432
17.7
17.847
17.896
17.969
17.993
18.481
18.286
18.384
18.433
18.14
18.359
18.481
18.286
18.628
18.359
18.457
18.555
18.359
18.555
18.359
18.628
18.53
17.773
16.284
15.698
15.039
15.283
15.479
15.161
14.966
14.844
14.478
14.355
14.404
14.063
13.989
13.843
13.794
13.525
13.477
13.721
13.281
13.403
13.208
13.623
13.379
13.428
13.477
13.354
12.964
13.354
13.525
12.476
12.549
15.576
16.821
17.383
18.359
18.481
18.628
19.043
18.823
19.482
19.312
19.385
19.409
19.556
19.922
19.531
19.824
19.727
19.653
19.702
19.751
20.093
19.629
20.166
19.8
19.727
20.166
20.044
20.093
20.093
20.435
20.337
19.897
19.897
19.678
19.775
19.727
19.336
19.629
19.263
19.36
19.385
19.019
19.434
19.238
19.165
19.482
18.921
19.238
19.067
18.848
19.116
19.019
19.092
19.092
18.97
19.092
18.848
19.043
17.822
6.8115
0.68359
-1.4893
-5.6641
-9.2529
-10.01
-11.157
-11.45
-11.572
-12.183
-12.231
-12.427
-12.793
-12.915
-13.062
-13.11
-13.184
-13.135
-12.842
-13.11
-13.184
-13.11
-12.866
-13.33
-12.988
-13.11
-13.257
-13.403
-13.208
-12.5
-7.8369
-6.0791
-5.835
-5.2002
-4.6631
-4.9805
-5.2734
-5.0537
-4.8096
-4.5898
-4.4678
-4.1016
-3.7354
-3.9063
-3.2959
-2.8809
-3.5156
-2.5391
-3.0029
-3.0518
-2.8564
-3.1738
-2.832
-2.8809
-3.6133
-2.8076
-3.0029
-3.2715
-2.8076
-2.7832
-2.7588
-7.3486
-9.0332
-10.449
-10.889
-11.768
-11.938
-11.914
-12.256
-12.817
-12.769
-13.11
-13.135
-12.964
-13.135
-13.062
-13.135
-13.135
-12.891
-13.159
-13.281
-13.135
-12.939
-13.379
-13.306
-13.306
-13.354
-13.159
-13.33
-12.988
-10.01
-9.4971
-8.9355
-8.5693
-8.8867
-9.1309
-8.96
-8.667
-8.5449
-8.2764
-8.1543
-7.9834
-7.7881
-7.5928
-7.3242
-6.958
-7.0068
-7.0068
-6.9336
-6.3477
-6.5918
-6.4941
-6.5674
-6.3477
-6.3232
-6.6895
-6.665
-6.7383
-6.5674
-6.7139
-6.4453
-6.958
-7.5928
-7.959
-7.5928
-8.0811
-8.0078
-8.1787
-8.2275
-8.0811
-8.5205
-8.3984
-8.8379
-8.5205
-8.8623
-8.3496
-8.8135
-8.8379
-8.9355
-8.667
-8.7891
-8.7646
-8.6426
-8.6426
-8.6426
-8.7891
-8.4229
-8.7891
-8.4473
-8.4961
-2.4658
-1.3184
-0.43945
0.073242
0.31738
0.43945
0.90332
0.87891
0.58594
0.83008
0.65918
0.48828
0.75684
0.97656
0.78125
0.70801
0.83008
0.5127
0.65918
1.001
0.92773
0.61035
0.90332
0.5127
0.61035
1.0254
0.95215
0.56152
0.97656
0.5127
-0.73242
-3.9795
-8.0322
-10.327
-11.377
-12.524
-12.5
-12.866
-13.159
-13.403
-13.599
-13.989
-13.989
-13.843
-14.111
-14.087
-13.989
-14.258
-14.331
-14.111
-14.258
-14.355
-14.258
-14.16
-14.111
-14.209
-14.282
-14.282
-14.38
-14.209
-5.6641
-0.85449
0.12207
2.3926
2.9297
3.4912
4.4189
4.4678
4.3945
4.3701
4.5654
4.541
4.5166
4.4678
4.4189
4.3701
4.4189
4.6631
4.541
4.6875
4.5654
4.2969
4.5654
4.541
4.541
4.5166
4.4678
4.4678
4.4189
3.9795
7.5195
9.7168
10.62
11.768
12.378
12.476
12.793
12.598
13.062
13.159
13.33
13.11
13.525
13.623
13.208
13.721
13.818
13.696
13.721
13.94
13.672
13.647
13.916
13.696
13.647
13.745
13.818
13.696
13.721
12.964
14.648
15.918
16.748
17.529
17.48
17.896
17.822
18.335
18.677
18.408
18.701
18.604
18.848
18.896
18.628
18.97
18.848
18.799
19.043
18.823
18.921
18.896
18.945
19.116
18.774
19.092
19.092
18.921
18.97
14.355
11.499
10.669
9.9609
8.8379
8.5449
9.0088
9.1064
8.8379
8.5938
8.3008
8.1055
8.1055
7.8857
7.5439
7.373
7.2998
6.958
7.0557
6.9092
6.9824
6.665
6.7627
6.8848
6.7627
6.6895
6.8115
6.8848
6.7383
6.6406
5.8838
5.7129
6.1035
6.2988
6.0303
5.7129
5.5664
5.3955
5.1758
5.0049
4.8584
4.3701
4.248
4.2725
3.9063
3.833
3.4424
3.8574
4.0283
3.7598
3.5645
3.6377
4.0039
3.6377
3.7598
3.5156
4.248
3.7354
3.8574
3.3447
3.9551
7.0068
12.305
15.479
16.919
17.7
18.359
18.921
19.189
19.336
19.653
19.946
19.653
19.995
20.093
19.8
20.02
20.044
20.313
20.166
20.093
20.142
20.093
20.313
20.288
20.337
20.361
20.068
20.459
20.02
18.408
17.407
16.113
15.918
15.82
15.649
15.869
15.552
15.186
15.112
14.868
14.551
14.575
14.6
14.233
14.282
14.185
14.063
13.721
13.916
13.916
13.77
13.672
13.721
13.696
13.721
13.745
13.794
13.721
13.55
8.7646
2.7588
1.4648
0.29297
-0.29297
-0.58594
-0.97656
-1.001
-1.3672
-0.73242
-1.0986
-0.90332
-1.4648
-1.001
-0.83008
-1.123
-1.2695
-1.2207
-0.73242
-1.2451
-1.001
-1.416
-0.78125
-1.0254
-0.90332
-1.416
-1.0254
-0.73242
-1.1719
-1.0986
-1.123
-2.0996
-2.5635
-3.4912
-3.0029
-3.54
-3.7842
-3.7109
-3.3936
-3.6865
-3.8574
-3.9307
-3.4424
-3.6865
-3.7842
-4.3457
-4.0771
-3.8086
-3.7109
-4.0283
-4.0039
-3.4668
-3.7598
-3.5889
-4.0771
-3.4424
-3.5645
-3.5645
-4.0771
-3.5645
-3.6377
-4.248
-5.0293
-5.6641
-6.0303
-5.835
-6.1523
-6.1279
-6.3477
-6.3965
-6.1523
-6.7383
-6.7139
-6.8848
-6.543
-6.8848
-6.7139
-6.8115
-6.665
-6.543
-6.6162
-6.4453
-6.2744
-6.0547
-6.4697
-6.3477
-6.5674
-6.1279
-6.0059
-6.3965
-3.0029
1.2939
5.1025
9.9365
12.427
13.428
14.478
14.941
15.259
15.527
15.674
15.942
16.211
16.333
16.138
16.016
16.455
16.284
16.284
16.479
16.553
16.333
16.65
16.211
16.455
16.455
16.333
16.309
16.504
16.431
16.846
17.017
16.504
16.406
16.382
16.064
15.894
15.845
15.479
15.576
15.698
15.381
15.405
15.503
15.21
15.186
15.381
15.356
15.039
15.186
15.234
15.137
15.112
15.308
14.966
15.112
14.99
14.99
15.063
15.039
11.401
4.3457
2.2705
0.75684
0.073242
-0.26855
-0.39063
-0.43945
-0.87891
-0.56152
-0.90332
-1.0254
-0.61035
-0.5127
-0.85449
-0.65918
-0.90332
-1.001
-0.70801
-0.5127
-0.87891
-0.65918
-0.87891
-1.0498
-0.65918
-0.5127
-0.85449
-0.68359
-0.83008
-1.001
-0.73242
-2.6123
-6.25
-7.7637
-8.96
-9.2529
-10.156
-10.107
-10.132
-10.645
-10.596
-11.108
-10.889
-10.962
-11.23
-11.548
-11.328
-11.206
-11.157
-11.255
-11.279
-11.182
-11.206
-11.279
-11.157
-11.108
-10.962
-11.133
-11.328
-11.45
-11.475
-11.646
-11.719
-11.255
-11.157
-11.206
-11.133
-10.962
-10.815
-10.864
-10.889
-11.182
-11.06
-11.084
-10.938
-11.011
-10.84
-10.938
-11.035
-10.767
-10.449
-10.913
-10.791
-10.693
-10.84
-10.718
-10.571
-10.767
-10.986
-10.718
-9.9365
-8.7891
-8.7891
-8.9111
-8.96
-8.8867
-8.6182
-8.3984
-8.2764
-7.9834
-7.7393
-7.7148
-7.3975
-7.2754
-7.4219
-7.373
-6.958
-7.1289
-7.0313
-7.1289
-6.665
-6.6895
-6.5186
-6.7139
-6.3721
-6.2256
-6.5674
-6.4697
-6.5186
-6.0303
-6.2744
-6.9824
-7.7637
-8.6914
-8.667
-9.2529
-9.3506
-10.059
-10.01
-9.668
-9.9365
-10.229
-10.107
-9.9365
-9.8389
-10.181
-10.229
-10.083
-10.059
-10.132
-10.547
-10.059
-10.425
-10.474
-10.327
-10.156
-10.205
-10.107
-10.278
-10.303
-9.6924
-8.3496
-7.5195
-7.8369
-8.0811
-8.1787
-7.9102
-7.7393
-7.5439
-7.3486
-7.251
-7.0557
-6.7139
-6.4453
-6.2744
-6.1523
-5.9814
-5.835
-5.5908
-5.7617
-5.5908
-5.5176
-5.3955
-5.3711
-5.2734
-5.3711
-5.4443
-5.6152
-5.7129
-5.6641
-5.6396
-5.9082
-6.3965
-7.0801
-7.3486
-6.9336
-7.666
-7.5195
-7.666
-8.0566
-7.8125
-8.0811
-7.5439
-8.1055
-7.7881
-8.2031
-8.0322
-8.1543
-8.1055
-8.3496
-8.5693
-8.3984
-8.3984
-8.2275
-8.3984
-8.1055
-8.4961
-8.0078
-8.2031
-8.0078
-7.1533
-8.4473
-10.425
-11.304
-12.451
-12.476
-13.062
-13.501
-13.721
-13.623
-13.721
-13.843
-14.038
-14.063
-13.892
-14.258
-14.136
-13.916
-14.404
-14.331
-14.233
-14.453
-14.111
-14.258
-14.258
-14.331
-14.355
-14.014
-14.453
-14.453
-12.036
-1.2695
2.9541
6.958
11.792
15.088
15.845
16.968
17.603
18.066
18.188
18.359
18.628
18.823
18.848
19.214
19.043
19.165
19.141
19.019
19.36
18.994
19.336
19.287
19.287
19.385
18.97
19.409
19.263
19.263
19.336
18.652
19.531
19.385
19.116
19.678
19.751
20.068
19.849
20.19
19.922
20.459
20.337
19.995
20.386
20.288
20.215
20.361
20.361
20.41
20.239
20.239
20.337
20.435
20.337
20.142
20.581
20.215
20.337
20.117
18.823
9.375
4.4678
1.2939
0.83008
-0.31738
-1.001
-0.83008
-0.65918
-1.2207
-1.0254
-1.3916
-0.73242
-1.1719
-0.90332
-1.4648
-0.90332
-1.001
-1.001
-1.3916
-1.123
-0.78125
-1.2207
-1.2451
-1.2939
-0.70801
-1.2451
-1.001
-1.416
-0.80566
-0.78125
-1.6357
-3.6621
-4.1504
-4.834
-5.3955
-5.5176
-5.4932
-5.4688
-5.7129
-5.6641
-5.7861
-6.25
-6.0547
-5.9326
-5.7617
-6.1523
-5.9814
-6.1768
-6.4697
-6.3721
-6.3721
-6.2744
-6.2988
-6.2256
-6.25
-6.25
-5.8105
-5.8105
-6.0791
-4.9805
-0.61035
0.63477
1.7822
3.1738
3.1494
3.9063
3.5645
4.0039
4.1992
3.8818
4.1504
3.9551
3.7842
4.0527
4.2969
4.1504
3.9795
4.1748
3.9307
4.0771
4.4434
4.3457
3.9063
4.2236
3.9307
3.7842
4.1016
4.3701
3.9795
3.6621
1.123
0.14648
-1.1475
-0.92773
-1.4648
-1.6846
-1.6846
-1.6602
-2.0752
-1.3428
-1.8799
-2.0996
-1.6602
-1.9287
-1.6113
-1.7578
-2.2461
-1.4404
-1.9775
-1.8066
-1.7822
-2.2217
-1.3672
-1.9287
-1.9775
-1.7578
-2.124
-1.4648
-2.002
-2.2461
-2.4414
-2.2949
-2.1729
-2.0508
-1.9775
-1.5869
-1.4648
-1.5137
-1.5869
-0.80566
-1.2451
-1.0498
-1.4648
-0.80566
-1.1475
-0.95215
-1.4404
-0.95215
-0.97656
-0.97656
-1.3672
-1.123
-0.75684
-1.1963
-1.1719
-1.3428
-0.70801
-1.2207
-0.92773
-1.2695
-2.9297
-6.8604
-12.695
-16.211
-17.432
-18.433
-19.067
-19.507
-19.775
-19.971
-20.337
-20.923
-20.654
-21.094
-20.947
-21.313
-21.045
-21.118
-21.094
-21.191
-21.24
-21.411
-21.436
-21.338
-21.606
-21.631
-21.265
-21.338
-21.436
-21.167
-13.306
-11.157
-9.7412
-9.082
-7.9102
-7.9346
-7.5195
-8.252
-8.0078
-7.666
-7.4707
-7.2754
-7.0313
-6.7871
-6.665
-6.543
-6.4941
-6.2988
-6.3721
-6.3477
-6.0547
-5.9814
-5.9326
-5.6641
-5.9082
-5.5908
-5.5664
-5.5664
-5.542
-5.3955
-4.126
-9.1064
-12.817
-14.478
-15.088
-16.04
-16.455
-16.357
-16.577
-16.821
-17.114
-17.358
-17.31
-17.456
-17.554
-17.676
-17.871
-17.676
-17.651
-17.798
-17.676
-17.993
-17.944
-17.822
-18.018
-17.969
-17.993
-18.066
-17.896
-17.944
-9.4727
-3.3447
-1.1963
-0.073242
0.63477
1.416
1.5625
1.3184
2.0264
1.6602
1.7578
1.8799
1.5137
2.2705
1.7334
1.5137
1.9287
1.709
2.0508
1.9287
1.3916
2.1484
1.7334
1.9287
1.9287
1.4404
2.1973
1.7822
1.8066
1.9775
2.2217
5.7861
10.083
12.207
12.891
13.647
14.233
14.868
14.575
14.844
15.259
15.112
15.356
15.356
15.381
15.308
15.552
15.552
15.43
15.674
15.576
15.259
15.674
15.649
15.454
15.674
15.43
15.576
15.771
14.16
13.184
12.5
12.573
13.086
12.72
12.622
12.451
12.134
11.914
11.914
11.743
11.499
11.377
11.182
11.206
11.23
11.011
10.84
10.913
10.815
10.889
10.742
10.864
10.986
11.011
10.913
10.767
10.791
10.547
4.3701
0.073242
-1.416
-4.0527
-5.2979
-6.3232
-6.3477
-6.6895
-6.9824
-6.6162
-7.4219
-7.7637
-7.2266
-7.9346
-7.8369
-7.8125
-8.0811
-7.5195
-7.7637
-7.7393
-7.3486
-7.8369
-7.4219
-7.5195
-7.7148
-7.2266
-7.5928
-7.5439
-7.5684
-7.8857
-2.3438
-0.073242
2.2461
3.4912
4.4434
5.0781
5.4688
5.8594
5.3711
6.0303
5.5664
5.8105
5.7861
6.25
6.1768
6.1768
6.0791
5.9814
5.957
6.2744
6.1768
6.3232
6.2012
6.25
6.2256
6.3721
6.4697
6.0547
6.0303
5.9082
1.9043
-0.56152
-2.9541
-4.7607
-5.542
-6.3965
-7.0313
-6.665
-7.1533
-7.4707
-7.4707
-7.7148
-7.5928
-7.6904
-7.7148
-7.251
-7.6416
-7.5684
-7.3975
-7.666
-7.2998
-7.2998
-7.5928
-7.251
-7.7881
-7.7637
-7.7393
-7.8613
-7.6172
-8.0811
-2.4414
1.2207
3.7842
7.5439
9.4238
10.327
10.84
11.694
11.865
11.792
12.061
12.207
12.329
12.476
12.231
12.549
12.72
12.695
12.793
12.695
12.549
12.671
12.939
12.793
12.744
12.915
12.524
12.695
12.842
13.037
12.378
12.158
12.598
12.354
11.938
11.743
11.694
11.572
11.255
11.084
11.011
11.035
10.791
10.742
10.767
10.742
10.352
10.498
10.425
10.498
10.352
10.474
10.376
10.425
10.376
10.376
10.376
10.229
10.498
10.254
8.1543
11.426
14.844
16.138
16.87
17.651
17.871
18.53
18.457
18.384
18.921
18.921
18.774
19.238
18.921
19.092
19.141
19.312
19.458
19.189
19.482
19.434
19.287
19.458
19.312
19.434
19.336
19.36
19.336
19.189
12.305
2.5146
-0.78125
-4.4678
-9.5215
-12.891
-14.209
-14.941
-15.552
-16.04
-16.284
-16.431
-16.87
-16.846
-17.09
-17.529
-17.139
-17.334
-17.456
-17.529
-17.7
-17.383
-17.407
-17.676
-17.48
-17.505
-17.7
-17.578
-17.847
-17.651
-13.33
-9.8145
-7.7393
-7.2998
-6.1523
-5.9814
-6.5186
-6.7627
-6.5674
-6.2744
-6.0791
-5.7617
-5.5908
-5.4199
-5.2246
-4.9561
-4.8096
-4.8828
-4.6875
-4.834
-4.8584
-4.7363
-4.3701
-4.4189
-4.3213
-4.3701
-4.3213
-4.5654
-4.2969
-3.8818
-3.1738
-6.0059
-11.426
-13.672
-14.722
-15.479
-15.869
-16.162
-16.846
-16.87
-17.041
-17.651
-17.383
-17.48
-17.822
-17.7
-17.847
-17.944
-17.822
-17.993
-17.7
-17.871
-18.066
-17.822
-18.091
-18.091
-17.969
-17.969
-17.92
-17.92
-17.065
-10.889
-6.0791
-3.125
-1.4893
-0.68359
-0.21973
0
0.1709
0.14648
0.024414
0
-0.073242
0
0.024414
0
0
0
0
0
0
0
0
0
0
0
0
0
0
0
0.024414
2.6611
6.3477
8.5938
9.7168
10.352
10.889
11.255
11.572
11.255
11.377
11.597
12.158
11.865
12.061
12.012
12.109
11.914
11.914
11.89
12.256
11.987
12.134
12.28
12.451
12.305
12.646
12.329
12.354
12.158
12.476
12.817
12.573
12.28
12.158
12.231
11.963
11.792
11.841
11.768
11.816
11.572
11.499
11.523
11.426
11.426
11.279
11.475
11.401
11.182
11.255
11.328
11.328
11.23
11.06
11.255
11.182
11.06
11.084
11.182
10.303
11.914
13.501
14.502
15.063
15.796
15.918
15.967
16.284
16.455
16.87
16.675
16.943
16.919
17.041
17.212
17.139
17.114
17.285
17.139
17.212
17.236
17.017
17.065
16.992
17.163
17.285
17.017
16.943
17.236
14.355
5.8838
1.8799
0.53711
-0.3418
-1.4404
-1.0742
-1.5869
-1.9287
-1.3916
-1.7334
-2.1729
-1.5381
-1.8799
-1.709
-1.6846
-2.1973
-1.3184
-1.7822
-2.002
-1.709
-1.8555
-1.5625
-1.709
-2.2461
-1.3672
-1.8799
-1.8799
-1.709
-2.002
-1.5625
-2.8076
-4.834
-6.0547
-6.8115
-7.0068
-7.2021
-7.7393
-7.5928
-8.0078
-7.7148
-8.3008
-7.9834
-8.5205
-8.1299
-8.374
-8.2275
-8.1543
-8.252
-8.0078
-8.1055
-7.9102
-8.2764
-7.8613
-8.2764
-7.8613
-8.3008
-8.1543
-8.0811
-8.252
-5.6396
0.12207
1.9775
5.3711
7.0068
7.8857
9.2773
9.4971
9.5703
9.7656
10.107
10.376
10.132
10.522
10.474
10.449
10.693
10.547
10.449
10.693
10.645
10.449
10.474
10.767
10.547
10.498
10.303
10.474
10.718
10.62
8.1299
-0.1709
-4.3213
-9.3018
-14.722
-17.114
-18.115
-19.019
-19.727
-20.19
-20.288
-20.605
-20.386
-21.24
-21.094
-21.631
-21.729
-21.704
-21.46
-21.704
-21.631
-21.533
-22.095
-21.68
-21.802
-21.777
-21.704
-21.826
-21.777
-21.655
-19.629
-15.576
-13.77
-12.866
-12.402
-12.012
-11.694
-11.719
-11.963
-11.719
-11.377
-11.206
-11.06
-10.693
-10.913
-10.62
-10.596
-10.571
-10.596
-10.352
-10.01
-10.376
-10.01
-9.8145
-9.8145
-9.8633
-9.7168
-9.8145
-9.7412
-9.8145
-8.96
-9.7412
-11.792
-12.964
-13.647
-14.16
-14.014
-14.453
-14.99
-14.795
-15.283
-15.405
-15.625
-15.527
-15.503
-15.649
-15.381
-15.796
-15.503
-15.479
-15.82
-15.698
-15.723
-15.894
-15.601
-15.747
-15.771
-15.601
-15.601
-15.723
-15.942
-16.089
-15.991
-15.894
-15.674
-15.601
-15.308
-15.308
-15.21
-15.356
-14.966
-15.137
-15.112
-14.941
-14.917
-14.99
-14.771
-14.771
-14.966
-14.697
-14.575
-14.746
-14.795
-14.6
-14.746
-14.6
-14.795
-14.575
-14.746
-14.624
-13.965
-14.429
-16.284
-17.285
-18.262
-18.506
-19.043
-18.994
-19.312
-19.971
-19.775
-20.239
-20.068
-20.239
-20.19
-20.288
-20.386
-20.19
-20.435
-20.386
-20.508
-20.386
-20.41
-20.605
-20.313
-20.459
-20.435
-20.703
-20.532
-20.361
-19.312
-10.547
-4.834
-2.8809
-2.2705
-2.0508
-2.0996
-0.85449
-1.3916
-1.2695
-1.0742
-0.87891
-0.65918
-0.43945
-0.1709
-0.19531
-0.1709
-0.1709
-0.073242
-0.14648
-0.097656
-0.073242
-0.048828
-0.048828
-0.097656
-0.024414
-0.024414
0
0
0
0
-0.95215
-4.9316
-8.1055
-10.229
-10.815
-11.353
-11.768
-12.183
-12.354
-12.451
-12.646
-12.915
-13.013
-12.744
-13.184
-13.184
-13.037
-13.062
-13.159
-13.184
-13.354
-13.013
-13.135
-13.379
-12.939
-13.232
-13.257
-13.11
-13.257
-12.036
-3.125
0.85449
4.126
8.7158
11.182
12.769
13.379
13.965
14.16
14.624
14.575
14.941
15.039
15.21
15.161
15.381
15.356
15.234
15.527
15.503
15.43
15.894
15.503
15.405
15.723
15.356
15.503
15.503
15.479
14.6
6.3232
1.1963
-0.024414
-2.0508
-3.2959
-3.1982
-4.1992
-3.9795
-4.3945
-4.4678
-4.6143
-4.4678
-4.541
-4.3945
-4.4189
-4.4678
-4.5898
-4.5898
-4.5166
-4.6875
-4.7852
-5.0049
-5.0781
-4.9561
-4.9561
-4.6143
-4.4922
-4.5166
-4.541
-4.3213
0.58594
4.1748
9.082
12.988
14.966
16.309
16.797
17.48
17.725
18.018
18.286
18.018
18.628
18.579
18.53
18.921
18.75
18.872
18.75
18.75
18.896
18.701
18.872
19.043
18.921
18.945
18.628
18.872
18.896
18.604
11.06
4.541
2.4902
1.2695
0.48828
0.21973
-0.048828
-0.21973
-0.19531
-0.073242
-0.024414
-0.024414
0
0
0
0
0
0
0
0
0
0
0
0
0
0
0
0
0
0
-0.68359
-3.4424
-7.0313
-8.4717
-9.375
-9.668
-10.107
-9.9854
-10.669
-10.571
-10.791
-10.889
-10.815
-10.62
-11.06
-11.255
-11.279
-11.084
-11.23
-11.377
-11.401
-11.182
-11.328
-11.182
-11.182
-10.962
-10.913
-11.035
-11.23
-11.133
-2.3438
2.3926
6.1768
11.133
13.794
15.063
16.284
16.577
16.968
17.358
17.48
17.554
17.969
17.871
18.188
17.92
18.091
18.384
18.091
18.311
18.213
18.311
18.53
18.481
18.579
18.506
18.457
18.481
18.555
12.134
9.2041
6.2012
5.5176
4.7852
4.2725
4.7363
4.8096
4.6631
4.3945
4.2725
4.0527
3.9551
3.6377
3.418
3.4668
3.0273
3.0273
2.71
2.4658
2.7344
2.3438
2.8809
2.3438
2.9297
2.3682
2.832
2.3682
2.5635
2.6611
0.21973
-2.1484
-4.4678
-5.3467
-6.0059
-7.1045
-7.5684
-7.2754
-7.6172
-7.1289
-7.8125
-7.7637
-7.9346
-7.9346
-7.8125
-7.9346
-7.7393
-8.2275
-7.9346
-8.2764
-7.8125
-8.3496
-8.2031
-8.4229
-8.4717
-8.1543
-8.3252
-8.2031
-8.3496
-7.9834
-6.7383
-9.9365
-13.428
-14.331
-15.137
-15.674
-16.04
-16.284
-16.504
-16.895
-16.992
-17.358
-17.188
-17.261
-17.383
-17.334
-17.578
-17.334
-17.529
-17.676
-17.529
-17.456
-17.773
-17.651
-17.749
-17.725
-17.407
-17.505
-17.7
-17.554
-15.601
-14.087
-13.599
-12.988
-13.306
-13.257
-13.281
-13.159
-12.793
-12.598
-12.476
-12.231
-12.134
-11.865
-11.743
-11.768
-11.768
-11.646
-11.621
-11.768
-11.475
-11.45
-11.426
-11.182
-11.206
-11.255
-11.133
-11.279
-11.45
-11.06
-5.5176
-1.3672
-0.85449
0.43945
0.73242
1.0498
1.6357
1.3916
0.95215
1.709
1.3916
1.2695
1.5137
1.4404
1.4893
1.2451
1.709
1.4648
1.001
1.9287
1.416
1.0742
1.7334
1.3916
1.3672
1.4648
1.5137
1.4648
1.2695
1.7334
-0.073242
-2.9297
-7.2754
-11.157
-12.793
-13.623
-14.453
-14.502
-14.795
-14.917
-15.259
-15.723
-15.649
-15.723
-16.187
-15.967
-15.991
-16.089
-15.991
-15.869
-16.284
-15.967
-15.991
-16.333
-16.187
-16.016
-16.382
-16.138
-16.138
-16.187
-16.235
-16.064
-16.211
-16.235
-16.089
-16.235
-16.235
-16.187
-16.211
-16.26
-16.138
-16.211
-16.089
-16.26
-16.357
-16.064
-16.26
-16.26
-16.138
-16.138
-16.187
-16.162
-16.113
-16.309
-16.187
-16.138
-16.479
-15.918
-16.162
-16.26
-15.405
-16.553
-17.749
-18.14
-18.994
-19.165
-19.312
-19.897
-20.02
-20.386
-20.703
-20.581
-20.605
-20.825
-20.728
-20.703
-20.654
-20.654
-20.85
-20.874
-20.923
-20.972
-21.118
-21.143
-20.679
-21.094
-20.996
-21.069
-21.191
-20.825
-15.308
-6.5918
-1.4893
-0.29297
1.0986
1.6602
2.124
2.2949
2.3438
2.4658
2.5879
2.3193
2.7588
2.1973
2.71
2.1973
2.7344
2.2949
2.8809
2.3438
2.9053
2.3438
2.6123
2.6367
2.3193
2.7344
2.2461
2.71
2.1973
2.832
2.9541
1.9043
1.2207
1.5625
1.3428
1.1475
0.92773
0.78125
0.63477
0.24414
0.14648
0.073242
0.024414
0.024414
0
0
0
0
0
0
0
0
0
0
0
0
0
0
0
0
-0.58594
-2.6367
-7.3975
-10.596
-11.523
-12.231
-13.184
-13.281
-13.281
-13.599
-14.063
-13.94
-14.355
-14.355
-14.6
-14.478
-14.648
-14.575
-14.526
-14.795
-14.673
-14.697
-14.624
-14.795
-14.526
-14.966
-14.795
-14.697
-14.6
-14.917
-10.669
-2.6611
-1.0498
0.29297
1.4893
1.8311
2.2461
2.3682
2.4658
2.3926
2.71
2.2217
2.7832
2.2461
2.832
2.3682
2.8564
2.3438
2.8076
2.3926
2.5391
2.6611
2.2705
2.7344
2.1973
2.7344
2.2949
2.8809
2.3682
2.832
0.73242
-3.8818
-8.2275
-13.135
-16.211
-17.993
-18.481
-19.385
-19.775
-19.849
-20.215
-20.288
-20.752
-20.654
-21.24
-20.947
-21.265
-21.118
-21.509
-21.045
-21.338
-21.411
-21.362
-21.143
-21.387
-21.436
-21.387
-21.558
-21.484
-21.509
-17.31
-7.5684
-1.0742
0.12207
2.2461
3.4912
4.0283
4.6875
5.0049
5.0537
5.2246
5.1514
5.4688
5.4688
5.7861
5.8105
5.6641
5.7861
5.6396
5.6152
5.6152
5.5908
5.7861
5.7129
5.5664
5.542
5.4932
5.5664
5.542
5.2734
4.248
6.8604
11.45
14.307
15.43
16.284
16.797
17.261
17.31
17.627
17.676
17.896
18.262
17.993
18.262
18.408
18.408
18.53
18.311
18.457
18.579
18.335
18.53
18.457
18.433
18.799
18.53
18.359
18.726
18.384
15.356
6.0303
1.0498
-0.61035
-3.1982
-3.9307
-4.6387
-5.1758
-5.4932
-5.3711
-5.3223
-5.6885
-6.0791
-5.9082
-6.2012
-6.1768
-6.2988
-6.25
-6.2012
-6.2012
-6.0547
-6.2012
-6.0547
-5.7373
-5.8105
-5.957
-6.1035
-6.2256
-6.2988
-5.957
-3.9063
1.4404
5.4443
10.645
14.429
15.796
16.87
17.725
18.213
18.604
18.799
19.141
19.092
19.409
19.702
19.482
19.678
19.604
20.02
19.531
19.775
19.946
19.775
19.946
19.849
19.971
19.922
19.702
20.068
19.727
20.337
20.483
19.995
20.093
19.629
19.653
19.458
19.238
19.531
18.994
19.141
19.092
18.799
18.945
18.799
18.872
18.945
18.677
18.677
18.75
18.604
18.823
18.433
18.628
18.579
18.457
18.848
18.506
18.652
18.774
15.967
4.8584
-0.56152
-3.2227
-7.7148
-11.279
-12.622
-13.354
-13.77
-14.502
-14.38
-14.673
-15.015
-14.99
-15.283
-15.332
-15.332
-15.405
-15.552
-15.479
-15.405
-15.845
-15.649
-15.43
-15.747
-15.527
-15.723
-15.576
-15.747
-15.796
-15.234
-15.161
-16.724
-17.627
-18.237
-18.286
-18.774
-18.677
-19.385
-19.434
-19.604
-19.629
-19.702
-19.727
-19.727
-19.873
-20.264
-19.873
-20.215
-19.775
-20.044
-19.946
-19.849
-20.044
-19.971
-20.044
-19.824
-20.093
-20.068
-19.971
-18.335
-9.4482
-4.7852
-2.8809
-2.6855
-2.1729
-2.2705
-1.6846
-2.002
-1.8066
-1.6357
-1.4404
-1.1963
-1.0254
-0.68359
-0.68359
-0.3418
-0.5127
-0.53711
-0.48828
-0.5127
-0.3418
-0.24414
-0.24414
-0.24414
-0.41504
-0.43945
-0.36621
-0.24414
-0.43945
-0.24414
2.6367
7.0068
11.67
14.282
15.234
16.04
16.772
17.163
17.407
17.578
17.822
17.798
18.018
18.188
18.213
18.335
18.213
18.311
18.604
18.384
18.53
18.433
18.286
18.921
18.457
18.579
18.555
18.53
18.652
18.262
16.528
15.796
15.137
15.112
15.454
15.234
14.966
14.99
14.6
14.331
14.307
14.258
13.916
13.794
13.892
13.647
13.525
13.794
13.77
13.452
13.354
13.306
13.403
13.232
13.501
13.403
13.062
13.135
13.354
12.28
3.6621
0.31738
-2.4902
-5.3467
-6.9336
-7.6172
-8.2764
-8.4229
-8.6426
-9.3506
-8.9111
-9.2773
-9.5459
-9.4482
-9.5459
-9.4238
-9.3994
-9.7412
-9.7168
-9.6436
-9.5215
-9.5947
-9.4971
-9.6191
-9.7168
-9.8877
-9.3262
-9.8389
-10.034
-8.5938
-7.8857
-12.744
-15.967
-17.139
-17.871
-18.311
-18.848
-18.97
-19.263
-19.751
-19.824
-19.897
-20.044
-19.971
-20.386
-20.142
-20.264
-20.386
-20.239
-20.41
-20.386
-20.483
-20.313
-20.386
-20.435
-20.435
-20.801
-20.215
-20.508
-19.946
-13.062
-11.475
-10.181
-9.6924
-8.5205
-8.9111
-8.9111
-9.1064
-8.8379
-8.6426
-8.374
-8.2275
-7.9834
-7.7881
-7.6172
-7.1045
-7.2021
-7.1777
-7.0801
-6.6895
-7.0068
-6.8115
-6.9336
-6.8604
-6.9092
-6.9336
-6.9336
-6.7871
-6.4453
-6.0303
-0.41504
2.7832
6.9336
11.182
13.354
14.404
14.893
15.576
15.674
16.162
16.382
16.406
16.626
16.846
16.821
16.943
17.041
16.65
17.065
17.065
16.943
17.163
17.114
16.943
17.285
16.992
17.139
17.114
17.114
16.846
11.719
9.8145
8.5449
8.4229
7.1777
7.6416
7.666
7.5684
7.2754
7.1777
6.9092
6.665
6.3477
6.2744
5.957
5.9326
5.835
5.7861
5.7373
5.6641
5.7617
5.3467
5.2246
5.2002
5.2246
5.127
5.1514
4.834
5.0293
5.0293
0.3418
-2.9053
-7.4219
-11.426
-13.281
-14.282
-14.917
-15.283
-15.723
-16.016
-16.113
-16.748
-16.577
-16.675
-16.87
-16.748
-16.919
-17.139
-16.968
-17.09
-17.163
-16.919
-17.236
-17.188
-16.968
-17.139
-17.163
-16.968
-17.188
-17.212
-7.251
-0.61035
1.3916
4.248
6.2988
7.2754
8.0322
8.5205
8.4961
9.3018
8.8867
9.1064
9.7168
9.4482
9.4482
9.7168
9.5947
9.4727
9.6924
9.7656
9.5703
9.375
9.79
9.4971
9.4727
9.8877
9.4238
9.4238
9.6924
2.5146
-2.4658
-6.25
-11.719
-15.039
-16.821
-17.676
-18.359
-18.604
-19.116
-18.896
-19.409
-19.775
-19.873
-20.044
-20.044
-20.288
-20.117
-20.337
-20.41
-20.215
-20.386
-20.41
-20.337
-20.483
-20.41
-20.483
-20.337
-20.581
