0
-0.5127
-1.709
-2.124
-2.0996
-3.125
-4.1016
-4.8584
-5.5664
-5.9326
-6.4697
-6.4209
-6.3721
-6.2988
-6.3965
-6.3721
-6.4453
-6.0547
-5.7129
-5.9326
-6.2256
-6.1768
-6.0059
-6.2988
-6.1768
-6.1768
-6.4941
-6.4209
-6.4941
-6.6162
-6.5674
-5.3467
-6.0547
-7.0313
-7.6904
-9.4971
-9.1064
-9.3994
-9.9365
-9.5947
-9.8877
-9.7168
-9.1553
-9.8633
-10.376
-10.767
-10.425
-9.9609
-9.9609
-10.181
-10.034
-9.8633
-10.107
-9.9854
-10.181
-9.1797
-10.034
-9.8633
-9.6191
-10.205
-10.327
-5.127
0.75684
2.5391
4.0039
6.3965
6.1523
5.7129
4.9072
7.1045
8.1055
7.0557
8.0811
8.9355
9.5459
9.4482
9.5215
10.327
10.449
10.425
10.547
10.645
10.62
10.498
10.718
10.718
11.206
10.767
10.815
10.864
10.498
9.8145
8.2031
7.5195
7.1777
6.9824
6.3232
5.542
4.7852
4.2969
3.8818
3.2471
3.4668
3.0273
3.54
3.0273
3.5889
3.1006
3.0273
3.4912
2.9785
3.5889
3.1006
3.5645
3.3203
3.1982
3.8086
3.418
3.833
3.4668
3.0029
4.7363
7.2754
8.8623
11.523
13.818
13.672
13.428
14.355
15.747
16.797
17.358
17.31
17.212
17.529
17.847
17.92
18.018
17.993
18.359
18.53
18.359
18.188
18.14
18.457
18.335
18.091
18.628
18.97
19.019
18.555
17.676
16.602
15.918
15.381
14.917
14.746
14.404
14.087
13.672
13.062
12.524
12.451
12.329
11.987
12.012
12.134
11.914
11.401
11.646
11.694
11.768
11.792
11.963
11.987
11.865
11.963
11.865
11.963
11.865
11.987
10.815
9.1553
8.1543
7.8125
7.3486
7.0557
6.6406
6.1279
5.7861
5.3955
4.9561
4.4189
4.3701
4.3945
3.833
3.6621
4.0039
3.1982
3.6377
3.5645
3.2959
3.7598
3.2715
3.4424
3.8086
3.5156
3.8818
3.5889
3.3936
3.833
3.6377
2.9541
2.3682
2.0264
1.5625
0.85449
0.80566
0.80566
0.65918
0.53711
0.53711
0.68359
0.68359
0.65918
0.43945
0.61035
0.58594
0.43945
0.53711
0.56152
0.63477
0.56152
0.5127
0.63477
0.39063
0.5127
0.73242
0.5127
0.46387
0.56152
1.7334
4.5654
7.5928
9.9365
11.768
13.232
12.158
11.523
13.208
14.136
13.989
14.453
15.308
15.381
15.723
16.211
16.309
16.455
16.333
15.918
15.918
16.089
15.674
15.82
16.235
16.113
16.138
15.967
16.162
16.016
12.28
6.0791
2.5391
0.75684
-0.21973
-0.3418
0.70801
-0.097656
-1.1963
-1.5625
-1.6357
-1.6602
-1.6846
-1.5625
-1.2695
-1.0742
-1.123
-1.1719
-1.123
-1.1963
-1.0498
-0.5127
-1.2207
-1.1719
-1.1719
-1.123
-0.36621
-0.97656
-1.0986
-1.0498
-1.1475
-5.5176
-7.4951
-11.694
-14.624
-12.671
-11.353
-13.867
-15.918
-15.356
-15.747
-16.797
-16.724
-15.845
-16.284
-16.748
-16.675
-16.357
-17.432
-18.311
-18.311
-17.578
-17.285
-17.627
-17.847
-17.236
-17.114
-17.578
-17.725
-18.042
-17.505
-14.331
-13.086
-12.549
-12.109
-11.401
-10.864
-10.571
-10.01
-9.0088
-7.7393
-8.1787
-8.3984
-8.4473
-8.2275
-7.7393
-8.0078
-7.8125
-7.7393
-8.0566
-8.0322
-7.9834
-8.0811
-8.0811
-7.8857
-7.7148
-7.4707
-7.6172
-7.2266
-6.958
-2.9785
3.2959
7.0801
10.303
13.257
13.965
12.329
15.039
17.456
16.113
13.013
14.526
17.31
18.335
17.676
17.871
18.945
19.458
19.702
19.507
19.556
19.8
20.313
20.605
20.068
20.19
20.19
20.459
20.679
20.557
19.238
12.744
8.4961
5.5664
3.2715
2.0752
1.6846
2.3193
1.9043
1.0254
0.41504
0.31738
0.12207
0
-0.19531
-0.1709
0.048828
0.073242
0
-0.024414
-0.024414
0
0.024414
0
0
0
0
0
0
0
-0.097656
-0.87891
-1.0254
-0.68359
-1.1963
-0.5127
-1.2451
-1.5869
-1.5869
-1.2207
-1.709
-1.709
-1.6846
-1.1963
-1.8066
-1.8799
-1.416
-1.6113
-1.7822
-1.7578
-1.6846
-1.7578
-1.6602
-1.5625
-1.416
-1.6113
-1.6602
-1.3428
-1.5625
-1.3428
-0.97656
0.14648
0.24414
0.12207
0.024414
0.14648
0.26855
0.39063
0.36621
0.24414
0.1709
0.19531
0.26855
0.26855
0.097656
0.048828
0.097656
0.12207
0.12207
0.12207
0.073242
0.073242
0.073242
0.024414
0.024414
0
0
0
0
0
0.41504
0.95215
1.2451
3.0029
3.3203
4.0771
4.6143
5.0293
5.4199
5.1025
5.1758
5.3223
5.4199
5.3223
5.1025
5.1514
5.1758
5.3467
5.5176
5.542
5.8594
5.4932
4.9561
4.8096
4.6631
4.9316
5.1758
5.3711
5.5908
5.6396
5.2002
5.6152
6.0303
6.3721
6.6895
6.7139
6.8848
6.9336
7.1777
7.1289
7.251
7.4219
7.0068
7.4951
7.4951
7.2266
6.5918
6.7871
7.1045
7.251
7.4951
7.0801
7.3486
7.2266
7.4951
7.3242
7.5195
7.2021
7.3242
6.8604
6.0303
7.4951
10.205
12.158
12.72
11.743
13.525
14.429
15.576
15.454
15.112
16.064
16.138
16.455
16.382
16.455
16.431
17.017
17.285
17.407
17.139
16.724
16.821
16.675
16.602
16.479
16.504
16.553
17.09
16.992
15.454
10.498
7.0068
5.1758
3.1494
3.7598
3.418
2.5879
2.0752
1.5137
1.0742
0.85449
1.0742
1.0498
0.68359
0.097656
0
0
0
0
0
0
0
0
0
0
0
0
0
0
-0.073242
-0.19531
0
-0.48828
-1.1963
-1.5625
-2.0264
-2.1729
-2.1484
-2.2461
-2.3438
-2.3193
-1.8799
-2.124
-2.0508
-1.6357
-2.1484
-1.8799
-1.2207
-1.5869
-1.8799
-1.5869
-2.0264
-2.124
-2.0264
-2.0264
-2.0264
-1.8555
-2.0752
-1.8311
-0.95215
0.65918
1.123
2.3682
2.3926
1.8066
2.8564
2.5879
3.1738
3.0273
3.0029
2.6123
3.1494
2.8809
3.3936
3.1006
3.1006
3.0762
3.1006
3.2715
2.8076
3.3203
2.8809
3.418
2.9053
3.4668
2.8564
3.2227
3.0273
2.9053
2.1973
-0.43945
-1.5625
-1.1719
-2.4902
-3.2227
-4.2236
-6.3477
-7.1533
-6.4209
-7.1289
-7.9102
-8.0078
-7.8125
-7.8857
-7.8857
-7.9102
-8.0078
-7.9102
-7.8369
-7.7637
-7.8857
-7.7637
-7.5439
-7.6416
-7.2754
-7.3486
-7.373
-7.4219
-7.6172
-5.5176
1.5137
4.9805
8.2275
11.45
12.183
9.1309
9.1553
11.157
13.452
14.038
12.158
13.062
14.746
15.43
14.917
15.503
15.527
15.747
16.187
15.698
15.991
16.309
15.967
16.333
16.504
16.04
16.04
16.504
16.479
14.771
4.8584
-1.4648
-5.249
-7.1777
-9.9609
-6.1523
-4.9561
-8.3008
-10.962
-12.451
-13.11
-13.672
-14.136
-8.0811
-7.0801
-9.9609
-11.816
-12.524
-13.501
-13.281
-11.938
-12.134
-13.403
-13.623
-13.257
-13.159
-13.208
-13.037
-13.013
-13.208
-9.2285
-6.665
-4.6143
-3.6621
-3.4424
-3.125
-3.1738
-2.8809
-2.6855
-2.1973
-1.4893
-1.0986
-0.80566
-0.73242
-0.58594
-0.68359
-0.36621
-0.3418
-0.5127
-0.3418
-0.048828
0
0
0
0
0
0
0
0
-0.024414
-3.54
-5.9814
-9.9365
-12.695
-12.451
-12.036
-13.428
-15.625
-15.674
-14.429
-15.259
-16.064
-15.625
-16.016
-16.406
-16.699
-16.382
-16.162
-16.504
-17.041
-16.821
-16.895
-16.992
-16.699
-16.846
-16.992
-17.139
-16.821
-16.309
-15.161
-7.8369
-2.8564
-0.73242
0.024414
0.1709
0
0.12207
0.65918
1.3672
0.43945
0.85449
1.3916
1.8066
1.5869
1.5381
1.6846
1.6357
1.2451
1.7822
1.709
1.5625
1.2695
1.7822
1.6357
1.3184
1.1963
1.5869
1.6602
1.4404
1.3672
1.123
0.75684
0.48828
0.26855
0.048828
0
0
0
0
0
0
0
0
0
0
0
0
0
0
0
0
0
0
0
0
0
0
0
0
-0.14648
-3.8086
-4.6387
-7.5928
-8.9355
-7.0557
-9.9854
-12.842
-13.281
-13.599
-12.207
-12.769
-14.526
-13.672
-14.111
-14.917
-15.137
-15.015
-15.112
-15.576
-15.234
-15.161
-14.819
-14.673
-14.624
-14.844
-14.453
-14.502
-15.112
-14.917
-15.039
-15.039
-13.794
-13.013
-12.573
-12.158
-11.646
-11.133
-10.742
-10.352
-9.9121
-9.9854
-9.7412
-9.6924
-10.01
-9.5215
-8.1055
-9.2285
-9.1064
-9.7656
-10.229
-9.9609
-9.4238
-9.2285
-9.5947
-9.4727
-9.3506
-9.668
-9.4727
-9.9609
-8.7402
-2.4658
2.2705
4.2236
6.9092
7.6904
7.2754
7.8613
8.2031
6.4453
8.1055
8.4717
9.3994
9.2285
9.6924
10.376
9.8633
9.8633
10.229
10.278
10.669
10.425
10.4
10.156
10.254
10.254
10.645
10.156
10.547
10.767
10.718
8.7158
7.1777
6.543
6.2256
5.9814
5.5176
5.0293
4.4189
3.9551
2.8809
3.125
2.3438
2.6367
2.6611
2.1484
2.5635
2.2217
2.6611
2.002
2.0752
2.5391
2.002
2.417
1.9775
1.8555
2.4658
1.8799
2.5635
2.5879
1.8555
-2.5879
-7.4951
-11.133
-14.307
-16.089
-12.5
-14.648
-16.138
-17.456
-16.357
-16.064
-18.066
-18.091
-18.481
-17.505
-17.603
-18.384
-17.749
-18.506
-18.677
-18.97
-19.312
-19.312
-19.189
-18.628
-19.092
-19.971
-19.141
-18.97
-19.507
-16.919
-15.015
-13.623
-13.037
-12.427
-12.085
-11.719
-10.718
-10.059
-9.7168
-9.1797
-8.96
-8.7402
-8.3252
-8.1787
-8.0811
-7.8369
-7.9346
-7.7393
-7.6416
-8.1055
-7.8125
-8.0322
-8.3252
-8.0322
-8.0566
-8.1055
-7.8369
-8.1543
-8.0566
-7.373
-6.5918
-6.2256
-5.9814
-5.542
-5.3711
-5.4688
-5.4443
-5.0049
-4.6875
-4.5654
-4.9561
-5.0537
-5.1025
-5.1758
-5.1758
-5.127
-5.1514
-5.0049
-4.9072
-5.0049
-4.8828
-4.7119
-4.1748
-3.8574
-4.4922
-4.4189
-4.2969
-4.1748
-3.8818
0.19531
3.5156
5.4199
8.5449
7.3242
9.1797
11.108
10.693
9.1309
10.571
11.694
12.085
12.354
12.793
12.866
13.062
13.281
13.184
13.379
13.135
12.891
12.842
12.964
12.939
13.403
13.232
12.842
13.135
13.232
13.525
7.5195
2.9297
1.5381
0.048828
0.097656
-0.024414
-0.21973
-0.1709
-0.53711
-0.70801
-0.85449
-1.9043
-1.709
-1.2695
-1.001
-1.6602
-1.5625
-1.0986
-0.80566
-1.416
-1.2207
-1.1963
-0.68359
-1.0254
-1.0742
-1.3184
-0.70801
-0.90332
-0.75684
-1.0742
0.21973
1.416
1.4404
1.4648
2.0996
2.6855
2.3682
3.1006
2.5391
2.8809
2.3926
3.0762
2.2461
2.8564
2.3193
2.9785
2.6367
3.0029
2.5391
2.8809
2.7832
2.7588
2.8809
2.7344
2.71
2.417
2.9785
2.3438
3.0029
2.7588
-2.0996
-6.0303
-9.9854
-13.77
-14.746
-12.158
-14.99
-16.87
-18.286
-19.214
-17.773
-16.699
-17.236
-17.676
-18.066
-18.872
-19.58
-19.507
-19.507
-18.799
-18.848
-19.214
-19.043
-18.945
-19.775
-20.41
-19.556
-18.896
-19.141
-19.36
-12.915
-7.2021
-1.4893
-0.19531
0.73242
0.63477
0.048828
0.31738
1.0986
0.41504
0.3418
1.4893
1.9775
2.2217
2.7344
1.9531
2.4414
2.2949
2.5146
2.4658
2.0264
2.5635
1.9043
2.5879
2.0996
2.3193
2.0752
2.6123
2.3193
1.4404
3.3203
3.0029
3.3203
3.5645
3.3447
4.126
3.6133
3.6865
4.1748
4.0283
3.8086
3.8086
4.0283
3.4424
3.9307
4.126
4.0771
3.8818
4.248
3.9063
4.248
4.4678
4.1016
4.1504
4.1504
4.1504
4.2969
4.2725
4.5166
-0.46387
-4.6143
-6.958
-11.06
-12.354
-8.6426
-10.474
-12.573
-12.72
-11.084
-12.256
-13.818
-15.186
-14.087
-15.308
-15.698
-15.747
-15.356
-15.43
-15.308
-15.381
-15.918
-16.113
-16.138
-16.064
-15.942
-16.089
-16.089
-15.991
-15.674
-13.184
-9.9365
-8.5449
-7.2998
-6.7139
-6.2256
-5.8105
-5.1514
-4.8584
-4.5166
-3.7842
-2.9297
-2.7832
-2.5146
-2.2705
-2.3438
-1.8066
-2.2461
-2.0752
-1.1963
-2.3926
-1.9775
-1.8799
-2.6611
-2.3193
-2.7344
-2.0508
-2.6855
-2.5879
-2.1729
-0.24414
2.1729
2.9053
4.4189
5.6885
5.8105
6.0547
7.2754
8.0566
8.1299
8.8379
9.0332
9.3018
8.3984
8.667
8.7158
9.2285
9.1309
9.2285
9.0332
9.3262
9.0332
9.2529
8.9355
8.8135
8.7158
9.3994
9.4482
9.6436
9.5703
5.4443
1.9043
0.43945
-0.36621
-0.63477
-0.75684
-1.1963
-0.56152
-1.0498
-1.8555
-1.9287
-1.123
-1.5381
-1.4404
-1.5137
-0.68359
-1.5137
-1.3184
-1.2451
-0.46387
-0.83008
-1.5137
-1.5381
-1.0742
-0.68359
-1.4404
-1.2207
-1.0498
-0.21973
-1.1719
0.097656
2.6367
2.002
4.7607
5.6396
6.0059
5.8594
6.5918
7.0068
6.9824
7.1777
7.1533
7.2754
7.666
7.7148
7.3242
7.7637
7.7881
7.2754
7.5684
7.6904
8.1543
8.2031
8.0078
7.7637
8.1299
8.3008
7.9346
7.2998
7.7881
7.2266
9.3262
12.085
14.526
16.113
16.235
16.284
17.139
18.213
18.896
18.896
18.945
19.287
19.458
19.482
19.946
19.995
19.8
19.287
19.507
19.751
19.702
19.897
20.483
20.605
20.386
19.775
19.995
20.166
19.824
19.824
19.263
19.238
19.019
18.481
17.822
17.676
17.358
17.261
16.919
17.188
17.236
17.065
16.992
16.919
16.846
16.699
16.65
16.797
16.626
16.748
16.943
17.163
17.041
16.968
16.772
16.943
16.772
16.675
16.309
15.039
11.719
10.669
9.0088
7.7637
7.5439
6.8359
6.25
5.835
5.542
4.9072
4.0283
3.7598
3.3447
3.7109
3.3203
2.9297
3.125
2.6855
2.7832
2.6611
2.7344
2.71
2.3193
2.6611
2.0752
2.5391
2.2461
2.5635
2.7588
3.7842
8.5205
10.913
13.501
16.187
14.697
14.844
16.797
17.554
17.017
17.603
18.164
18.726
19.434
18.604
18.872
19.165
19.604
19.58
19.775
20.044
20.239
20.19
20.239
20.264
20.41
19.995
20.166
19.995
19.922
17.603
11.743
8.8623
6.2012
4.5166
4.6387
4.9072
3.8086
3.1494
3.0273
2.7588
2.0996
1.4648
1.001
0.48828
0.21973
0.097656
0
0
0
0.024414
0
0
0
0
0
0
0
0
0
-1.8066
-5.5176
-9.6191
-13.55
-14.819
-11.133
-15.259
-16.65
-17.603
-17.31
-15.967
-16.992
-18.872
-19.727
-19.507
-18.311
-19.141
-18.994
-18.652
-19.336
-20.19
-20.337
-19.482
-19.995
-20.313
-20.239
-19.36
-19.189
-19.873
-19.214
-17.676
-14.185
-12.158
-10.254
-9.5947
-8.9355
-8.5449
-7.8613
-7.1533
-6.6406
-6.2744
-5.8838
-5.542
-5.2979
-5.0293
-4.4922
-4.6387
-3.6133
-3.2715
-4.3701
-4.0771
-4.0039
-4.1504
-4.5166
-4.4189
-4.248
-4.4922
-4.541
-4.9072
-4.4922
-5.6885
-8.0322
-9.4727
-11.377
-12.549
-13.525
-16.138
-17.334
-16.235
-17.725
-19.019
-19.263
-18.506
-18.97
-19.531
-19.556
-18.726
-18.872
-19.849
-19.727
-20.02
-19.678
-19.775
-19.897
-19.751
-19.336
-20.313
-20.386
-20.166
-19.995
-20.142
-18.823
-17.896
-17.236
-16.699
-16.284
-15.747
-14.648
-14.331
-14.136
-14.16
-13.721
-13.77
-13.818
-13.696
-13.647
-13.721
-13.599
-13.647
-13.525
-13.379
-12.817
-12.988
-13.159
-13.525
-13.354
-13.354
-13.794
-13.867
-13.721
-13.696
-13.086
-12.5
-12.061
-11.475
-11.401
-10.986
-11.133
-10.986
-10.742
-10.767
-10.815
-11.157
-11.304
-11.157
-10.889
-11.035
-10.84
-10.376
-10.669
-10.522
-10.645
-10.791
-10.84
-10.913
-10.815
-10.449
-10.791
-10.645
-10.742
-9.1797
-9.4727
-10.449
-13.33
-15.308
-15.82
-16.016
-16.211
-16.65
-16.406
-16.943
-17.627
-16.626
-16.821
-17.773
-18.604
-18.091
-17.432
-17.627
-17.847
-17.09
-17.334
-17.017
-17.578
-18.53
-17.871
-17.358
-17.749
-17.871
-17.578
-15.015
-6.3965
-1.8555
0.048828
1.3672
0.097656
0.97656
1.6113
1.2939
0.48828
1.3428
2.1729
3.1006
2.8076
3.2227
3.125
3.5156
3.2959
3.6621
3.7109
3.5889
3.7354
3.6865
3.5645
3.833
3.3203
3.8086
3.3203
3.1738
3.5889
2.1729
4.248
6.2744
7.8857
9.4971
10.425
10.791
11.108
11.743
12.378
12.891
12.964
13.037
13.086
13.306
12.915
12.817
13.428
13.477
13.135
12.988
13.281
13.33
13.428
13.354
13.867
13.892
13.354
13.403
13.745
10.693
3.2715
-0.5127
-2.7832
-5.4443
-2.3926
-1.6602
-3.8818
-6.0547
-7.0068
-5.3955
-4.3213
-5.0293
-5.8594
-6.4453
-6.5186
-7.1045
-7.2754
-6.7383
-7.1045
-7.1289
-7.3486
-6.9336
-7.5928
-7.4219
-7.1289
-7.373
-7.9102
-7.9102
-7.7637
-5.3711
1.123
5.127
7.8125
10.571
9.5703
6.0303
8.5449
11.475
13.33
13.55
10.84
10.742
12.476
14.038
13.94
12.476
13.428
14.087
14.087
14.209
14.136
14.526
14.966
14.6
14.746
14.502
14.551
14.575
14.478
11.963
1.6113
-3.418
-6.7627
-9.9121
-10.278
-8.2764
-10.889
-13.232
-13.428
-14.355
-8.9355
-9.6436
-13.55
-14.673
-14.404
-14.551
-11.768
-10.669
-13.11
-14.478
-14.819
-13.843
-14.844
-14.771
-14.404
-14.673
-14.697
-15.332
-14.063
-11.353
-0.73242
4.3945
7.8857
10.571
11.694
9.668
10.889
13.672
15.43
14.282
8.7891
9.2285
13.159
15.869
16.943
16.187
13.11
13.94
15.845
17.358
17.847
17.505
16.089
16.333
17.114
17.651
17.236
17.188
17.554
17.773
17.871
17.773
17.383
17.065
17.163
17.139
17.261
17.578
17.749
17.993
17.92
17.92
17.725
17.505
17.48
17.261
17.383
17.7
17.993
17.871
17.529
17.285
16.968
16.992
17.236
16.797
17.285
17.407
17.407
14.771
3.9307
-2.9053
-9.2041
-11.499
-13.379
-8.8867
-9.8145
-14.429
-16.431
-17.188
-17.7
-18.408
-15.869
-9.6924
-12.207
-15.991
-17.09
-18.237
-18.628
-18.408
-17.017
-13.428
-15.698
-17.163
-18.335
-18.359
-18.97
-19.019
-17.505
-15.015
-5.2002
0.56152
5.2246
6.4453
4.9316
4.0039
7.7148
10.278
12.5
13.721
10.278
4.9072
6.1768
9.79
12.354
13.965
14.648
14.99
11.523
9.79
11.719
13.208
14.087
14.233
13.745
12.842
13.623
13.77
14.453
13.892
13.306
14.355
14.819
14.868
15.015
15.234
15.356
15.21
15.332
14.893
14.673
14.844
15.332
15.088
15.015
15.21
15.039
15.259
15.356
15.283
15.112
15.039
14.746
14.99
14.941
15.234
14.624
15.161
14.941
13.794
6.5186
0.65918
-2.2461
-5.127
-3.8086
-3.5645
-5.2246
-7.2021
-8.3984
-6.2988
-3.4424
-5.957
-8.252
-9.082
-9.2285
-8.96
-8.4717
-7.7881
-7.5928
-8.1299
-8.3496
-8.8867
-7.7881
-8.3252
-8.4717
-9.2529
-9.3506
-8.9111
-8.7402
-8.6914
-9.2041
-8.6426
-9.1064
-10.742
-11.279
-11.548
-11.45
-12.549
-13.257
-13.281
-13.452
-13.55
-13.501
-13.696
-12.915
-12.72
-12.915
-12.573
-12.476
-13.477
-13.623
-13.281
-13.257
-13.403
-13.281
-12.915
-12.915
-13.159
-13.11
-12.817
-12.695
-13.867
-13.257
-14.111
-14.429
-15.039
-14.722
-15.552
-15.332
-15.43
-14.941
-15.039
-15.039
-15.625
-15.527
-14.99
-15.845
-15.698
-15.43
-15.039
-15.747
-15.137
-15.137
-15.186
-15.43
-15.43
-15.552
-15.454
-14.917
-15.283
-15.308
-14.868
-14.868
-15.332
-15.21
-15.161
-14.941
-14.795
-14.136
-14.063
-13.672
-13.843
-14.307
-14.038
-14.331
-14.648
-14.795
-14.771
-14.307
-13.892
-13.867
-13.794
-14.209
-14.893
-14.648
-14.746
-15.088
-15.137
-14.624
-13.623
-3.9063
0.87891
3.0029
6.0547
7.7637
5.0049
6.8115
8.7402
10.01
9.8633
4.8828
5.9326
7.8857
10.645
11.328
10.742
9.5459
10.376
11.06
10.986
10.962
11.157
11.328
11.621
11.206
11.182
11.304
11.426
11.353
10.107
4.0527
0.048828
-0.21973
-0.46387
-0.39063
-2.2461
-2.6611
-3.418
-1.709
-2.71
-2.3438
-3.2227
-3.7842
-3.7842
-4.541
-4.4189
-4.6143
-5.1758
-4.9561
-5.2002
-4.8828
-4.5166
-4.6387
-4.9072
-4.9072
-4.3457
-4.0283
-4.2236
-4.9072
-4.6387
0.78125
4.7363
8.9844
10.913
13.989
12.28
12.012
14.185
15.479
14.282
13.11
14.209
15.332
15.796
15.991
16.406
16.333
16.602
17.188
17.627
17.505
17.163
17.554
17.798
17.822
17.554
17.383
17.48
17.407
16.577
7.8369
0.97656
-0.95215
-2.4902
-2.832
-3.5156
-6.3477
-7.4707
-2.124
-2.7344
-5.835
-7.7148
-9.6924
-9.1064
-9.8145
-8.5938
-7.1777
-8.0811
-9.4238
-9.2041
-9.4238
-9.8145
-9.1797
-8.8623
-9.1553
-9.5703
-10.132
-9.9854
-10.107
-9.5947
-0.87891
5.3955
11.084
13.428
16.553
11.401
12.427
16.016
17.505
17.334
12.28
13.306
16.846
18.555
20.117
20.508
17.017
16.919
18.408
19.727
20.801
20.093
19.116
19.556
20.02
20.923
20.752
19.971
20.093
20.117
11.084
1.4404
-3.125
-5.3223
-9.3506
-11.865
-9.2041
-9.1309
-10.693
-12.402
-10.767
-6.8115
-9.79
-13.501
-13.77
-13.647
-13.086
-10.767
-11.743
-13.232
-14.575
-14.819
-14.819
-14.282
-14.624
-14.233
-14.185
-14.99
-15.869
-15.259
-11.816
-9.3018
-8.0322
-7.4707
-6.7383
-6.0791
-5.542
-5.0537
-4.1992
-3.4668
-2.8564
-2.4658
-2.6855
-2.2949
-2.1484
-2.2217
-1.1963
-1.8066
-2.1484
-1.1963
-1.8555
-1.8555
-0.80566
-1.6602
-1.6602
-2.1484
-1.3672
-2.2217
-2.0264
-2.5391
-2.6855
-4.5654
-6.4697
-8.5205
-8.1787
-8.4717
-9.3506
-10.889
-10.742
-11.523
-12.256
-12.183
-11.035
-11.572
-11.646
-11.792
-11.914
-11.792
-12.109
-11.719
-11.06
-11.89
-12.207
-12.231
-11.792
-11.499
-11.377
-11.108
-11.45
-11.816
-3.3447
1.3672
5.8105
7.6416
11.108
9.8877
7.6416
10.571
12.329
13.525
12.671
8.2031
9.5703
12.329
13.867
14.868
13.989
13.306
13.794
14.453
15.234
14.746
14.429
14.917
15.283
15.625
15.308
15.259
15.405
15.625
13.965
11.865
10.864
9.9121
9.1064
8.8135
8.3008
7.2266
6.8604
6.2744
5.9326
5.6885
5.6396
5.3711
4.6631
4.6143
4.7607
5.1514
4.834
5.249
5.4199
5.4932
5.0781
4.8828
5.2979
5.3711
5.5908
5.5176
5.2979
5.1514
4.9316
4.9316
4.6143
4.5654
4.0283
4.2725
3.9307
3.8086
4.248
3.8574
4.0283
4.3213
4.0283
4.0527
4.126
3.9063
3.7109
3.8574
4.3213
3.8818
3.9307
4.4434
4.0039
3.8818
4.1016
4.2236
3.8086
3.9551
4.5654
-0.58594
-4.4189
-8.5938
-11.597
-14.307
-9.6924
-13.159
-15.869
-16.602
-16.211
-14.307
-15.186
-16.113
-17.969
-18.188
-18.774
-18.188
-18.042
-18.579
-18.188
-18.213
-18.091
-17.847
-18.018
-18.115
-17.969
-18.335
-18.506
-18.579
-18.774
-18.262
-17.31
-16.65
-16.309
-15.918
-15.381
-15.21
-15.112
-14.648
-14.185
-13.965
-13.892
-13.94
-13.745
-13.745
-14.307
-13.745
-13.452
-13.989
-14.087
-13.721
-13.232
-13.623
-13.794
-13.867
-14.038
-13.55
-13.306
-13.135
-13.11
-13.574
-12.695
-11.938
-11.377
-11.182
-10.254
-9.8389
-10.156
-9.8633
-9.4238
-9.6924
-10.059
-10.229
-9.8145
-9.6436
-9.8877
-9.7412
-9.7168
-9.9121
-9.3262
-9.668
-9.3994
-9.0332
-9.4727
-9.2529
-9.5703
-10.107
-10.474
-10.059
-10.181
-5.7373
-1.2451
1.5625
2.7588
2.0508
2.7588
3.418
3.2715
3.1738
2.9297
4.541
4.9316
4.6631
4.9805
5.127
5.127
4.9561
5.0293
5.2979
5.5664
5.4932
5.3467
5.6152
5.4199
5.3955
5.249
5.3711
5.6396
5.5908
5.4932
3.4912
1.709
1.709
1.5137
0.95215
0.26855
-0.097656
-0.14648
-0.073242
0
0
0
0
0
0
0
0
0
0
0
0
0
0
0
0
0
0
0
0
0
2.5879
4.1748
5.4932
8.9111
11.255
8.8135
8.96
10.815
12.866
13.989
13.77
14.111
15.161
14.844
14.429
14.355
14.941
15.112
14.893
14.844
14.868
15.308
15.332
15.259
14.868
14.941
14.868
15.234
14.819
15.112
14.136
15.747
16.992
17.651
18.018
18.115
17.896
17.969
18.237
18.433
18.604
18.97
19.116
19.409
19.214
19.043
19.263
18.872
18.848
19.482
19.385
19.238
18.97
18.945
19.141
18.872
18.994
19.141
19.238
19.702
15.063
7.6904
2.8564
0.29297
-0.5127
0.048828
-0.53711
-0.90332
-1.0986
0.1709
-0.097656
-1.416
-1.7334
-3.1738
-2.9541
-0.92773
-0.80566
-1.6357
-2.9053
-2.9053
-2.8809
-2.3193
-2.1973
-3.2471
-2.6367
-2.4414
-2.3682
-2.7344
-1.4648
-2.6611
0.73242
4.3701
7.1777
10.889
13.696
11.133
10.791
13.257
14.063
12.817
14.331
15.649
16.821
17.017
16.431
16.992
17.041
17.407
17.456
17.48
18.237
18.726
18.408
18.115
18.042
17.969
18.384
17.773
17.749
17.993
18.311
18.579
18.75
18.457
18.359
18.433
18.579
18.555
18.555
19.36
19.482
19.019
18.628
18.774
19.019
18.701
18.237
18.799
19.238
19.312
18.945
19.019
19.434
19.092
18.555
18.872
19.165
19.531
19.604
19.189
15.283
8.3008
4.8096
2.0508
1.9531
2.002
0.87891
0.36621
-0.097656
-0.12207
0.048828
0.097656
-0.073242
0
0
-0.12207
-0.12207
-0.048828
-0.024414
0
0
-0.024414
-0.024414
-0.024414
0
0
0
0
0
0
0
0
0
0
0
0
0
0
0
0
0
0
0
0
0
0
0
0
0
0
0
0
0
0
0
0
0
0
0
0
-0.14648
-2.4902
-1.8799
-3.8818
-5.2002
-5.5664
-6.4209
-6.8359
-7.7393
-8.2031
-8.1787
-7.8613
-8.3496
-8.5693
-8.5205
-8.252
-7.7637
-7.5684
-7.8857
-7.6172
-7.3486
-7.8125
-7.8857
-8.2275
-8.5205
-8.4229
-8.374
-8.252
-8.4473
-8.4961
-8.4961
-7.9102
-7.7393
-7.4951
-7.0068
-6.9336
-6.8604
-6.6406
-6.4697
-6.25
-6.4209
-6.1523
-6.2012
-6.3477
-6.2744
-6.5186
-6.7383
-6.958
-6.3477
-6.6406
-7.0313
-7.2266
-7.0313
-6.3721
-6.2256
-6.8604
-7.1533
-7.0068
-6.8359
-6.8359
-6.0059
-5.4688
-7.3242
-8.8867
-9.7656
-10.059
-9.4482
-10.522
-11.108
-10.864
-11.572
-11.694
-11.182
-10.913
-11.304
-11.157
-10.962
-11.084
-11.523
-11.597
-11.182
-11.279
-11.523
-11.206
-11.206
-11.255
-11.865
-11.646
-11.426
-11.523
-11.377
-10.522
-9.79
-9.1797
-8.7891
-8.9844
-8.96
-8.9111
-8.4473
-8.1299
-8.3984
-8.374
-7.6416
-7.666
-8.2764
-8.0078
-7.8125
-7.8369
-7.6416
-7.9102
-7.5439
-7.2021
-7.9834
-8.1543
-8.1543
-8.3496
-8.3252
-8.5693
-9.0088
-8.374
-7.9102
-6.2744
-5.5664
-5.1025
-4.7363
-4.3701
-3.7842
-2.9541
-2.7344
-2.4902
-2.3438
-2.124
-2.3193
-1.709
-1.3916
-2.1484
-2.2461
-1.2939
-1.5381
-1.4648
-1.7578
-1.2939
-1.8555
-1.8555
-1.2939
-1.8799
-1.9775
-1.416
-1.3428
-1.7578
-0.90332
-1.9043
-1.6357
-2.6855
-3.8574
-5.0049
-5.6396
-6.4453
-6.8848
-7.0313
-7.1045
-7.0801
-7.0801
-6.7627
-6.5918
-6.3232
-6.665
-6.958
-6.9336
-7.0313
-6.9092
-6.665
-6.4941
-6.3232
-6.0547
-5.835
-6.0059
-6.0303
-6.25
-6.4941
-4.834
1.5869
3.9307
5.8594
8.8379
9.8389
6.7627
7.959
9.4727
10.303
9.9121
10.864
11.499
12.036
11.841
12.134
12.524
12.817
12.695
13.062
13.159
13.086
12.964
12.915
12.671
12.549
12.622
13.086
13.11
12.939
11.328
4.248
2.9053
2.002
1.5137
1.2695
1.5625
0.90332
0.5127
0.5127
0.073242
-0.073242
-0.048828
-0.024414
0
-0.024414
0
0
0
0
0
0
0
0
0
0
0
0
0
0
-0.36621
-5.1025
-8.4961
-11.108
-13.257
-12.72
-15.576
-16.577
-18.042
-17.993
-17.09
-18.799
-19.287
-19.629
-18.652
-19.385
-19.629
-19.629
-17.993
-19.116
-20.02
-20.117
-19.849
-19.922
-19.824
-19.165
-20.068
-20.532
-19.946
-19.897
-19.043
-16.333
-13.745
-12.427
-11.499
-10.645
-10.059
-9.375
-8.4473
-8.0322
-7.666
-7.2021
-6.5674
-6.1768
-5.8838
-5.8838
-6.1523
-5.8838
-5.7129
-5.6396
-5.835
-5.542
-5.7373
-5.7129
-5.5664
-5.7617
-6.0303
-5.9082
-5.9814
-5.9082
-4.9561
0.39063
1.4404
3.4668
5.5908
3.8574
4.7852
6.2988
7.0313
6.1035
6.3965
7.3486
8.1055
8.1543
8.4717
8.7402
8.667
8.96
8.667
8.6914
9.0088
8.8867
9.1309
8.9111
8.8379
8.5449
9.0332
8.7158
8.7646
8.5205
8.1787
2.0264
-0.63477
-1.2939
-1.5137
-1.7334
-2.8809
-3.8086
-2.71
-3.833
-4.126
-3.4912
-4.6631
-4.4678
-4.6387
-4.3457
-4.834
-5.0049
-5.0537
-4.7119
-4.5898
-4.6143
-4.4678
-4.9561
-5.0293
-5.0781
-4.8584
-4.8096
-4.6875
-4.9316
-2.9053
1.2939
6.3477
8.1299
11.963
11.597
10.034
12.402
13.745
13.77
11.719
12.891
14.502
15.845
15.698
15.479
16.138
16.748
16.26
15.503
15.771
16.504
16.943
16.919
16.357
16.821
16.992
16.479
16.333
16.357
16.626
16.724
16.528
16.479
16.602
16.455
16.626
16.675
16.04
16.382
16.724
16.895
16.699
16.943
17.017
17.139
16.821
16.553
16.602
16.333
16.406
16.333
16.504
16.138
16.333
16.724
16.382
16.357
16.431
16.65
16.284
7.5684
2.2217
-0.56152
-2.2705
-0.83008
-1.5869
-1.123
-2.8564
-4.5898
-3.2959
-1.9531
-3.3691
-4.0527
-4.1504
-4.4922
-5.542
-5.9814
-5.6396
-5.8594
-6.1035
-6.0791
-6.3232
-6.4697
-6.3721
-5.9082
-6.0303
-6.0547
-5.835
-5.6641
-4.5654
-0.78125
0.83008
3.6377
6.3232
5.2979
4.2969
4.8584
6.6406
6.958
7.7637
8.3008
8.7646
8.8867
8.4473
9.1064
9.2285
9.2529
9.1553
9.4971
9.4482
9.3018
9.1064
9.0088
9.4971
9.5459
9.2529
8.8867
9.1797
9.082
9.0088
7.8125
9.9609
11.523
12.451
13.354
13.354
14.868
15.039
16.211
16.65
15.942
16.162
16.26
16.455
16.602
16.406
16.479
16.919
16.943
16.992
16.992
16.943
16.87
16.821
16.724
16.748
16.577
16.431
16.699
16.87
5.7861
-1.3184
-7.8613
-12.769
-14.746
-10.815
-13.477
-16.504
-16.992
-17.334
-11.743
-13.257
-16.406
-18.872
-18.872
-19.531
-20.166
-19.995
-15.161
-15.771
-19.165
-20.361
-20.557
-20.142
-19.507
-18.262
-19.995
-20.679
-20.776
-20.654
-9.1797
-1.2939
3.3447
6.6406
7.8369
8.8623
11.841
13.403
12.744
7.6416
9.668
12.329
14.136
15.039
15.991
12.036
10.376
11.768
14.038
15.552
16.406
16.65
13.77
13.403
14.868
15.601
16.187
16.113
15.405
15.381
13.599
11.572
11.084
10.254
9.4482
8.7402
8.3008
8.1299
7.666
7.0557
6.6895
6.0791
5.6641
5.6885
5.6396
5.7373
5.542
5.4688
5.1758
5.127
4.9561
4.9805
5.0293
5.0293
5.127
5.2246
5.4443
5.542
5.3467
5.3223
4.8828
7.5195
9.8633
11.328
11.621
12.598
13.135
13.745
14.478
15.039
15.161
16.04
16.699
16.895
16.943
16.943
16.748
16.772
16.431
16.382
16.528
16.724
16.309
16.431
16.699
16.724
17.041
16.748
16.382
16.846
11.157
5.6885
1.3916
0.48828
0.048828
-0.12207
-0.61035
0.048828
-0.073242
-0.70801
-0.90332
-0.36621
-1.416
-1.6357
-1.8311
-1.416
-1.7334
-1.6602
-1.3184
-1.709
-1.9043
-1.7334
-1.0498
-1.5625
-1.7334
-1.3916
-1.2695
-1.4404
-1.001
0.24414
0.95215
0.39063
1.8311
2.4902
3.6621
3.7354
4.126
4.4678
4.7119
4.3701
4.3701
4.2725
4.6631
4.0771
4.0039
4.3457
4.8828
4.541
4.4434
4.5898
4.6875
4.9316
4.6875
4.4434
4.4922
4.541
4.8828
4.5654
4.3457
0.024414
0
-3.0273
-4.1016
-3.4668
-3.1006
-5.5908
-7.4219
-7.8613
-7.9102
-8.0566
-9.4482
-9.082
-9.0332
-9.7656
-10.034
-10.352
-9.5703
-9.0088
-9.4971
-9.5215
-9.668
-9.7168
-9.5215
-9.7412
-9.5459
-9.4238
-9.8389
-9.4238
-9.5703
-7.373
-8.8135
-10.693
-10.864
-11.987
-12.769
-13.11
-13.232
-14.233
-14.526
-13.916
-14.111
-14.966
-15.088
-14.526
-14.502
-14.502
-14.648
-14.771
-14.502
-13.721
-14.136
-14.502
-13.989
-14.136
-13.745
-14.209
-14.478
-14.697
-15.161
-13.208
-10.107
-8.5449
-7.7393
-7.2021
-6.7383
-6.2012
-5.3711
-4.9805
-4.5654
-4.2969
-4.1016
-4.3945
-3.7109
-3.4668
-3.5156
-3.6865
-3.7598
-3.54
-3.7842
-3.7842
-3.9307
-3.8818
-3.9795
-4.0527
-3.9063
-4.0771
-4.126
-4.248
-3.6133
-1.0498
0.80566
3.3447
5.5176
7.2021
6.4453
5.5908
6.5186
6.6406
7.2754
7.6904
8.0078
8.4961
8.2031
8.6182
8.5693
8.0566
8.4473
8.374
8.8623
8.3984
8.8379
8.3252
8.9111
8.5938
8.6182
8.6182
8.374
8.5449
8.4229
5.6396
2.3193
1.3428
1.1719
0.5127
0.41504
-0.073242
-0.29297
-0.19531
-0.21973
-0.3418
-0.29297
-0.048828
-0.024414
0
0
0
0
0
0
0
0
0
0
0
0
0
0
-0.024414
0
1.0986
4.0039
6.4941
8.4961
11.67
11.108
9.0576
11.108
13.184
13.086
13.306
13.867
14.258
14.38
14.917
14.795
15.259
15.601
15.234
15.21
15.332
15.332
15.21
15.112
15.015
14.478
15.088
15.088
15.015
14.819
11.621
2.4902
-0.95215
-1.9043
-2.002
-2.0264
-4.4678
-4.3701
-4.3945
-2.9053
-2.8564
-6.2988
-6.8848
-7.2266
-7.3486
-7.2998
-7.2998
-7.2021
-6.9336
-7.2998
-7.5684
-7.251
-7.251
-7.2754
-7.4951
-7.1289
-7.1777
-7.5928
-7.7881
-7.2021
-7.1533
-6.25
-5.7617
-5.3223
-4.8828
-4.6631
-4.0039
-3.6133
-3.2959
-3.2471
-2.6611
-3.0273
-2.832
-3.2227
-3.1494
-2.8076
-3.3936
-2.9785
-3.3691
-2.832
-3.5645
-3.3203
-3.2959
-3.0029
-3.0273
-3.2471
-3.1494
-3.0518
-3.1494
-3.125
-0.43945
4.2725
7.2754
10.815
10.767
8.96
10.84
13.452
13.867
12.134
12.451
14.453
15.356
14.941
14.893
15.894
15.967
16.235
16.675
16.626
16.797
16.602
16.187
16.309
16.479
16.748
16.479
16.162
16.431
16.553
15.552
12.891
11.328
10.449
9.6924
9.0576
8.6914
8.1787
7.8369
7.4219
6.8115
6.1035
5.542
5.3955
5.1025
4.9561
5.1514
5.2002
5.1025
4.9316
4.8096
5.0537
4.4922
4.7119
4.9072
4.8096
5.0293
5.2734
4.9805
4.834
2.832
-1.9775
-1.9531
-4.8584
-3.7598
-4.1992
-7.7148
-8.5449
-9.5215
-7.373
-8.2031
-9.2529
-10.107
-9.1553
-9.79
-10.474
-10.278
-9.8389
-10.474
-10.962
-10.938
-10.718
-10.596
-10.352
-10.132
-9.9365
-10.498
-10.352
-10.864
-10.986
-10.01
-5.7861
-4.0527
-2.5146
-1.5137
-1.4893
-1.1963
-0.65918
-0.19531
-0.024414
0.097656
0.024414
0.048828
0.024414
0
0
0
0
0
0
0
0
0
0
0
0
0
0
0
0
-0.56152
-0.53711
-1.6846
-2.1973
-2.7588
-3.6865
-4.1748
-4.9561
-6.2744
-7.0068
-6.5186
-6.6406
-6.7871
-6.7871
-6.7383
-6.8848
-7.3486
-7.1289
-7.1289
-7.3486
-7.4463
-7.5195
-7.4463
-7.5195
-7.373
-7.0313
-6.9092
-6.9824
-6.7627
-6.8604
-6.5186
-3.833
-2.4902
-1.8066
-1.2207
-0.70801
-0.26855
-0.12207
0
0.024414
0
0
0
0
0
0
0
0
0
0
0
0
0
0
0
0
0
0
0
0
0.31738
4.0771
7.2754
10.278
12.329
9.5947
11.694
12.109
12.378
13.428
14.502
15.283
15.161
15.918
15.479
15.991
16.479
16.455
16.309
16.797
16.821
16.602
16.65
16.357
16.162
16.211
16.406
16.431
16.553
16.528
15.869
16.846
17.896
18.188
18.481
18.701
18.823
18.555
18.774
19.287
19.482
19.556
19.043
19.238
19.336
19.678
19.922
19.995
19.727
19.897
19.263
19.092
19.214
19.434
19.312
19.556
19.971
20.215
19.897
19.458
19.019
17.017
14.99
13.721
12.988
12.671
12.402
12.134
11.597
10.986
10.596
10.181
9.7656
9.5215
9.5703
9.5215
9.1309
8.667
8.5693
9.0576
8.8379
8.6426
8.2275
8.4961
8.8379
8.8135
8.8135
8.4961
8.6914
8.2275
8.7402
8.4229
10.083
10.327
10.84
11.206
11.523
11.035
11.499
11.67
11.841
11.89
11.67
11.987
12.109
11.938
11.89
12.378
12.305
12.012
11.621
12.012
12.451
12.256
12.134
11.89
11.963
12.012
11.694
11.328
10.645
1.9775
-2.0508
-4.5654
-8.8379
-6.9824
-4.5166
-8.8623
-8.5205
-10.889
-10.01
-6.9824
-8.3984
-11.304
-12.5
-12.378
-12.5
-12.793
-12.256
-11.914
-12.109
-11.89
-12.329
-12.451
-12.183
-12.061
-12.012
-11.963
-11.719
-12.183
-12.671
-12.793
-12.207
-12.134
-12.28
-11.646
-11.328
-11.426
-10.986
-10.767
-10.986
-11.475
-11.475
-11.328
-11.792
-11.792
-11.597
-11.45
-11.255
-10.962
-10.864
-11.353
-11.23
-11.06
-11.035
-11.133
-10.864
-10.596
-10.693
-11.426
-10.327
-9.3262
-11.06
-12.842
-14.795
-16.382
-17.09
-16.357
-17.627
-18.481
-17.798
-17.285
-18.14
-18.677
-18.091
-17.651
-18.604
-19.385
-19.189
-19.019
-18.286
-18.677
-19.409
-18.433
-19.287
-19.067
-19.312
-19.287
-18.652
-19.849
-18.823
-13.721
-8.252
-4.4678
-2.1729
-1.5137
-1.2939
-0.80566
-0.31738
-0.14648
-0.14648
-0.024414
0.12207
0.097656
0.29297
0.3418
0.024414
-0.097656
0
0
0
0
0
0
0
0
0
0
0
0
-0.19531
-2.417
-3.1494
-6.4697
-7.6904
-6.3721
-9.668
-9.79
-9.1797
-10.669
-10.596
-9.5947
-11.523
-10.693
-11.108
-11.987
-11.67
-11.328
-11.475
-12.158
-11.572
-12.012
-11.938
-11.206
-12.451
-12.231
-12.72
-12.549
-12.744
-12.085
-11.572
-12.305
-12.573
-12.817
-12.744
-13.257
-13.037
-13.062
-12.744
-12.939
-13.013
-12.817
-12.695
-13.184
-13.403
-13.086
-12.427
-12.598
-12.573
-12.988
-12.866
-12.988
-12.988
-12.671
-12.427
-12.451
-12.695
-12.72
-12.671
-13.013
-12.329
-3.3203
0.61035
3.0273
6.3232
8.5449
5.0781
5.6641
8.667
10.596
11.108
6.1279
6.0303
9.5215
10.962
11.792
11.475
10.181
10.4
11.572
12.109
11.255
10.913
11.475
11.841
11.768
11.694
11.572
11.841
11.89
11.67
8.1299
4.7852
3.4912
2.8076
2.6611
2.2705
1.7334
1.3428
1.0986
0.92773
0.43945
0
-0.097656
-0.073242
0
0
0
0
0
0
0
0
0
0
0
0
0
0
0
0
-3.7354
-7.0557
-11.108
-13.623
-12.646
-14.136
-15.039
-14.063
-14.38
-16.138
-17.139
-17.578
-17.285
-18.066
-18.384
-18.335
-17.627
-18.726
-19.775
-19.507
-19.727
-19.482
-19.702
-19.458
-19.067
-19.531
-19.165
-19.434
-19.702
-19.238
-8.7402
-0.56152
5.3223
7.5195
10.498
14.063
14.111
8.5938
10.864
13.501
15.698
16.968
16.04
7.5195
9.3262
13.159
15.674
17.114
18.53
19.067
17.505
13.623
14.722
16.455
17.676
18.164
18.433
16.333
15.649
16.968
16.26
14.209
13.184
12.5
11.694
11.182
10.913
10.522
10.083
9.5459
8.7402
8.0322
7.7148
7.4951
7.7393
7.5928
7.7148
7.373
7.5439
7.3242
7.2754
7.4219
7.8369
7.9346
7.5684
7.666
7.9102
7.666
7.8125
7.8125
6.3965
8.3984
9.1064
9.7412
10.278
11.108
11.548
11.963
11.987
12.256
12.622
12.793
12.817
12.793
12.72
12.427
12.183
12.524
12.744
12.476
12.231
12.134
12.354
12.402
12.231
12.524
12.524
12.305
11.963
4.6387
-1.7578
-4.126
-7.0068
-5.6396
-9.7656
-11.182
-12.207
-8.0322
-8.5449
-11.133
-13.306
-14.453
-15.039
-14.429
-11.646
-12.134
-13.794
-15.21
-15.43
-15.454
-15.161
-14.844
-14.697
-14.697
-14.795
-14.722
-14.917
-14.771
-15.161
-7.3486
-1.0742
2.3193
5.4688
5.9082
5.2002
7.251
9.6924
6.958
3.2959
6.3232
9.1553
10.254
9.668
7.7393
9.2529
10.059
10.474
10.229
10.547
10.571
10.962
10.62
10.596
10.669
10.645
10.669
10.913
11.011
10.962
2.8809
-2.9785
-7.3975
-9.3994
-12.988
-15.161
-11.646
-12.573
-15.991
-18.164
-17.92
-13.55
-16.455
-17.773
-19.141
-19.116
-17.065
-17.847
-18.994
-19.238
-18.799
-19.043
-19.287
-19.238
-19.067
-19.653
-20.264
-20.044
-19.922
-20.679
-11.499
-2.2949
4.7119
9.6924
11.621
10.693
11.304
13.623
14.966
10.718
12.842
15.967
17.651
18.994
12.402
11.89
14.331
17.041
19.165
19.971
19.336
14.038
15.161
17.749
19.556
19.8
18.945
19.238
19.849
20.166
19.263
16.504
14.99
13.892
13.086
12.915
12.793
12.378
11.792
11.45
11.157
10.498
9.9854
9.3506
9.4482
9.3262
9.4482
8.8135
8.8867
8.5449
9.0332
8.96
9.375
9.1309
9.3506
8.9844
9.1797
8.9111
8.8623
8.5205
7.7881
5.3711
4.5166
4.0771
3.4912
3.0029
2.1729
1.2939
0.73242
0.31738
0.24414
0.24414
0.024414
0
0
0
0
0
0
0
0
0
0
0
0
0
0
0
0
0
1.0742
5.5664
7.1045
11.279
14.014
13.135
12.549
15.039
15.747
15.576
16.211
17.212
17.212
17.505
17.92
18.066
18.311
18.506
18.604
18.726
18.774
18.457
18.457
18.604
18.481
18.701
18.652
18.774
18.652
19.141
17.114
13.501
11.621
10.01
8.8135
8.0078
8.0322
7.6172
6.9336
6.3477
5.835
5.3223
4.6631
4.5654
4.3457
4.2236
3.7109
3.5889
3.7842
3.6133
3.7842
4.0283
3.3691
3.833
3.9307
3.7842
4.0527
3.7842
3.5156
3.7109
1.9287
0.048828
-0.14648
-0.048828
-0.48828
-1.2695
-1.2207
-1.0742
-2.1484
-2.1484
-1.5137
-2.2461
-2.2217
-2.0996
-2.0996
-2.0996
-2.0996
-1.9775
-1.7578
-1.7578
-1.9775
-1.5381
-1.3672
-1.8311
-1.7578
-1.1719
-1.7578
-1.6357
-1.2939
-0.92773
-0.56152
2.0264
1.0742
2.3926
3.9551
4.2969
4.9805
5.6396
5.957
5.7861
5.9326
5.957
6.1035
6.0547
6.3477
6.543
6.4453
6.3232
6.3721
6.543
6.8359
6.8359
6.3232
6.2256
5.9082
6.0059
5.8594
5.6641
6.1523
6.4941
6.3477
6.6406
6.5918
6.8604
6.8604
6.7383
7.0313
6.8848
6.9092
7.251
7.1045
6.9336
6.9824
7.3486
7.4707
6.9824
7.0068
6.7383
6.8359
7.1533
7.1045
7.0313
6.8848
7.4219
7.3242
7.3975
7.3975
7.2021
7.4951
7.251
6.9092
5.6641
5.127
4.7852
4.126
3.7598
3.3203
2.7588
2.5146
1.6846
1.6357
1.4404
1.3184
1.123
1.5381
1.5869
1.5137
1.0498
1.3916
1.3916
1.4893
0.95215
1.5137
1.3916
1.4404
0.97656
1.3184
1.416
1.3916
1.3184
1.0742
2.5391
3.7598
4.4189
5.5176
6.3721
6.8115
7.7148
7.5928
8.252
8.3252
8.4229
8.4229
8.0566
8.6182
8.4961
8.8623
8.3252
8.8867
8.5449
8.7402
8.3984
8.3008
8.6182
8.3008
8.8867
8.6426
8.9111
8.5449
8.5938
8.1543
9.6924
12.231
14.648
15.381
15.698
14.941
15.698
16.895
17.627
18.286
18.408
18.579
18.481
18.359
18.115
18.384
19.116
19.092
18.799
19.141
19.434
19.409
18.628
18.774
19.336
19.336
19.116
19.263
19.556
16.602
5.835
-1.5137
-5.7373
-9.1553
-11.157
-6.665
-8.1787
-11.377
-13.208
-10.132
-5.8838
-9.8145
-12.231
-12.769
-13.721
-14.429
-13.379
-10.278
-12.134
-14.014
-13.672
-14.233
-14.404
-13.428
-13.159
-12.744
-13.257
-13.354
-13.916
-12.695
-12.451
-14.014
-16.064
-17.407
-17.236
-17.725
-18.066
-19.043
-19.531
-19.092
-19.312
-19.019
-20.093
-20.239
-19.751
-19.727
-19.653
-20.044
-19.727
-20.825
-21.191
-20.703
-20.63
-20.85
-20.752
-20.264
-20.41
-20.703
-20.337
-17.358
-9.6191
-4.6387
-0.63477
-0.53711
-0.097656
0.14648
1.1475
1.0498
0.1709
0.048828
0.68359
1.4404
1.6602
1.2451
1.9287
1.9531
1.6602
1.3184
1.5869
1.6846
1.2939
1.3672
1.5625
1.5381
1.2207
1.3184
1.5869
1.5137
1.1475
0.1709
-3.0518
-4.8096
-6.3965
-10.742
-9.9121
-8.6182
-9.8633
-10.376
-11.719
-12.109
-11.938
-12.842
-12.891
-12.573
-13.379
-13.721
-13.916
-13.745
-13.989
-13.843
-13.843
-13.452
-13.525
-13.794
-14.331
-14.355
-14.722
-14.868
-14.795
-12.842
-4.9805
-0.21973
0.68359
2.6123
1.6602
0.5127
0.65918
1.3672
1.9287
3.125
3.8818
4.0039
4.1748
4.6143
4.1016
3.7109
4.4434
4.7852
4.3945
4.3213
4.5166
4.7852
4.5654
4.7363
4.6387
4.5166
4.8828
4.4678
4.5898
3.9795
4.834
5.6396
6.3477
8.252
8.9355
9.375
9.375
10.132
10.034
9.6436
9.6924
9.79
10.034
10.107
10.278
10.352
10.352
10.547
10.083
10.303
10.278
10.718
10.913
11.182
10.596
10.547
10.571
10.254
9.8389
10.327
10.229
9.5215
8.7646
8.3252
7.8613
7.1289
6.9092
6.8115
6.665
6.5918
6.543
6.25
6.4697
6.7627
6.4209
5.7861
5.8838
6.1768
6.0547
5.9082
5.9814
6.1523
6.2744
6.3477
6.3721
6.3232
6.1523
5.9082
5.9082
6.25
1.5137
0
-0.024414
-0.048828
-0.21973
-1.001
-1.709
-2.0508
-2.4658
-2.2461
-2.4658
-2.6367
-2.417
-2.0996
-2.5146
-2.5879
-2.3438
-2.3926
-2.4658
-2.6855
-1.7578
-2.2461
-2.6367
-2.2217
-2.3438
-2.0508
-2.832
-2.1973
-1.9287
-1.9043
1.9043
5.249
9.6924
12.72
14.941
10.522
10.522
13.428
16.089
16.943
14.966
14.38
16.284
17.285
16.846
17.358
17.7
17.651
17.773
17.505
17.505
17.505
17.773
17.92
18.188
18.579
18.726
18.579
18.433
16.724
7.0068
-0.41504
-5.4443
-7.2754
-6.2012
-7.1289
-8.0078
-8.3252
-9.5947
-9.3018
-7.5439
-9.0576
-12.622
-13.696
-12.28
-10.376
-12.769
-13.794
-13.33
-12.939
-13.745
-14.185
-14.185
-13.696
-14.136
-14.258
-13.916
-13.794
-13.843
-14.355
-12.72
-11.182
-10.278
-9.8877
-9.4482
-9.0332
-8.3008
-7.1777
-6.6406
-6.6162
-6.5918
-6.3721
-6.2988
-6.2988
-6.2744
-5.9814
-5.9814
-6.1279
-5.9814
-5.9082
-5.9814
-5.8594
-5.7129
-5.8594
-5.7617
-5.6152
-5.6396
-5.7129
-5.835
-5.0781
0.83008
2.2949
5.3467
8.9355
10.571
8.1299
6.0303
8.374
11.06
12.573
11.23
10.547
11.816
12.842
13.208
12.891
12.817
13.232
13.11
12.915
12.305
12.109
12.524
13.062
13.281
12.744
12.598
12.915
13.208
12.671
4.0771
-3.0273
-6.7383
-10.742
-10.034
-11.768
-13.818
-13.281
-10.449
-11.792
-14.844
-15.332
-16.309
-14.478
-12.183
-14.478
-16.406
-17.651
-17.505
-15.723
-16.382
-16.797
-16.748
-16.26
-16.748
-17.676
-17.627
-17.188
-17.725
-17.871
-16.504
-17.188
-18.018
-18.164
-19.019
-19.092
-18.848
-19.092
-19.995
-20.483
-20.313
-20.703
-20.752
-20.63
-20.166
-19.629
-20.19
-20.093
-20.313
-20.117
-20.044
-20.239
-20.288
-20.581
-20.654
-20.679
-20.679
-20.776
-20.898
-20.044
-12.817
-7.5195
-3.7354
-0.097656
-0.14648
-0.12207
0
0.097656
0.5127
0.26855
0
0.41504
1.3184
1.8799
1.7822
1.1719
1.6602
1.6846
1.3428
1.123
1.6113
1.7578
1.5625
1.3916
1.4648
1.6602
1.2695
1.8555
1.6357
1.5381
0.65918
2.8564
3.8818
5.1514
5.9814
6.3965
7.3242
7.5928
7.8613
7.959
7.8369
8.4473
8.5205
8.1543
8.0566
8.1055
7.8613
8.0566
8.1299
7.7881
8.4473
8.4961
8.0811
8.5693
8.2764
8.2764
8.2275
7.9346
8.374
8.2031
8.252
8.2031
7.4707
7.8125
7.8613
7.2021
7.251
7.5439
7.5439
7.1289
7.5195
7.7881
7.4707
7.7637
7.4219
7.3486
7.1289
7.8125
7.9346
7.5684
7.8613
7.9346
7.5928
7.8613
7.8369
7.4707
7.1777
7.5928
7.4463
7.6416
8.0078
8.2275
8.96
8.3984
9.1064
9.0576
9.4971
9.4482
9.3018
9.5215
9.8633
9.2285
8.7158
8.6182
9.1064
8.8867
8.9844
8.8135
9.0576
8.5938
9.1797
8.9111
9.082
8.7402
9.2529
9.5947
9.7656
9.4482
9.0332
4.248
0.21973
-1.8311
-4.3945
-5.5664
-0.87891
-3.125
-4.9805
-6.1035
-6.7139
-6.0547
-4.9805
-5.0049
-5.5664
-5.6885
-6.0059
-6.5918
-6.7871
-6.8848
-6.9336
-7.0801
-6.6406
-6.3477
-6.5918
-6.665
-6.5186
-6.6162
-6.6162
-6.4697
-6.7383
-2.2949
-0.073242
1.1475
1.3916
1.8066
1.5137
2.3926
2.7344
3.6377
3.4668
3.4424
4.1016
3.7842
3.5156
4.1504
3.418
3.5156
4.0283
3.7598
3.7109
4.248
3.6621
3.9307
4.2969
3.8086
3.9795
4.126
3.7842
3.6621
4.0771
1.6357
-0.31738
-0.073242
-0.75684
-1.2939
-1.5625
-2.9297
-3.0029
-3.4668
-3.5645
-3.3936
-3.7109
-3.2715
-3.418
-3.7109
-3.3691
-3.4668
-3.1738
-2.8564
-3.6865
-3.9307
-3.5889
-3.7842
-3.6377
-3.8818
-3.8086
-3.3936
-3.8818
-3.7842
-4.0771
-0.70801
1.9043
4.4434
7.4219
8.5205
6.2012
5.3223
7.5928
8.5938
8.4961
9.5703
10.303
10.547
10.62
10.327
10.767
11.108
11.182
11.011
10.498
10.889
10.962
10.718
10.718
10.767
10.938
10.864
11.011
10.84
10.669
10.913
11.792
11.841
11.328
11.157
11.401
11.035
10.815
11.255
11.694
11.353
11.304
11.67
11.841
11.694
11.792
12.036
11.523
11.523
11.499
11.157
11.108
11.255
10.962
10.864
11.523
11.523
11.426
11.67
11.743
6.3232
-1.1475
-5.4199
-7.4707
-6.6406
-8.8379
-10.278
-8.1299
-6.7627
-8.7891
-12.329
-14.575
-14.551
-12.744
-10.791
-12.915
-14.502
-15.063
-15.088
-15.137
-14.526
-14.99
-14.819
-14.282
-14.624
-15.332
-15.088
-15.137
-15.21
-14.697
-14.648
-14.746
-14.722
-14.648
-14.111
-14.16
-14.258
-14.258
-14.185
-13.916
-13.281
-13.379
-13.55
-13.843
-14.111
-13.916
-14.063
-14.526
-14.722
-14.185
-13.965
-13.574
-13.159
-13.379
-13.184
-13.55
-13.721
-13.623
-13.965
-14.233
-8.6182
-0.63477
3.54
7.7637
9.8389
10.254
5.6396
7.2754
9.5947
11.67
12.744
10.645
6.5918
9.3506
11.377
12.671
13.94
14.16
12.354
9.5947
11.572
12.915
13.501
13.379
12.988
13.11
13.135
13.428
13.818
13.721
13.647
13.257
12.891
12.5
12.28
12.305
12.134
11.67
11.133
11.694
11.621
11.816
11.938
12.134
12.012
11.792
11.45
11.743
11.865
11.426
10.938
10.791
11.45
11.816
11.694
11.89
11.987
11.792
11.084
11.377
8.374
3.0029
0.21973
0
-1.8066
-0.073242
-0.43945
-0.97656
-0.48828
-2.2705
-2.8076
-2.124
-2.9297
-3.0762
-2.6611
-2.2705
-3.0273
-2.9053
-2.7832
-3.0762
-3.2227
-2.8809
-3.0518
-3.2227
-2.9541
-2.9541
-2.9541
-2.6611
-2.7832
-2.9053
-3.5889
-5.3955
-5.8838
-9.3506
-9.8145
-8.9355
-11.084
-12.012
-12.598
-12.573
-13.721
-14.868
-15.161
-14.917
-15.015
-14.771
-14.917
-15.698
-15.723
-15.601
-15.649
-16.211
-16.162
-16.016
-15.43
-14.893
-14.966
-15.21
-15.21
-15.112
-15.405
-15.015
-14.624
-14.453
-13.721
-13.013
-12.549
-12.231
-12.134
-12.109
-12.134
-12.378
-11.987
-11.719
-11.914
-11.67
-11.841
-11.499
-11.401
-11.206
-11.67
-11.719
-11.792
-12.036
-11.89
-12.231
-11.938
-12.378
-12.427
-12.061
-11.841
-10.522
-9.8145
-9.3506
-8.8135
-8.0322
-7.5439
-7.251
-7.1533
-6.6162
-6.5186
-6.2988
-6.0547
-5.6885
-5.5908
-5.7617
-5.835
-5.7617
-5.8838
-5.6152
-5.8838
-6.0303
-5.835
-5.9326
-5.835
-5.7861
-5.6885
-5.4443
-5.2979
-5.542
-4.2969
-5.1514
-5.9082
-4.8584
-7.9346
-7.9102
-8.4717
-8.667
-9.1309
-9.3506
-9.5215
-9.2041
-9.5703
-9.4482
-8.96
-8.7891
-9.2285
-8.667
-8.8623
-8.252
-9.0332
-8.9844
-9.0088
-9.3018
-9.1797
-9.4482
-8.96
-9.1064
-9.1064
-9.2529
-7.5684
-7.3486
-9.4482
-11.401
-11.89
-13.037
-13.379
-14.331
-15.381
-15.503
-15.552
-16.089
-15.723
-15.967
-16.724
-16.724
-16.284
-16.406
-16.846
-16.406
-16.333
-16.504
-16.577
-16.333
-16.846
-16.797
-17.188
-17.163
-17.407
-17.261
-14.209
-5.8594
-0.21973
1.7334
2.832
3.0273
3.9307
3.8574
3.8574
3.2959
5.542
5.7617
5.0049
6.6895
7.7637
7.0801
8.0322
8.4717
8.2764
8.4961
8.0566
8.5693
8.8379
8.5449
8.8135
8.3252
8.8379
8.5938
8.667
8.374
8.6914
7.5439
6.8604
6.543
6.2744
5.957
5.2979
4.7852
3.8086
3.9063
2.832
3.2715
2.832
3.0273
3.0518
2.9053
3.1738
2.9053
3.54
2.8809
3.5889
3.0029
3.4424
3.125
2.9541
3.5156
3.0762
3.54
3.1982
3.4424
3.0273
3.3447
4.1016
3.9307
3.833
4.2725
3.7109
4.1748
4.0039
4.4922
4.0527
4.1748
4.3457
4.6387
4.3701
4.6143
4.541
4.9561
4.4922
4.6143
4.6387
4.7852
4.8828
4.7363
4.248
4.3457
4.8584
4.4678
4.3213
4.3457
3.833
4.541
7.0801
9.1064
9.3018
9.668
10.01
10.107
10.034
10.962
11.45
11.45
11.67
11.694
11.987
12.085
12.085
12.256
12.5
12.256
11.841
11.597
11.914
12.183
12.012
11.597
11.719
11.841
11.865
11.743
11.865
9.9121
8.3496
7.7637
7.251
6.7627
6.3232
5.6885
5.127
4.6631
4.5898
4.4434
3.9551
3.6621
3.2715
3.1006
3.0762
2.7588
3.2959
2.8076
3.2959
2.71
3.3691
2.71
3.2471
2.8564
3.1006
2.6123
3.3447
3.0518
3.125
4.0283
5.957
7.8613
9.7412
10.229
9.9365
11.328
12.158
11.89
12.378
13.037
13.672
13.892
13.721
13.501
13.745
13.403
13.477
13.135
13.428
13.452
13.574
13.403
13.55
13.428
13.794
13.989
14.111
14.136
13.696
11.816
10.352
9.9609
9.5459
9.1064
8.252
7.5928
7.373
7.0557
6.2012
5.8105
5.6396
5.5908
5.249
5.0781
5.2734
5.6885
5.8105
5.8105
5.6885
5.3223
5.1758
5.0781
5.249
5.4199
5.3955
5.1514
5.1758
5.2246
5.2246
5.1758
4.3701
4.7363
4.126
4.0283
4.0771
4.3457
3.7842
3.54
4.0283
3.2715
3.4668
3.8086
3.6621
3.9795
4.248
3.9063
3.8818
4.5898
3.9063
3.8574
4.0771
3.9795
3.7842
3.8818
4.3701
3.833
3.9795
4.541
4.3701
6.2012
9.1553
11.45
13.77
13.77
13.354
14.453
15.259
15.991
16.968
17.212
17.31
17.114
17.261
17.212
17.627
17.896
18.042
18.091
18.14
18.311
18.213
18.359
18.164
18.018
17.969
18.433
18.262
17.871
17.749
18.018
18.359
18.14
18.042
18.286
18.359
18.433
18.018
18.042
18.115
18.042
17.798
17.969
18.164
18.555
18.579
18.018
17.993
18.164
18.115
17.969
17.603
17.92
18.506
18.701
18.555
18.018
18.188
18.164
17.969
17.969
17.603
17.725
17.92
17.822
17.896
17.896
17.871
17.432
17.676
17.627
17.578
17.261
17.334
17.114
17.31
17.456
17.334
16.968
16.87
17.212
17.432
17.676
17.383
17.676
17.92
17.847
17.114
17.188
17.432
8.1787
2.417
-2.2705
-3.3691
-4.0283
-2.9297
-4.0527
-7.373
-8.0078
-5.8105
-2.8564
-5.9326
-8.4961
-9.4971
-10.156
-10.132
-8.252
-7.7393
-8.1299
-9.7412
-9.8389
-9.5947
-9.7656
-10.352
-10.474
-10.132
-10.474
-10.889
-10.669
-10.449
-9.668
-10.962
-11.157
-11.084
-11.206
-12.183
-12.427
-12.158
-12.012
-12.305
-12.378
-11.914
-12.329
-12.646
-12.646
-12.549
-12.231
-12.256
-12.476
-12.036
-12.183
-12.28
-12.085
-12.085
-11.938
-12.354
-12.598
-12.354
-12.598
-12.378
-5.127
-0.68359
1.6602
4.2725
5.8105
2.9785
2.4414
5.5664
6.3721
8.0322
4.5166
4.1016
6.1768
7.5928
8.3984
8.3008
7.4707
7.7148
7.959
8.0322
7.666
7.8125
8.2764
8.0078
8.4717
8.4473
8.1055
7.8857
7.9346
8.2275
7.4707
5.9082
5.127
4.834
4.2969
3.8818
3.0518
2.2217
2.1973
1.6357
1.6602
1.4893
1.0498
0.78125
1.1963
1.2939
1.3184
1.0254
1.1475
1.5137
1.4404
1.3428
0.73242
1.3428
1.416
1.4648
1.0986
1.4404
1.4404
-0.92773
-2.0264
-3.3936
-6.5186
-7.8125
-6.2988
-7.2754
-10.083
-10.962
-10.01
-10.352
-10.718
-10.693
-11.035
-11.182
-11.279
-11.377
-11.23
-11.328
-11.279
-11.401
-11.865
-11.597
-11.182
-11.548
-11.279
-11.084
-10.669
-11.206
-11.328
-9.3262
-6.8848
-6.0547
-5.6641
-5.6396
-5.3467
-4.8584
-4.248
-3.8818
-3.1006
-2.832
-2.124
-2.4658
-1.9287
-2.2217
-2.1973
-1.6357
-2.3438
-2.1973
-1.1475
-2.1973
-2.2949
-2.002
-2.0264
-1.2207
-1.6357
-2.0264
-1.5625
-1.7822
-2.0508
-1.5625
-2.5146
-2.2949
-1.0742
-2.3438
-2.5146
-2.3926
-2.2217
-2.417
-2.5391
-2.2949
-2.3682
-2.5879
-2.5635
-2.1973
-2.0752
-2.4902
-2.4658
-1.8555
-2.2461
-2.2217
-1.8555
-1.2207
-2.0996
-1.7578
-1.6602
-1.8799
-1.4648
-1.6602
-1.9775
0.19531
0.75684
1.8555
3.8086
5.542
6.3721
7.0068
7.3975
8.5205
8.7158
8.8135
9.082
8.7158
8.9844
9.4727
9.1797
9.6924
9.375
9.5215
9.0088
8.9844
9.668
9.375
9.5215
9.4482
9.8389
10.132
9.668
9.7656
9.5459
4.4434
-2.8076
-6.665
-8.8379
-10.669
-11.45
-12.769
-9.4482
-10.938
-14.233
-15.381
-15.747
-14.648
-12.622
-14.526
-15.991
-16.821
-17.017
-16.284
-15.845
-16.528
-16.65
-16.821
-16.846
-16.748
-16.968
-16.919
-17.09
-17.188
-16.919
-12.573
-6.1523
-0.70801
-0.21973
0.90332
0.26855
1.1475
1.5625
1.1475
0.65918
1.3672
1.9287
2.5391
2.1729
2.7588
2.2949
2.5146
2.6855
1.9775
2.4658
2.2705
2.6123
2.5146
2.5391
2.7832
2.1729
2.6855
2.417
2.6611
2.3926
0.90332
-1.0986
-0.73242
-0.46387
-2.3193
-2.2949
-3.5889
-3.7354
-4.0283
-4.5654
-4.248
-4.4678
-4.7607
-5.0293
-4.7852
-4.8828
-4.1992
-4.1504
-4.1748
-2.9541
-3.6865
-4.6631
-4.5654
-4.4678
-3.9551
-4.4434
-3.3203
-3.2715
-4.1992
-3.833
-4.8584
-6.8115
-10.352
-11.694
-11.475
-12.842
-13.354
-14.697
-16.064
-16.65
-16.455
-16.138
-16.528
-16.357
-16.626
-17.114
-17.432
-17.603
-17.749
-17.651
-18.335
-18.555
-17.456
-17.505
-17.822
-18.042
-18.213
-18.066
-18.604
-18.042
-17.383
-15.137
-13.745
-12.842
-12.427
-11.914
-11.279
-10.962
-10.596
-9.8633
-9.8633
-9.5947
-8.8867
-8.8135
-7.8369
-8.2764
-8.1299
-8.0078
-8.5449
-7.9834
-7.9102
-7.2266
-7.4219
-8.4717
-8.9111
-7.9102
-7.373
-8.4229
-8.3496
-8.7891
-5.0781
0.024414
2.0508
4.3945
6.2012
6.0059
4.3457
6.0059
7.7393
8.2764
6.4941
6.6895
8.1299
8.4961
8.5938
8.1543
8.9111
9.2529
9.5947
9.5703
9.4482
8.9111
9.0576
8.8379
9.0088
8.667
8.7646
8.7891
9.082
9.0088
8.252
6.0059
5.3955
4.5898
4.126
3.5156
3.0029
2.3438
1.6846
0.90332
1.3672
1.2207
1.0742
0.83008
0.65918
0.39063
0.85449
0.80566
0.78125
0.75684
0.56152
0.58594
0.58594
0.39063
0.29297
0.39063
0.56152
0.53711
0.46387
0.46387
0.92773
1.001
3.3447
4.6387
5.3955
6.0303
6.3477
7.1289
7.251
7.7148
7.8613
7.7393
7.5928
8.1055
8.0566
8.0811
8.0322
7.4951
7.7148
8.1299
8.3252
8.4229
8.374
7.6416
8.3496
8.2275
8.1543
8.0078
7.6904
7.9346
7.4707
5.3467
4.2236
3.6865
3.2959
2.832
2.3193
1.5137
0.63477
0.41504
0.58594
0.56152
0.39063
0.12207
0
0
0
0
0
0
0
0
0
0
0
0
0
0
0
0
-0.19531
-0.61035
-2.0752
-1.9775
-2.9297
-3.4424
-4.6387
-5.5908
-5.835
-6.5186
-6.4941
-6.25
-6.8848
-7.1533
-6.958
-6.8604
-6.3721
-6.8359
-6.9336
-6.8604
-6.9336
-7.1289
-6.958
-7.0801
-7.4707
-7.5439
-7.5195
-7.5684
-7.5439
-7.5928
-5.1025
-2.2705
-0.87891
-0.21973
-0.097656
-0.073242
0.024414
0.097656
0.19531
0.29297
0.36621
0.36621
0.31738
0.26855
0.21973
0.19531
0.1709
0
0
0
0.024414
0.024414
0.024414
0
0.024414
0.024414
0.024414
0.024414
0.048828
0.073242
-0.58594
-3.3203
-4.7607
-8.2275
-9.082
-6.3477
-9.4727
-11.353
-10.034
-9.7656
-11.743
-12.5
-12.183
-12.671
-12.524
-12.573
-12.524
-12.866
-13.013
-12.939
-12.72
-12.305
-13.281
-13.574
-13.11
-13.281
-13.403
-13.477
-13.403
-13.916
-13.721
-13.33
-13.159
-12.671
-12.329
-12.28
-12.573
-12.72
-12.378
-12.109
-12.866
-12.915
-13.159
-12.817
-12.915
-12.866
-12.231
-12.5
-12.793
-12.5
-12.427
-12.842
-12.842
-12.72
-12.72
-12.695
-12.646
-12.402
-11.938
-11.548
-12.256
-11.353
-10.425
-10.034
-9.7412
-9.3506
-8.9111
-8.4961
-7.7393
-7.6416
-7.7393
-7.3975
-6.6406
-6.5918
-6.1768
-6.0547
-6.3477
-6.665
-6.6406
-6.3965
-6.2744
-6.665
-7.3486
-7.5684
-7.2998
-7.1777
-7.2754
-7.251
-7.0557
-6.8604
-4.9072
1.9043
6.6895
11.768
12.915
10.913
11.987
14.746
16.968
12.036
11.841
14.771
16.87
18.726
19.067
16.626
16.431
17.822
19.092
19.678
19.189
17.725
18.237
18.97
19.287
19.092
19.067
19.482
19.897
20.068
18.14
9.2773
3.5156
-0.26855
-1.7822
-1.001
-1.6357
-2.9785
-3.3936
-4.8828
-5.542
-2.2949
-0.75684
-2.832
-4.7852
-5.5664
-5.6152
-4.8828
-4.4189
-5.0293
-5.0537
-4.6143
-4.9561
-4.7119
-4.6387
-4.7852
-4.5654
-4.1992
-4.5654
-5.1514
-5.2734
-4.5898
-7.8369
-8.9355
-10.303
-10.4
-11.328
-12.305
-12.671
-13.281
-13.599
-13.281
-12.183
-12.427
-12.842
-13.037
-13.159
-13.33
-13.599
-13.843
-13.94
-13.94
-13.794
-13.135
-12.769
-12.695
-12.964
-12.866
-13.208
-13.599
-12.769
-9.9365
-7.7881
-6.6895
-5.7617
-5.4688
-4.8584
-4.1016
-3.2959
-2.7344
-2.2217
-1.3916
-1.8066
-1.9531
-1.416
-1.5381
-0.90332
-1.2207
-1.3916
-1.6357
-1.2939
-1.2695
-1.123
-0.78125
-0.70801
-1.3916
-1.2939
-1.3184
-0.61035
-1.0986
-0.90332
0.36621
2.3438
1.5381
2.5879
4.9805
5.5176
6.1279
6.7139
6.958
7.0068
7.0068
6.543
6.8115
7.0557
7.3242
7.373
6.9336
7.2998
7.1777
7.251
7.0801
6.8115
6.958
7.1777
7.373
7.2021
7.4463
7.373
7.3975
7.0313
-0.36621
-5.127
-8.4229
-11.646
-10.938
-10.474
-14.014
-15.039
-14.941
-11.89
-13.794
-15.942
-17.261
-18.042
-17.871
-16.309
-16.138
-17.651
-18.677
-18.604
-17.334
-17.676
-18.115
-17.212
-17.334
-17.896
-18.774
-18.774
-18.14
-18.701
-18.555
-17.432
-16.455
-15.918
-15.576
-15.674
-15.479
-15.112
-15.186
-14.648
-14.331
-13.599
-13.77
-13.623
-13.672
-14.136
-14.502
-14.526
-14.624
-14.38
-14.6
-14.429
-14.014
-13.745
-13.232
-13.647
-13.94
-13.818
-14.233
-14.355
-9.6436
-7.251
-5.6152
-5.1514
-4.3213
-4.1748
-3.5156
-2.7344
-2.124
-1.4404
-0.83008
-0.29297
-0.1709
-0.29297
-0.39063
-0.14648
-0.024414
-0.073242
-0.048828
-0.097656
-0.14648
-0.19531
0
0
0
0
0
0
0
0.024414
1.1963
3.2227
4.541
7.0313
8.5693
7.7637
7.6416
9.1553
9.6924
10.229
10.327
10.352
10.791
10.693
10.913
10.669
11.23
10.913
10.645
10.791
11.084
10.522
11.011
10.864
10.986
11.182
11.133
10.449
10.522
10.742
5.4199
1.416
0.73242
-0.24414
-0.14648
0.048828
-0.41504
-0.83008
-0.87891
-1.3428
-2.002
-2.0996
-1.8555
-2.0264
-2.0752
-1.7822
-1.6602
-2.0264
-1.9287
-1.4404
-1.6357
-1.9043
-0.92773
-1.4893
-1.4404
-1.2695
-0.95215
-1.3184
-1.7334
-1.0254
-0.26855
0.29297
0.56152
0.92773
1.5625
2.4658
2.4414
2.2949
2.9297
2.5146
3.1006
2.5146
3.0762
2.5879
3.0762
2.6367
3.2227
2.6367
3.1738
2.6123
3.0273
2.6123
3.125
2.5635
3.1982
2.6855
2.9785
2.6611
3.0762
2.2705
-2.2217
-5.6152
-10.62
-13.11
-10.596
-11.499
-15.674
-16.064
-17.236
-15.039
-14.648
-16.772
-17.554
-18.872
-19.116
-19.36
-18.384
-18.579
-19.458
-19.751
-19.458
-18.53
-18.53
-18.506
-17.847
-19.287
-19.824
-19.434
-19.36
-19.36
-15.234
-10.181
-7.4463
-5.2002
-4.834
-5.1025
-4.8584
-4.3213
-4.0527
-3.7842
-3.3447
-2.9297
-2.5391
-2.124
-1.6846
-1.2207
-1.2939
-1.0986
-0.87891
-0.48828
-0.097656
-0.61035
-0.95215
-0.95215
-0.97656
-0.58594
-0.1709
-0.024414
-0.92773
2.417
4.8828
6.3477
10.938
11.914
10.84
10.669
11.279
13.208
13.477
14.185
14.502
14.624
15.308
15.332
15.625
15.527
15.918
15.967
15.771
16.04
15.771
15.942
16.211
16.309
15.991
16.382
16.357
16.04
16.309
15.43
13.55
12.671
12.134
11.646
11.279
10.913
10.376
9.7412
8.96
8.6426
8.1787
8.5693
8.3496
8.3008
8.5205
8.5205
8.6914
8.5693
8.2031
8.1299
8.3252
8.3008
8.4473
8.1299
8.252
8.2031
7.7637
7.8857
8.0811
8.0566
8.6182
8.5205
8.9111
9.082
9.4482
8.7646
9.0576
8.7158
9.0088
8.9355
9.2285
8.667
8.9844
8.4961
9.3018
8.7891
9.0088
8.7891
9.0576
9.0088
9.375
9.2285
8.9844
9.2285
8.8623
8.9844
8.8379
8.9355
8.7646
7.7881
9.4727
10.986
13.184
14.575
15.601
15.674
16.431
16.748
17.139
16.919
17.065
17.163
17.334
17.603
17.651
17.676
17.773
17.627
17.603
17.92
18.066
17.993
17.871
17.822
17.822
17.407
17.48
17.529
17.749
13.794
9.0576
6.1279
3.833
3.125
3.2227
2.9785
1.9531
1.4648
1.2451
0.70801
0.073242
0.097656
0.31738
0.56152
0.48828
0.073242
-0.097656
-0.048828
0
0
0
0
0
0
0
0
0
0
0
-2.0752
-6.1523
-9.0088
-12.012
-13.379
-11.89
-14.014
-16.382
-15.845
-15.454
-17.285
-17.7
-16.602
-17.969
-18.774
-19.141
-18.408
-18.042
-18.726
-18.896
-17.871
-18.018
-18.481
-19.36
-19.36
-19.141
-19.507
-19.141
-18.677
-18.53
-16.699
-10.645
-6.6162
-4.1748
-2.3438
-1.709
-1.9287
-1.3916
-0.78125
-0.87891
-0.65918
-0.21973
0
0.073242
0
0
0
0
0
0
0
0
0
0
0
0
0
0
0
0
0.92773
2.0996
3.2959
5.957
8.1299
7.2021
7.7637
9.1553
10.449
10.669
10.693
10.962
11.353
11.597
11.475
11.67
11.279
11.182
11.255
11.377
11.328
11.597
11.304
11.133
11.426
11.523
11.377
11.401
11.377
11.597
7.4219
0
-1.0254
-4.0527
-7.0801
-4.248
-4.1504
-8.4229
-8.9844
-9.9121
-9.9854
-7.3242
-8.1787
-9.668
-10.986
-11.06
-11.084
-11.06
-11.157
-9.5215
-9.9609
-11.45
-11.572
-11.23
-11.06
-11.377
-11.328
-11.035
-11.133
-11.768
-10.938
-7.8125
-5.9326
-5.3955
-4.9561
-4.7607
-3.9551
-2.0508
-1.3916
-1.6113
-1.1963
-0.48828
-0.073242
-0.92773
-0.68359
-0.78125
-0.75684
-0.75684
-0.12207
0
-0.43945
-0.73242
-0.70801
-0.78125
-0.75684
-0.70801
0
0
-0.48828
-1.001
-0.29297
2.1484
1.4648
3.8818
3.7109
3.5156
4.248
5.2002
5.6641
5.9082
5.957
6.1768
6.1279
6.1035
6.1523
5.8594
5.8105
5.9082
5.9326
6.25
6.2988
6.4209
6.4697
6.4941
6.4453
6.4209
6.5186
6.4941
6.3477
6.1035
3.418
-1.1719
-3.7842
-5.3467
-6.9824
-5.1025
-7.9102
-9.5459
-11.133
-9.8145
-9.3994
-11.67
-12.939
-13.232
-11.743
-12.891
-13.818
-13.257
-12.622
-12.695
-12.622
-12.769
-12.842
-13.037
-12.671
-13.184
-13.525
-13.672
-13.428
-12.915
-12.549
-9.5703
-7.5439
-6.543
-5.9814
-5.5908
-5.2734
-4.4678
-3.8574
-3.3447
-2.8809
-2.8076
-2.8809
-2.6611
-2.5391
-2.4658
-2.2217
-2.3193
-2.1729
-2.3926
-2.0752
-1.7334
-2.6367
-1.8799
-2.4902
-2.3438
-2.2461
-2.2949
-1.0254
-2.3438
-2.0264
-6.6895
-8.8379
-12.939
-14.941
-10.864
-13.477
-16.333
-17.773
-16.406
-17.139
-18.042
-18.164
-17.358
-17.847
-18.359
-18.359
-18.53
-19.531
-19.653
-19.458
-18.97
-19.019
-18.896
-18.311
-19.214
-19.629
-19.629
-19.238
-19.043
-16.553
-5.6396
-1.2207
3.1738
4.8828
4.6387
4.2725
5.8838
7.8857
7.1777
2.8809
4.1016
7.3486
9.3018
9.2773
6.9824
7.1289
8.5693
9.668
9.9609
9.3994
9.8389
9.8145
9.9121
9.8389
9.3506
9.6924
10.083
9.79
9.6924
8.1055
2.6611
-0.073242
-0.90332
-1.123
-0.41504
-1.9531
-1.8311
-1.2939
-3.1738
-2.2705
-3.2959
-3.54
-3.6865
-4.0527
-3.6377
-3.6133
-3.833
-4.1748
-3.8086
-3.833
-4.4434
-3.9307
-4.126
-4.126
-4.0039
-3.6865
-4.126
-4.2969
-3.6377
-2.1729
2.3438
4.5898
8.9111
11.035
8.6182
9.4238
12.28
13.208
11.963
11.206
12.915
13.818
14.258
14.185
14.551
15.015
14.404
14.453
14.209
14.746
14.99
14.966
14.624
14.624
15.063
15.698
15.796
15.112
14.941
12.402
2.4414
-1.6113
-5.6641
-5.4443
-6.3477
-11.548
-12.134
-12.891
-8.8623
-7.0801
-10.596
-13.037
-14.404
-14.258
-14.819
-13.721
-11.353
-12.622
-14.575
-15.186
-15.723
-15.649
-14.6
-14.722
-14.502
-14.429
-14.648
-14.111
-14.38
-12.622
-4.6387
0.12207
2.002
5.0537
3.8086
5.9814
6.1523
5.8105
2.6611
4.248
6.5918
7.7881
6.8115
6.1768
7.5195
8.1055
8.7402
8.1543
8.2764
8.3496
8.4961
8.7891
8.4717
8.7891
8.4229
8.8379
8.4473
8.8379
8.1787
8.0811
9.082
10.718
13.232
15.552
16.943
16.943
17.456
18.237
18.677
18.774
18.75
19.189
19.702
20.093
20.508
20.166
20.02
20.361
20.361
20.288
20.483
20.435
20.581
20.239
20.288
20.288
20.19
20.313
20.605
20.117
15.918
13.55
11.914
10.474
9.5215
9.0088
8.8867
8.2275
7.7148
7.3486
6.8848
6.0791
4.8828
4.7119
4.6875
4.3945
4.6387
4.4922
4.5654
4.2236
4.5654
4.1748
4.0039
4.4189
4.9561
4.9316
4.834
4.5166
4.541
4.5898
1.0254
0
-0.024414
-0.1709
-0.63477
-0.63477
-1.2695
-0.87891
-1.9287
-1.8555
-1.001
-2.0508
-2.124
-1.4893
-2.002
-2.002
-1.6357
-2.2461
-1.7578
-1.0742
-1.4404
-1.9775
-1.8311
-0.5127
-1.3916
-1.7334
-1.6357
-1.2939
-0.68359
-0.73242
0.29297
2.4658
3.3203
4.834
5.0537
5.2979
6.5674
6.4453
7.1777
7.1777
7.1289
7.2021
7.2998
7.7393
7.8125
7.3242
7.6416
7.666
7.2998
7.4707
7.5684
7.5684
7.1045
7.6172
7.6904
7.5195
7.7393
7.9102
7.666
7.5439
4.9805
2.9297
1.9531
1.4404
1.0986
0.65918
0.1709
0.048828
0
-0.024414
0
0
0
0
0
0
0
0
0
0
0
0
0
0
0
0
0
0
0
0.19531
3.7109
7.5195
9.4238
13.281
13.159
11.523
13.379
15.601
15.723
14.868
15.894
16.772
17.432
17.432
17.651
18.433
18.311
18.335
18.677
18.53
18.555
18.384
18.164
18.457
18.628
19.092
18.97
18.506
18.481
18.311
13.086
9.9609
7.9834
6.25
5.4688
5.2246
4.6875
4.3457
3.9063
3.0518
2.2461
1.6357
1.3428
1.123
0.90332
0.75684
0.68359
0.75684
0.68359
0.58594
0.12207
0.31738
0.65918
0.58594
0.29297
0.48828
0.70801
0.65918
0.63477
0.63477
1.3184
2.71
3.7842
5.8594
5.6641
6.5674
7.5195
7.9102
8.4961
8.6914
8.5693
9.2285
9.4971
9.5703
9.2773
8.7158
8.7891
9.3994
9.3506
9.3262
9.1309
9.4482
9.8389
9.8145
9.0576
8.7158
9.0332
9.5703
9.5947
9.0332
8.9844
9.9365
11.597
14.185
14.429
14.355
14.331
15.552
15.796
15.527
15.576
16.064
16.626
16.357
16.382
16.724
16.357
16.284
16.504
16.528
16.089
16.577
16.748
16.479
16.797
16.772
16.675
16.577
16.284
16.064
15.552
14.282
13.477
13.086
12.549
12.085
11.694
11.255
10.742
10.815
9.9365
9.9854
10.132
10.083
9.7656
9.4971
9.1797
9.6924
9.4238
9.3506
8.9844
9.2041
9.6191
9.3262
9.6191
9.375
9.1797
9.3994
9.3506
9.3506
2.6855
-3.8086
-8.6182
-12.158
-10.205
-11.255
-14.038
-15.308
-12.305
-12.769
-15.503
-17.676
-18.018
-17.7
-15.21
-15.771
-16.943
-18.262
-17.578
-16.284
-18.286
-18.896
-18.286
-18.237
-18.652
-18.872
-18.433
-18.359
-19.043
-18.896
-9.9854
-3.1494
0.3418
3.2959
4.9561
4.6631
3.2227
2.5879
5.4688
7.2021
5.7861
4.1016
5.0537
7.1533
7.1777
6.9336
7.4463
8.4473
8.8379
8.5449
8.4961
8.3252
8.7646
8.2275
8.4717
8.7158
8.5449
8.7891
8.6426
2.7832
-2.71
-7.7148
-11.572
-13.379
-10.107
-9.5215
-13.55
-15.625
-15.894
-17.09
-14.819
-12.061
-14.795
-16.333
-18.604
-18.701
-18.188
-17.847
-16.895
-17.334
-18.237
-18.311
-18.262
-17.993
-18.164
-18.457
-17.603
-17.505
-18.115
-18.359
-17.725
-17.139
-16.748
-16.846
-16.431
-16.504
-16.724
-16.528
-16.187
-16.406
-16.064
-16.089
-16.284
-16.064
-15.649
-16.04
-16.089
-15.942
-16.016
-16.016
-16.016
-16.113
-15.552
-15.771
-15.991
-15.625
-15.649
-16.138
-16.455
-8.667
0.21973
3.7842
9.1797
13.086
14.087
8.5205
9.7412
13.721
16.406
17.92
18.14
9.8145
10.205
13.818
16.382
18.14
19.482
19.849
20.19
15.186
14.307
16.284
17.944
19.238
19.678
18.652
17.017
17.773
18.701
12.598
3.1738
-2.71
-4.2969
-8.0078
-11.304
-9.0576
-5.0293
-8.3984
-12.012
-12.036
-13.257
-10.01
-7.373
-11.157
-12.646
-13.428
-14.087
-13.843
-12.085
-12.256
-12.939
-13.501
-14.014
-13.843
-14.624
-15.063
-14.844
-14.478
-14.355
-8.4473
-2.1484
0.39063
2.7344
3.6865
2.124
3.3203
6.2012
6.25
2.7832
3.418
5.1514
7.1533
7.5195
6.4209
6.8359
7.2754
7.5439
7.5439
7.3486
7.8125
7.9834
7.8125
7.5195
7.8125
7.9102
7.7393
8.0566
7.7393
7.2754
6.6406
7.8369
9.375
10.034
11.328
11.157
11.597
11.743
11.987
12.085
12.085
12.305
12.305
12.134
11.963
12.085
12.207
12.28
12.451
12.5
12.5
12.207
12.329
12.671
12.817
12.769
12.524
12.524
12.598
12.72
12.085
13.232
14.185
15.039
16.162
16.357
16.382
16.748
16.895
17.7
17.773
17.92
18.384
18.164
18.164
17.969
17.749
17.969
18.066
17.969
18.237
18.579
18.921
18.945
18.188
17.822
18.091
18.14
18.14
18.115
17.847
16.699
15.527
15.015
14.6
14.087
13.574
13.135
12.866
12.451
11.938
11.865
11.694
11.523
11.377
11.572
11.743
11.475
11.206
11.035
11.23
10.986
11.279
11.084
11.279
11.084
10.889
11.011
11.035
11.084
10.962
10.718
10.449
10.01
9.7412
9.8877
9.5459
9.5215
9.9121
9.3994
9.4727
9.2773
9.3506
9.668
9.1309
9.5459
9.3994
9.4727
9.8877
9.1064
9.5947
9.3994
9.375
9.6436
9.3506
9.8389
9.375
9.1309
9.5947
9.5215
8.3252
9.5215
11.157
12.817
13.477
13.062
14.111
14.526
14.478
15.308
15.674
15.747
15.479
15.649
15.405
14.966
15.161
15.259
15.747
15.747
15.527
15.063
15.601
16.089
16.089
15.771
15.356
15.454
15.894
15.991
12.231
3.5645
-0.95215
-1.3916
-1.7578
-1.5137
-4.3701
-5.9082
-5.4443
-4.5166
-3.2715
-5.0049
-6.2744
-8.3252
-7.9834
-7.2998
-7.373
-7.9346
-8.1543
-7.373
-7.2998
-8.0078
-8.2275
-7.6904
-7.7637
-7.9102
-8.3496
-8.7402
-8.7158
-8.6182
-7.4463
-8.3008
-9.9854
-11.475
-11.426
-11.865
-12.5
-12.769
-12.817
-13.257
-12.988
-12.866
-12.988
-12.866
-12.72
-12.891
-12.866
-12.817
-13.33
-13.403
-13.379
-13.452
-13.257
-13.135
-13.33
-13.354
-13.184
-12.793
-12.915
-13.281
-10.327
-3.0762
1.0742
2.832
5.2979
2.5391
1.7822
5.249
5.6885
6.4941
4.3457
4.5166
6.2256
7.1777
6.8115
6.8359
6.958
7.3242
7.7637
7.8613
7.7637
7.666
7.9834
8.0811
7.8613
7.9102
8.1543
7.8857
7.959
7.9346
7.3975
5.5908
4.5654
4.3213
3.833
3.5889
3.3691
2.832
2.0508
1.1475
1.1719
1.2451
0.97656
0.78125
0.63477
0.58594
0.29297
0.46387
0.56152
0.56152
0.61035
0.58594
0.43945
0.26855
0.3418
0.46387
0.41504
0.29297
0.21973
0.073242
-0.12207
-1.4893
-1.709
-1.2207
-2.2705
-2.4414
-2.7588
-2.5146
-3.4668
-2.7588
-3.0518
-2.8564
-2.6367
-2.5635
-3.125
-2.8809
-2.9541
-3.1982
-2.3193
-3.0762
-3.1982
-3.0518
-3.3691
-2.9785
-2.9785
-3.4424
-3.1006
-3.1494
-2.7588
-2.9297
-1.3184
3.8086
7.9834
11.133
13.184
13.696
11.987
13.306
15.747
14.575
13.77
15.43
17.236
17.798
17.505
16.87
18.018
18.311
18.506
18.384
19.141
19.409
19.458
19.214
18.994
18.994
18.921
18.97
19.043
19.214
17.236
8.4717
2.5635
-0.29297
-1.5625
-2.6855
-2.1484
-0.48828
-2.8076
-3.7109
-2.0508
-2.2217
-3.2715
-4.0039
-3.4668
-4.4922
-5.6396
-5.8594
-5.4443
-5.6152
-5.8594
-6.0059
-6.3721
-6.6162
-6.8115
-6.5918
-6.4453
-6.3477
-6.543
-6.6162
-4.6387
1.8311
4.541
9.8877
12.964
14.38
10.254
12.036
14.673
16.821
14.478
12.378
14.502
16.919
17.944
17.48
16.26
16.992
17.847
18.506
18.457
17.798
18.066
18.311
18.408
18.481
18.335
18.433
18.774
18.848
18.481
17.212
16.431
15.942
15.527
15.039
14.624
14.209
13.672
13.55
13.306
12.354
11.963
12.256
12.573
12.427
12.134
12.109
12.646
12.402
12.451
12.817
12.549
12.109
11.938
12.183
12.28
12.231
12.305
12.28
11.255
2.4902
-1.8066
-3.0762
-4.7363
-3.1982
-4.3213
-8.4473
-8.96
-10.034
-10.767
-7.0313
-5.7373
-7.8613
-10.205
-11.426
-11.743
-10.767
-9.3994
-10.4
-11.377
-11.475
-11.206
-11.377
-11.353
-11.401
-11.06
-11.182
-11.279
-11.255
-9.7656
-1.0254
4.0527
7.5928
10.986
11.06
9.5703
11.353
14.307
14.941
9.8633
10.01
12.231
15.698
16.943
16.797
13.745
14.258
16.309
17.31
17.065
16.602
17.017
17.383
17.725
17.456
17.432
17.456
17.627
17.456
16.016
6.3721
0.14648
-1.6846
-3.1006
-5.7373
-8.0811
-9.4238
-5.7617
-3.4668
-7.0313
-9.79
-10.938
-10.645
-11.108
-8.1787
-7.4219
-9.4238
-10.938
-11.694
-10.815
-10.083
-11.206
-11.816
-11.694
-10.913
-10.889
-11.401
-11.523
-11.328
-11.377
-11.011
-11.06
-11.133
-11.523
-11.45
-11.548
-11.646
-11.719
-11.621
-11.67
-11.255
-11.255
-11.377
-11.182
-10.62
-10.327
-10.4
-10.376
-10.742
-11.108
-10.986
-11.304
-11.426
-10.913
-10.278
-11.035
-11.23
-10.864
-10.718
-10.815
-10.498
-9.3506
-8.667
-8.5205
-8.374
-8.0811
-8.0566
-7.959
-7.4219
-7.3242
-7.6416
-7.251
-7.4951
-7.8613
-7.8857
-7.7148
-7.666
-7.1045
-6.9336
-6.6406
-6.8115
-6.7627
-7.251
-7.7148
-7.7393
-7.8857
-7.7148
-7.8369
-7.9346
-7.3975
-7.0557
-6.5918
-6.3232
-6.1523
-6.0059
-5.2979
-5.2734
-5.1514
-4.9072
-4.7363
-4.5166
-4.6631
-4.6631
-4.3945
-4.3213
-4.9316
-4.6631
-4.6143
-4.5654
-4.834
-4.9072
-5.0781
-4.9561
-4.9072
-5.127
-5.1025
-4.9316
-5.0293
-4.834
-3.9063
-0.43945
0.41504
1.3672
4.1748
2.4414
3.2227
3.9063
4.8096
5.0293
5.2246
5.5176
5.7617
5.4932
5.6885
6.0791
6.0791
5.8594
5.8105
5.957
6.0791
5.9814
5.9082
5.8594
5.835
5.7373
5.6396
5.7617
5.9082
5.7617
5.5664
7.373
8.667
11.353
14.673
15.039
15.161
16.626
17.822
17.041
17.529
19.043
19.019
19.238
19.482
20.117
20.19
20.41
20.093
20.459
20.483
20.166
20.19
20.093
20.337
20.044
20.361
20.557
20.264
20.654
20.557
15.259
11.377
9.1553
7.3242
6.3965
6.0791
5.7373
5.4932
4.6143
3.8818
3.5889
3.1494
2.5146
2.002
1.8066
1.2451
0.92773
0.85449
0.48828
0.83008
0.78125
0.75684
0.80566
0.73242
0.95215
0.56152
0.80566
0.83008
0.87891
0.90332
2.7344
6.1279
7.9102
10.815
12.305
10.815
11.963
13.403
13.721
13.94
14.624
15.137
15.259
15.649
15.869
16.357
16.626
16.333
16.333
16.089
15.845
16.26
16.382
15.967
16.138
16.504
16.553
16.724
16.675
16.577
7.5195
0.12207
-7.1045
-10.01
-10.449
-11.108
-13.33
-15.918
-14.868
-10.083
-13.843
-15.698
-16.992
-18.579
-18.384
-13.501
-13.745
-16.772
-18.872
-18.408
-18.555
-18.042
-16.943
-17.261
-18.457
-18.799
-18.018
-17.676
-18.75
-10.107
-1.9043
1.6602
4.7363
7.0801
7.1289
7.5439
5.3223
8.252
9.6924
9.4727
6.543
5.8105
9.2529
10.62
10.498
10.864
11.475
11.572
11.45
11.572
12.207
12.354
11.987
12.134
12.427
12.769
12.598
12.207
12.622
12.354
11.011
10.571
10.132
9.668
9.375
8.9844
7.8613
7.666
7.6172
7.2998
7.3486
7.0313
7.0068
7.0068
6.5674
7.251
7.5195
7.1289
6.9092
7.2266
7.3486
7.0801
7.0313
6.8848
7.5195
7.8613
7.6416
7.251
7.373
2.0264
-1.5137
-4.6631
-6.7627
-6.958
-6.7627
-11.084
-11.255
-10.376
-7.5684
-9.7168
-11.523
-12.329
-11.67
-11.865
-12.915
-12.769
-12.891
-12.915
-13.208
-13.135
-12.817
-13.086
-13.232
-13.257
-13.281
-13.257
-13.306
-13.33
-13.696
-12.061
-11.914
-13.403
-14.258
-14.893
-15.356
-15.405
-16.162
-16.528
-16.675
-16.406
-17.163
-17.627
-17.114
-16.919
-16.748
-16.992
-17.236
-17.017
-16.919
-16.748
-17.236
-17.31
-17.383
-17.261
-17.383
-17.041
-16.846
-17.407
-17.334
-15.967
-16.553
-17.188
-17.48
-18.359
-18.066
-17.871
-17.871
-17.847
-17.139
-17.285
-17.456
-17.505
-17.578
-18.14
-18.091
-17.798
-17.92
-17.261
-16.821
-17.432
-17.603
-17.529
-18.213
-18.262
-18.433
-17.847
-17.114
-16.919
-17.603
-12.695
-4.8828
0
1.8799
3.9795
2.0264
2.5635
2.1484
4.7119
4.6387
3.0518
2.5635
5.1758
6.4209
5.542
5.5908
6.4209
6.5674
7.0313
7.3242
7.5195
7.3975
7.1777
7.1533
7.1533
7.4219
7.3975
7.3975
7.6172
7.6416
4.4434
1.3672
0.14648
-0.21973
-0.024414
-0.12207
-0.56152
-1.2939
-1.2695
-2.002
-2.0996
-1.8555
-1.9531
-2.002
-1.4893
-2.1484
-2.0508
-1.0498
-1.2695
-1.6357
-1.7822
-0.97656
-1.6357
-1.8311
-1.2695
-1.8555
-1.9287
-1.416
-1.7578
-1.8799
-0.61035
0.36621
0.48828
0.29297
1.8555
2.5391
2.5635
3.3447
2.9297
3.0029
3.2715
3.0273
3.54
3.0518
3.4424
2.832
3.4668
3.1738
3.2227
3.7354
2.9541
3.4668
2.7588
3.4912
3.0029
3.0273
3.4424
2.9785
3.4668
2.9541
4.0283
8.2031
10.181
13.965
15.82
11.938
13.037
15.527
17.603
16.919
16.821
17.871
18.628
19.067
19.165
19.287
19.678
19.873
19.995
19.507
19.873
20.239
20.093
20.142
19.995
20.02
19.897
19.287
19.653
19.897
15.332
4.7363
-1.123
-5.2246
-6.2744
-5.542
-6.25
-9.2529
-12.183
-10.083
-6.6406
-11.157
-12.72
-13.672
-13.013
-8.4229
-9.2773
-12.231
-14.355
-14.307
-13.989
-11.792
-12.549
-14.111
-14.209
-13.55
-13.843
-14.185
-14.746
-14.722
-13.794
-10.742
-8.9111
-8.2031
-7.7393
-7.2998
-7.0313
-6.5186
-5.9082
-5.5664
-5.0537
-4.4434
-3.9307
-3.9307
-3.3203
-3.3936
-3.54
-2.9541
-3.3447
-2.2705
-3.1006
-3.3691
-3.5645
-3.833
-3.54
-3.5156
-3.7354
-3.833
-3.9307
-3.7842
-1.7822
1.7578
3.2715
6.9336
9.3018
11.23
8.9111
7.2998
10.352
11.963
13.11
11.523
11.523
13.184
13.55
12.891
13.257
13.916
14.185
14.526
14.355
14.575
14.38
14.331
14.38
14.404
14.16
13.745
14.038
13.94
13.843
12.769
11.938
11.401
10.986
10.718
10.376
9.8877
9.375
9.0088
8.4473
7.3486
7.8613
7.8369
7.3975
7.5684
7.6904
7.5684
7.2998
7.6904
8.0322
7.4463
7.8125
7.6904
7.6904
7.8125
7.8857
7.9346
8.2031
8.1543
7.1777
8.1543
9.3506
10.474
10.645
11.426
11.67
11.89
11.865
12.183
12.134
12.061
12.158
12.305
12.329
12.207
12.231
12.524
12.769
12.622
12.5
12.524
12.524
12.012
12.158
12.5
12.427
12.28
12.183
12.158
12.109
10.693
9.8633
9.3994
9.1309
8.667
8.1055
7.5684
7.0313
6.8115
6.2744
5.9082
5.7861
5.6396
5.4199
5.4443
5.4688
5.4688
5.3467
5.3223
5.4932
5.0781
5.127
5.4199
5.3223
5.3955
5.4688
5.6641
5.7617
5.6396
4.1016
-1.2207
-2.3438
-5.7373
-5.4932
-3.8818
-7.1533
-9.7412
-10.522
-11.523
-9.3018
-10.571
-11.987
-12.061
-12.183
-12.109
-12.622
-12.256
-11.792
-11.938
-12.231
-12.402
-12.427
-12.085
-11.841
-11.963
-12.598
-12.866
-12.793
-12.598
-10.547
-4.3945
-1.9531
-0.53711
-0.39063
0.048828
-0.048828
0
0.1709
0.56152
0.46387
0.31738
0.53711
0.68359
0.48828
0.29297
0.29297
0.29297
0.21973
0.21973
0.29297
0.26855
0.3418
0.29297
0.14648
0.097656
0.073242
0.21973
0.31738
0.24414
0.073242
2.6855
3.5645
5.127
7.4951
7.0313
8.1787
8.7646
9.7656
10.547
11.108
11.743
11.45
11.475
11.67
11.719
11.987
12.256
12.134
12.402
12.207
11.597
11.89
12.256
12.598
12.402
11.743
11.938
11.792
11.646
11.646
12.036
12.476
12.378
12.012
12.598
13.062
13.159
13.574
13.452
13.306
13.501
13.403
13.257
12.988
13.306
13.062
12.915
12.915
13.086
12.915
13.013
13.354
13.33
13.379
13.647
13.818
13.525
12.866
12.793
11.401
4.5654
1.9775
-0.70801
-1.9043
-0.21973
-1.5625
-3.1982
-1.6602
-0.92773
-1.4648
-3.1006
-2.7588
-2.0752
-3.8086
-3.7842
-3.8086
-4.1748
-3.5889
-3.7354
-4.2236
-3.6621
-3.5645
-4.0039
-3.6377
-4.0527
-3.9307
-3.8574
-3.9551
-3.9795
-3.1738
0.80566
2.4658
4.9805
7.5928
7.9834
9.0088
7.373
7.5928
7.9346
9.082
9.6924
9.9854
10.376
10.864
10.669
10.986
10.791
10.522
11.108
11.401
11.597
11.304
10.913
10.718
10.913
10.547
10.571
11.23
11.597
10.059
4.0283
1.7822
-0.12207
-0.58594
-0.024414
-0.41504
-1.6357
-1.5625
-0.90332
-1.709
-2.3438
-2.71
-2.6611
-2.5391
-2.71
-2.7344
-2.5635
-2.5635
-2.832
-2.6367
-2.6367
-2.71
-2.3682
-2.0264
-2.417
-2.3193
-1.9775
-2.0996
-1.9287
-2.0996
0.43945
2.9541
4.0771
4.7363
5.9814
7.3242
7.3242
8.0811
8.252
9.6191
9.5215
9.9121
10.278
10.4
10.889
11.06
10.571
10.034
9.9609
10.62
10.84
10.767
10.181
10.571
10.669
10.815
10.522
10.547
10.425
10.425
9.1064
7.3486
6.8604
6.4453
6.2012
5.7617
5.1514
4.6875
4.0283
3.5645
3.3691
2.8809
3.3447
2.6611
3.3203
2.8809
3.125
2.8809
3.0762
2.2949
2.8809
2.4658
2.7344
2.5146
2.5391
2.6367
1.8799
2.6611
2.2461
2.6611
3.9795
5.8838
9.6436
12.573
12.329
11.279
12.28
13.745
14.258
14.478
14.819
15.601
16.138
16.333
16.162
16.284
16.089
15.723
15.625
15.991
15.723
15.918
16.357
16.333
16.504
16.65
16.65
16.65
16.284
15.479
8.6914
2.71
0.024414
-0.61035
-0.39063
-0.87891
-0.46387
-0.39063
-0.43945
-1.3916
-1.9775
-1.9531
-3.3936
-3.9795
-4.541
-4.126
-3.6865
-4.5166
-4.8828
-4.7852
-4.834
-4.5166
-4.7119
-4.7119
-4.9316
-4.8096
-4.6875
-4.3701
-4.7119
-4.4189
0.48828
1.9043
5.2246
7.3486
8.8867
8.5693
7.0557
6.8848
8.8867
8.8379
9.9609
10.352
10.767
10.62
10.742
11.06
11.475
11.206
10.767
10.889
10.84
10.693
10.571
10.522
10.84
10.889
10.962
10.425
10.498
10.571
2.124
-2.0752
-6.1768
-8.7891
-8.96
-9.1553
-12.573
-12.793
-7.4707
-10.229
-14.453
-15.259
-15.723
-16.162
-13.696
-13.257
-15.039
-16.406
-16.138
-15.283
-15.991
-16.26
-16.333
-16.699
-16.309
-16.748
-16.65
-16.431
-16.04
-16.309
-14.307
-12.549
-11.133
-9.9854
-9.2285
-8.8135
-8.3252
-7.2998
-6.5918
-6.1768
-6.0303
-5.9326
-5.7617
-5.7861
-5.7617
-5.6885
-5.249
-4.8828
-5.1025
-5.1025
-5.0781
-5.2734
-5.542
-5.6152
-5.7373
-5.6396
-5.3467
-5.1758
-5.249
-5.2002
-6.0547
-9.082
-12.646
-15.82
-15.186
-13.965
-15.894
-18.091
-17.7
-17.92
-19.556
-18.945
-19.556
-19.434
-19.116
-19.312
-19.36
-19.849
-19.995
-19.873
-19.849
-19.922
-19.897
-19.482
-20.093
-20.435
-20.41
-19.922
-19.873
-20.19
-15.674
-11.548
-9.0576
-7.1533
-5.7617
-6.2256
-5.1758
-4.7852
-4.5166
-3.8086
-3.125
-2.5635
-2.1729
-1.9043
-1.8311
-1.5137
-1.2207
-1.1963
-1.3916
-1.123
-1.0254
-1.123
-0.97656
-1.1719
-0.80566
-0.3418
-1.1475
-0.97656
-1.3184
-0.53711
-2.7832
-3.0762
-4.7119
-4.2969
-6.0547
-7.1533
-7.1289
-8.3984
-8.2275
-8.0566
-8.5449
-8.667
-8.96
-8.667
-8.9844
-8.5449
-8.7402
-8.252
-8.3252
-8.4717
-8.2031
-8.6426
-8.3252
-8.6426
-8.4717
-8.7158
-8.6426
-9.1064
-8.5205
-2.417
2.0264
3.3936
6.8115
7.9346
5.2979
8.7158
10.352
7.8369
7.2998
8.9844
11.108
11.353
10.669
11.548
12.012
12.183
11.646
11.816
12.085
12.524
12.305
11.865
12.305
12.231
12.329
12.427
12.598
12.573
12.134
11.987
11.523
11.523
11.426
11.45
11.084
10.962
10.767
10.718
10.767
11.06
11.279
11.426
11.328
10.62
11.035
11.084
10.986
11.157
10.986
11.035
10.864
10.669
10.986
11.255
11.035
11.108
10.84
10.815
10.669
10.4
10.571
10.352
10.205
9.9365
10.425
9.8389
9.8145
10.205
10.059
10.156
10.498
10.522
10.278
10.107
9.7412
9.6191
10.181
9.8877
9.9121
9.9609
9.7656
9.8633
10.01
9.4971
9.5215
10.254
10.303
10.571
10.376
9.8633
9.3506
8.8379
8.4717
7.7148
8.0811
8.1055
7.4951
7.7148
7.7148
7.2266
6.8115
7.3242
7.5928
7.5195
7.0068
7.4951
7.6416
7.4219
7.0557
6.7871
6.8359
7.0801
7.0313
7.2266
7.4951
7.5928
7.1289
7.373
7.4463
6.25
8.0078
8.667
10.718
12.109
13.062
13.989
14.014
14.307
14.575
14.99
15.381
15.137
15.21
15.088
15.601
15.356
15.527
15.454
15.527
15.381
15.601
15.723
15.601
15.796
15.601
15.698
15.625
15.356
15.527
12.183
7.666
6.2744
4.5654
2.71
3.4668
2.3682
1.9043
1.5137
1.001
0.70801
0.58594
0.21973
0.024414
0
0
0
0
0
0
0
0
0
0
0
0
0
0
0
0
0.95215
2.1484
2.4902
5.1025
6.0303
6.25
7.4951
8.4473
9.2529
9.5459
9.7656
9.79
9.668
9.7168
9.5459
9.8389
9.9121
10.205
10.522
10.156
9.668
9.7656
10.01
10.278
10.327
10.181
10.181
10.278
9.8633
9.5947
9.2529
7.3486
6.6162
6.4941
6.0303
5.2979
4.6631
4.1992
3.7842
2.9541
2.9541
2.2461
2.3193
2.0264
2.0996
2.417
2.0508
2.3438
1.8799
1.6846
2.4658
2.0996
2.2461
2.2949
1.7822
2.4902
2.2217
2.0752
2.5635
2.1729
2.7832
3.2471
4.1504
5.4932
6.6406
7.0801
7.7637
7.9346
8.6426
8.4961
8.3008
8.96
8.8379
8.9844
8.7158
8.9844
8.6426
9.082
8.7158
9.1309
8.9844
9.3018
9.2773
9.0088
8.8623
9.1553
9.3018
8.7158
8.667
9.082
9.2529
9.0332
9.375
9.1797
8.6182
8.7402
9.0576
9.6191
9.4971
9.1309
9.1309
9.1309
9.3506
8.7402
8.7891
8.3496
8.7891
8.7891
9.0576
8.7891
9.0088
8.5938
8.9355
8.7402
9.2773
8.8623
9.0088
9.082
9.6924
9.0576
6.2256
-0.85449
-6.0059
-10.474
-13.232
-11.011
-11.133
-13.965
-15.43
-17.212
-14.722
-10.107
-13.916
-16.675
-17.798
-17.505
-18.091
-17.7
-15.991
-17.31
-17.749
-17.383
-17.188
-17.847
-18.188
-17.725
-18.091
-18.726
-18.335
-17.505
-14.478
-7.9102
-2.4658
-0.29297
0.024414
0
0.12207
0.68359
1.1963
0.73242
0.097656
0.53711
1.1475
1.3184
1.5137
1.4648
1.3428
1.123
1.6113
1.6357
1.3428
0.97656
1.4648
1.5137
1.5869
1.2207
1.5869
1.4648
1.416
0.92773
0.48828
-4.4434
-6.7139
-10.815
-12.988
-10.01
-11.279
-14.673
-15.503
-13.013
-15.088
-16.675
-16.528
-15.796
-16.724
-17.48
-17.749
-17.627
-17.212
-16.919
-17.041
-16.895
-16.65
-17.285
-17.7
-17.505
-17.236
-17.261
-17.798
-17.554
-16.382
-12.28
-10.083
-8.1787
-7.373
-6.9336
-6.9824
-6.4453
-5.7861
-5.2979
-4.2725
-3.7109
-3.1006
-3.3203
-3.1982
-2.71
-2.417
-2.3682
-2.5146
-1.5381
-2.4414
-2.002
-2.3926
-2.5635
-2.1973
-2.9297
-2.0752
-2.9297
-2.4414
-2.7344
-1.6113
2.5391
4.8828
7.7393
10.01
8.2764
9.2041
11.426
11.719
11.377
12.378
13.77
13.745
13.55
14.209
14.453
14.673
14.771
14.966
15.356
15.186
15.283
15.088
15.308
15.283
15.234
14.771
14.844
15.063
15.43
14.917
15.186
15.112
15.82
15.991
15.796
15.771
15.649
16.382
16.943
17.017
16.626
16.382
16.455
16.357
16.138
16.504
16.406
16.26
16.553
16.382
16.162
16.309
16.309
16.748
16.895
16.699
16.26
16.309
16.626
15.991
13.477
11.67
10.767
9.9609
9.668
9.4727
8.7402
8.1299
7.4463
6.4209
5.957
5.8594
5.8105
5.7861
5.8105
5.5908
5.4199
5.4443
5.3711
5.6885
5.8594
5.5908
5.0537
4.9561
5.127
5.0537
5.1758
5.542
5.3223
3.1982
-1.3672
-4.2236
-6.5674
-6.5674
-9.3994
-10.938
-11.841
-7.8613
-8.6914
-11.255
-14.063
-13.94
-12.134
-12.695
-13.647
-13.013
-13.574
-13.721
-13.916
-14.551
-14.722
-14.624
-14.746
-14.16
-14.355
-14.429
-14.746
-14.722
-14.331
-12.671
-3.1494
3.2471
6.4697
8.374
8.7158
9.6924
12.036
12.207
9.6436
11.328
13.672
14.648
10.034
10.547
13.135
14.819
16.431
14.624
13.623
15.259
16.333
16.577
16.04
16.309
16.357
16.797
16.577
16.138
16.064
15.479
7.9346
1.7334
-0.53711
-2.2949
-1.2939
-3.125
-4.6875
-3.5645
-0.92773
-3.0518
-5.5176
-5.3467
-4.7363
-5.5664
-6.5918
-6.665
-6.543
-6.8848
-6.7627
-6.7627
-6.7139
-6.4453
-6.4209
-6.0303
-5.835
-5.9326
-6.5674
-6.5918
-6.6162
-6.5674
-7.1533
-9.6924
-12.28
-13.94
-14.185
-14.209
-15.552
-16.919
-17.236
-17.798
-17.798
-17.773
-18.408
-18.921
-19.043
-18.872
-19.043
-19.604
-19.287
-19.507
-19.824
-19.58
-19.556
-20.117
-19.8
-19.58
-19.312
-19.165
-19.043
-18.14
-9.5215
-3.5645
0
2.1729
3.5889
5.3955
6.0547
2.417
3.6377
5.8838
6.5186
7.3975
3.2227
4.7363
6.6406
7.6172
7.2754
7.3975
7.8857
7.9346
7.9102
7.9346
7.8125
8.2764
8.4473
8.2031
8.667
8.3984
8.4961
8.1299
7.4707
8.6914
10.547
11.621
12.402
12.866
13.037
13.33
13.721
13.452
13.33
13.452
13.843
13.574
13.501
13.623
13.452
13.379
13.354
13.672
13.696
13.477
13.452
13.696
13.452
13.281
13.916
14.087
13.794
13.892
13.77
13.306
13.037
12.915
12.402
11.89
11.133
11.035
10.986
11.108
10.815
10.645
10.938
10.718
10.571
10.938
11.06
10.962
10.742
10.742
11.182
11.304
10.571
10.376
10.596
10.815
10.767
10.913
10.693
10.352
10.864
12.061
12.305
13.281
13.574
13.257
13.452
13.794
13.892
13.574
13.867
14.16
14.355
14.648
14.526
14.038
14.038
14.038
13.794
14.355
14.307
13.867
14.233
14.111
14.087
14.526
14.185
13.55
13.989
13.623
7.959
2.3193
0.61035
-1.2451
-2.2705
0.14648
-0.26855
-1.2695
-2.7588
-1.1475
-2.4902
-2.3682
-3.1494
-2.2217
-2.832
-2.8076
-3.2715
-2.7344
-3.4912
-2.832
-3.1494
-3.1006
-3.125
-3.4912
-3.3447
-3.54
-3.6865
-3.4668
-3.418
-3.5889
1.7334
6.7627
10.229
11.914
11.523
13.94
12.793
11.816
13.965
16.089
16.846
15.649
16.309
17.236
17.627
17.7
17.773
17.603
18.115
18.53
19.043
18.506
18.042
18.188
18.701
18.579
18.579
18.53
18.921
18.994
11.67
6.2988
1.9043
0.56152
-0.75684
-0.68359
0.73242
-0.24414
-1.3672
-1.5625
-2.002
-2.1729
-1.6846
-0.61035
-0.78125
-1.001
-1.5869
-0.92773
-1.5381
-1.416
-1.5381
-1.123
-1.6846
-1.6357
-0.75684
-0.024414
-0.90332
-0.95215
-1.0986
-0.92773
-0.90332
-0.26855
-0.21973
-0.24414
-0.31738
-0.3418
-0.39063
-0.3418
-0.21973
-0.073242
-0.048828
0
0
-0.048828
-0.12207
-0.24414
-0.26855
-0.21973
-0.12207
-0.073242
-0.048828
-0.048828
-0.12207
-0.14648
-0.24414
-0.24414
-0.14648
-0.097656
-0.1709
0.61035
1.1475
1.7334
1.9043
1.7822
2.2949
1.9531
2.7588
2.6611
2.1484
2.9297
2.5391
2.8809
2.4414
3.125
2.1729
2.71
2.3682
2.6855
2.4658
2.6123
2.6611
1.8555
2.71
2.2461
2.6611
2.4414
2.9541
2.6611
2.5879
0.12207
-0.78125
-1.5625
-2.832
-4.0039
-3.9307
-3.7354
-5.1758
-7.3975
-7.0313
-7.251
-7.4219
-8.0811
-7.7393
-7.2754
-7.8125
-7.8857
-7.3486
-7.7637
-7.9346
-8.252
-8.3496
-8.374
-8.3252
-8.4717
-8.0322
-7.4463
-8.1787
-8.3252
-7.7148
-3.3447
-0.90332
-0.097656
0.31738
0.29297
0.46387
0.92773
1.1719
1.3184
1.3184
0.68359
1.0254
1.0498
1.001
0.90332
0.95215
0.53711
0.61035
0.92773
0.97656
0.87891
0.80566
0.95215
0.5127
0.78125
0.95215
0.87891
0.95215
1.0498
0.85449
2.8564
6.7139
11.499
14.502
15.039
11.67
12.256
14.99
17.554
17.603
15.234
16.284
17.798
18.286
18.115
18.14
18.945
19.238
19.214
18.75
19.238
19.922
19.727
19.458
19.824
19.995
19.653
19.165
19.458
19.531
17.09
14.258
12.256
11.401
10.669
10.352
9.79
9.1553
8.6426
8.1543
7.5684
6.8604
6.5186
6.2256
5.835
5.2246
5.3467
5.3955
5.1025
5.1025
5.0537
5.3955
5.5908
5.542
5.4688
5.4443
5.2002
5.3711
5.542
5.6885
5.3955
5.1025
4.6631
4.0527
4.0771
3.1982
3.5645
3.418
2.7588
3.4668
2.8809
3.2471
2.71
2.9053
2.71
3.1494
2.2705
3.1738
2.6855
2.9053
2.8564
3.125
2.4414
3.2471
2.9053
3.0029
2.6855
3.0029
2.832
3.3203
0.1709
-1.6846
-3.9551
-5.2002
-5.0781
-6.0303
-7.6904
-9.5459
-10.425
-9.5703
-11.084
-12.305
-12.305
-11.963
-12.183
-12.988
-13.135
-12.573
-12.183
-12.866
-13.599
-13.062
-13.11
-13.306
-13.11
-12.622
-12.5
-12.598
-12.671
-12.695
-9.5947
-3.0518
-1.5869
0
0
0.048828
0.53711
0.87891
1.0986
1.2207
0.95215
1.7578
1.7334
1.4404
1.1963
1.5625
1.6113
1.3916
1.5625
1.7822
1.5869
1.0742
1.5869
1.6113
1.6357
1.123
1.5869
1.416
1.2451
1.001
-0.63477
-2.124
-4.1504
-5.0049
-7.3242
-8.5449
-8.6914
-9.2529
-10.864
-11.963
-12.305
-12.231
-12.622
-13.037
-13.013
-12.622
-12.598
-12.573
-11.841
-12.329
-13.184
-12.842
-12.207
-12.305
-12.134
-12.231
-12.329
-12.939
-13.086
-12.891
-12.744
-12.256
-12.28
-12.451
-12.329
-11.67
-11.328
-11.353
-11.426
-11.572
-11.377
-11.45
-11.426
-11.572
-10.547
-11.035
-11.377
-11.475
-11.011
-11.133
-11.255
-11.011
-11.255
-11.06
-10.986
-11.108
-11.475
-12.085
-11.304
-10.938
-9.2773
-11.23
-12.427
-14.063
-15.308
-15.601
-16.187
-17.261
-18.115
-17.041
-18.091
-18.433
-18.823
-18.75
-19.263
-19.458
-19.019
-19.019
-19.092
-19.312
-19.116
-18.774
-19.165
-19.238
-19.556
-19.556
-18.97
-19.116
-19.116
-18.848
-19.116
-18.555
-18.555
-18.75
-18.457
-18.262
-18.091
-18.018
-17.749
-17.236
-17.578
-18.091
-18.188
-18.677
-18.481
-18.286
-18.457
-18.042
-18.018
-18.164
-18.042
-18.213
-18.53
-18.188
-18.286
-18.115
-17.627
-17.578
-17.7
-17.651
-14.478
-5.7373
-0.97656
1.9043
4.5166
4.1748
0.87891
2.832
2.9785
5.4199
4.541
1.5381
3.8086
6.0791
7.0557
6.9824
6.8115
7.3486
8.0078
7.8613
7.5439
7.8857
7.9102
7.2998
7.6416
7.9102
7.7393
7.2266
7.7881
7.9102
7.666
7.0801
6.4453
5.9326
5.127
5.0781
4.8096
4.3213
4.1504
4.6631
4.0771
3.8574
3.9307
4.126
3.8086
4.248
4.6387
4.6875
4.5166
4.3701
4.3457
4.126
3.7842
4.3945
3.7842
3.6133
4.126
3.833
3.6621
4.248
3.9795
4.4678
5.6641
5.8594
6.1523
6.5674
6.6162
6.9336
7.1045
7.251
7.251
6.5674
7.2021
7.373
7.3486
7.1289
7.4219
7.8857
7.8857
7.4707
7.1045
7.3975
7.2754
7.1289
6.7871
7.0557
7.2754
6.9824
6.9336
6.6406
6.1279
1.2695
0.75684
0.14648
0
-0.073242
-0.46387
-1.0498
-0.97656
-0.97656
-1.1719
-1.2207
-1.2451
-0.92773
-0.75684
-1.1475
-1.0498
-1.0498
-1.1963
-0.43945
-1.1475
-1.1475
-0.97656
-1.0986
-0.75684
-0.41504
-1.1963
-1.0986
-1.3428
-1.3184
-0.61035
1.8555
1.0254
2.7344
3.4912
4.2725
5.2246
6.0059
6.4941
6.958
6.7627
7.251
7.4219
7.3975
7.0068
7.2266
7.2266
7.3242
7.2266
6.8848
6.958
7.2754
7.4219
6.8848
7.3975
7.3486
7.2021
6.6406
6.6895
7.1289
7.0801
7.0801
6.7139
6.3477
5.5908
5.4199
5.3223
5.1025
5.1514
5.127
4.9316
4.6631
5.0293
4.8096
4.7607
4.5166
4.7119
4.7852
5.3467
5.0049
4.8096
4.7852
4.6387
4.5898
4.834
4.6875
4.4678
4.6875
4.8584
4.6875
4.5898
7.4219
9.2529
12.744
15.503
16.504
13.77
15.039
17.065
17.798
17.163
18.042
18.774
19.629
19.556
19.263
19.434
19.678
19.702
19.629
19.727
19.971
19.873
19.897
19.604
19.775
19.995
20.337
20.581
20.435
18.506
7.7881
2.1729
-2.5635
-5.4199
-9.7656
-8.6914
-3.2959
-3.2715
-8.0811
-9.8145
-11.084
-11.157
-11.865
-9.4727
-5.4932
-8.1055
-11.45
-12.402
-12.231
-11.816
-11.841
-10.449
-10.938
-12.036
-11.816
-11.255
-11.426
-11.572
-11.67
-10.693
-1.6357
1.8799
4.9805
7.9102
9.1064
8.1787
4.6387
7.9346
9.2285
10.425
8.7158
7.7881
9.8389
10.938
11.255
9.9121
10.278
10.571
10.84
10.767
11.279
11.475
11.743
11.548
11.523
11.89
12.036
11.792
11.768
10.986
3.8086
-0.048828
-2.6611
-4.0283
-0.97656
-4.1992
-5.0781
-4.1016
-3.6377
-4.0283
-6.0303
-6.1035
-5.4932
-6.4697
-6.8848
-6.7383
-6.5918
-6.5674
-6.7627
-6.7139
-6.665
-6.7627
-6.7139
-6.3721
-6.6895
-6.6406
-6.4941
-6.6406
-6.7627
-6.4941
-3.9551
-2.2949
-1.8311
-1.5869
-1.001
-0.41504
0
0.073242
0.048828
0
0
0
0
0
0
0
0
0
0
0
0
0
0
0
0
0
0
0
0
0.048828
0.41504
1.9531
1.5625
2.8564
3.4668
3.6621
4.7119
4.1748
4.3945
4.3945
5.0049
5.1514
5.127
4.8584
4.3701
4.4434
5.1025
5.0293
4.8584
4.834
4.834
4.6143
5.0537
4.6387
4.6631
4.6631
5.0537
5.249
5.4443
5.2002
5.1514
4.9316
4.7119
4.7363
4.8096
5.2002
4.8584
4.9561
4.7363
4.541
4.7119
5.1758
5.127
5.4199
5.2734
5.3467
5.0293
5.0293
5.1025
5.2002
4.6631
4.4189
4.3945
4.4434
5.2734
5.127
4.9805
4.9316
5.3467
4.8584
-0.1709
-4.6875
-6.0059
-7.251
-9.5459
-11.401
-12.598
-10.596
-9.9854
-12.524
-14.746
-14.844
-14.307
-14.746
-15.747
-15.527
-14.966
-15.576
-15.82
-15.991
-15.356
-15.308
-15.894
-15.82
-15.479
-15.845
-15.82
-15.942
-15.869
-15.918
-8.3252
-2.6611
-0.39063
0.43945
0
0.14648
1.0498
2.2217
0.92773
0.97656
1.9287
3.0518
2.5879
3.2471
2.8076
3.54
3.0518
3.3203
3.1006
3.1494
3.5156
3.1494
3.3936
2.9785
3.3447
2.8809
3.3447
2.6611
3.2227
2.8564
2.8076
4.4434
6.0791
7.6416
8.1543
8.5938
8.667
9.1309
9.5947
9.2773
9.4727
9.1309
9.5947
9.8877
10.059
9.8633
9.9121
9.79
10.083
9.79
9.5703
10.107
9.8145
9.9365
10.034
9.9365
9.6436
10.034
9.8633
9.375
8.7646
11.035
11.865
15.332
16.87
16.284
16.162
17.114
17.603
17.627
18.115
18.408
18.628
18.896
19.312
19.238
18.799
18.774
18.945
18.945
18.97
19.019
18.97
18.994
18.53
18.53
18.652
19.092
19.116
19.116
12.427
7.5195
3.5889
1.5381
0.39063
1.7822
1.5625
0.36621
-0.39063
-0.63477
-0.68359
-0.83008
-0.80566
-0.24414
-0.048828
-0.21973
-0.48828
-0.65918
-0.46387
-0.41504
-0.31738
-0.24414
-0.31738
-0.36621
-0.24414
-0.21973
-0.29297
-0.1709
-0.073242
-0.1709
-0.68359
-1.7578
-2.7344
-4.2236
-4.3457
-5.6885
-6.3965
-6.8359
-7.9102
-8.3008
-8.5205
-8.6426
-8.3008
-7.4951
-7.8613
-8.0322
-7.9346
-8.252
-8.1299
-8.2275
-8.2764
-8.3008
-7.8857
-7.5195
-7.666
-7.6416
-7.2754
-7.6172
-7.7637
-7.8125
-1.6602
1.6357
3.833
6.7871
8.2764
7.2021
8.0078
8.0811
9.1797
9.1064
9.6924
11.011
11.597
11.499
11.67
12.085
12.378
12.573
12.451
12.622
12.964
12.842
13.013
13.208
12.988
12.402
12.671
13.135
13.11
6.4941
-0.048828
-3.3691
-6.3721
-8.3252
-5.0537
-4.541
-7.5195
-8.9844
-8.7891
-5.3467
-7.5684
-9.8145
-10.278
-8.7158
-9.375
-10.327
-10.913
-10.962
-10.84
-11.377
-11.621
-11.401
-10.84
-11.011
-11.06
-10.791
-10.767
-10.864
-11.182
-8.5205
-9.7168
-12.231
-13.525
-14.673
-15.698
-15.21
-14.868
-15.454
-15.991
-15.649
-15.918
-16.309
-16.504
-16.968
-17.358
-16.748
-16.602
-16.65
-16.724
-16.846
-16.431
-16.04
-16.65
-17.041
-16.04
-15.894
-16.577
-16.846
-16.968
-9.668
-3.2959
1.2939
2.1729
3.8818
5.0293
4.1504
3.54
6.665
6.1279
6.6162
4.7363
5.542
6.543
6.6162
7.1777
7.5439
7.7637
8.0566
8.5693
8.252
8.1787
8.0566
7.5928
7.7881
8.1543
8.0078
8.4473
8.252
8.2031
5.249
0.29297
0
-1.6602
-2.3193
0
-1.0254
-2.124
-1.4404
-2.9785
-2.7832
-3.4668
-2.9785
-3.4668
-3.0273
-3.3691
-2.8809
-3.1982
-2.8076
-2.8809
-3.0029
-2.3193
-2.1729
-2.6123
-2.6611
-2.9053
-2.9785
-3.3203
-2.8809
-3.2227
-3.0518
-2.6367
-2.2461
-1.7578
-1.5625
-0.95215
-1.2939
-1.2939
-1.0986
-0.85449
-0.75684
-0.36621
-0.78125
-0.75684
-0.73242
-0.70801
-0.68359
-0.63477
-0.53711
-0.48828
-0.14648
-0.1709
-0.48828
-0.48828
-0.46387
-0.58594
-0.56152
-0.48828
-0.48828
