0
0.90332
1.9531
2.4902
5.0293
6.8848
5.1514
6.5918
7.5195
8.0566
8.6182
9.2285
9.0332
9.5215
9.8633
10.474
10.547
10.498
10.449
10.864
11.279
11.133
11.06
10.815
10.815
10.693
10.962
11.035
11.255
10.791
10.815
10.474
12.402
13.354
14.551
14.917
14.6
15.234
15.991
15.991
15.918
15.967
16.357
16.772
16.138
16.089
16.504
16.431
16.724
16.821
16.675
16.821
16.699
16.797
16.797
16.479
16.846
17.163
16.772
16.553
16.455
12.744
10.693
9.7656
9.4971
8.9355
8.7891
8.4473
8.1543
8.6914
8.4229
8.1543
7.959
7.6904
6.4453
5.3223
5.1514
5.249
5.5908
5.4932
5.249
5.0049
4.834
4.7363
4.8828
4.7119
4.5654
4.6875
4.6143
4.4922
4.3213
5.1025
5.1514
4.9316
4.7363
4.1748
3.0762
2.2949
2.7344
2.2705
2.7588
1.8799
2.1973
2.0264
2.0996
2.0264
2.2949
2.002
2.124
2.002
1.9043
2.124
1.8311
2.0752
1.8555
2.3438
1.5137
2.6611
1.8066
2.4902
2.0508
2.1973
3.1738
3.5889
4.9316
6.0547
6.4941
6.2012
6.6406
7.1533
7.4463
7.5928
7.4463
7.8125
7.6904
7.6416
7.8125
7.9346
7.9834
7.6416
8.3496
7.8613
8.3008
7.0068
7.5684
7.3975
8.1787
7.7393
7.9346
7.251
7.7881
2.002
-0.39063
-1.3672
-2.417
-4.2969
-2.9785
-3.0762
-4.7607
-7.4219
-8.2764
-8.9111
-9.1797
-10.303
-11.035
-11.255
-11.035
-10.669
-10.815
-11.499
-11.816
-11.597
-11.255
-11.011
-10.913
-11.182
-10.864
-11.304
-11.67
-11.255
-10.938
-11.426
-11.304
-11.206
-11.23
-11.621
-11.597
-11.255
-11.963
-12.354
-12.183
-12.256
-11.963
-11.108
-11.865
-12.012
-11.841
-12.036
-11.499
-11.45
-11.304
-11.694
-11.377
-11.865
-11.353
-11.108
-11.743
-11.816
-11.987
-12.036
-11.89
-4.834
1.1475
3.9551
6.3721
9.9365
9.4971
8.1787
8.7402
11.768
11.89
9.1309
10.083
13.818
16.138
16.504
16.382
15.747
16.626
16.821
16.089
15.845
16.772
17.188
18.066
17.847
18.311
18.433
18.237
18.457
18.506
10.864
2.5879
-0.26855
-2.5146
-3.2227
-2.2217
-4.1992
-6.4941
-3.1494
-1.5137
-1.3672
-5.5176
-8.4473
-9.3262
-10.059
-6.1768
-5.4688
-8.1299
-9.0332
-10.083
-10.083
-8.6914
-9.0576
-9.2773
-10.425
-9.9365
-10.059
-9.7168
-9.5703
-9.3994
-8.4229
-7.3975
-7.3242
-6.5918
-7.0068
-7.0557
-5.835
-3.6621
-3.418
-3.3936
-3.6621
-3.5156
-3.0273
-3.2959
-3.6621
-3.4668
-2.8076
-3.1494
-3.7109
-3.7598
-3.3447
-3.6133
-3.1494
-3.5889
-3.3203
-3.1006
-3.0273
-3.5645
-3.5645
-3.2715
-2.1729
-4.126
-6.4697
-8.8867
-10.303
-11.279
-11.475
-12.183
-12.695
-12.866
-12.231
-12.329
-12.695
-12.793
-12.72
-12.842
-12.305
-12.915
-13.11
-12.793
-13.208
-12.939
-12.915
-13.232
-13.281
-13.501
-13.55
-13.501
-13.501
-13.232
-13.281
-13.818
-14.453
-14.917
-14.844
-15.186
-15.21
-14.868
-15.161
-15.43
-15.918
-16.406
-15.967
-15.576
-15.991
-16.113
-16.431
-16.577
-16.016
-15.82
-15.869
-15.723
-15.771
-16.016
-15.991
-16.235
-16.162
-15.918
-16.162
-16.016
-16.602
-16.699
-16.406
-16.748
-16.87
-16.553
-16.528
-16.479
-16.87
-16.626
-16.187
-16.309
-16.431
-16.699
-17.065
-17.017
-17.065
-17.212
-17.188
-17.358
-17.529
-16.992
-17.285
-17.139
-16.919
-17.041
-17.432
-17.651
-17.529
-17.554
-11.792
-3.0273
0.26855
1.8799
4.1504
7.666
4.8096
2.8809
5.6152
8.4717
10.059
9.5459
5.2246
5.4688
8.1055
9.6191
10.474
11.011
10.474
10.034
10.4
10.4
10.083
10.205
10.938
11.328
11.45
10.889
10.718
10.84
7.5195
2.002
0.85449
0
-0.048828
-0.31738
-1.0742
-1.1475
-1.5381
-1.416
-1.0986
-1.8555
-1.6602
-1.3184
-1.8799
-1.6113
-1.6113
-1.5869
-1.1475
-1.7578
-1.6602
-1.2939
-1.709
-1.4648
-1.5869
-1.6357
-1.2207
-1.7822
-1.7578
-1.4648
-0.53711
1.7334
1.4893
3.4668
5.5908
5.0537
5.6152
8.0322
9.375
10.205
10.522
10.718
11.157
11.475
11.914
11.841
12.207
11.841
12.207
10.864
11.572
12.256
12.305
11.938
12.451
12.28
12.256
12.305
12.5
12.744
8.2275
1.8311
0.31738
-0.75684
-0.5127
-0.92773
-1.4893
-2.1973
-1.123
-1.2695
-2.4658
-2.2461
-2.5146
-2.2949
-2.6855
-2.9785
-2.3438
-2.6611
-2.4414
-2.71
-3.1006
-2.5879
-2.832
-3.1494
-2.7344
-2.4658
-2.6123
-2.1484
-3.0518
-2.4902
-0.97656
1.7334
2.1729
4.3945
7.3975
5.542
5.0781
8.3008
9.375
10.034
11.06
11.597
11.987
11.792
12.524
13.232
12.793
13.013
13.013
13.281
13.159
12.842
12.549
13.184
12.891
13.135
13.696
13.184
13.062
13.257
9.3262
0.80566
-2.1973
-6.8848
-8.1299
-5.6885
-7.0068
-11.523
-14.233
-15.21
-9.2529
-5.127
-6.7871
-10.889
-14.624
-15.918
-16.187
-13.428
-11.646
-13.257
-15.137
-15.796
-16.577
-14.722
-14.478
-14.99
-16.235
-16.724
-16.357
-16.26
-13.184
-7.7637
-5.5908
-4.8828
-4.6143
-4.5654
-4.5654
-3.833
-4.3701
-4.1748
-3.8086
-3.2227
-2.417
-2.417
-1.5869
-1.3428
-1.0986
-1.2695
-1.7578
-1.2207
-0.97656
-1.5869
-1.5625
-0.97656
-1.3428
-1.5869
-1.123
-1.5869
-1.5137
-0.97656
-1.2695
-2.124
-2.4658
-2.2705
-3.125
-2.8564
-3.2715
-3.4912
-3.9063
-3.5889
-3.3691
-3.3203
-3.2471
-3.3936
-2.9785
-3.125
-3.8086
-3.7598
-3.1982
-2.9785
-3.0518
-3.3936
-2.9541
-3.0029
-3.2471
-3.4668
-3.2471
-3.3447
-3.4912
-3.6377
-1.3672
0.75684
0.3418
1.5625
3.9063
3.0518
4.2236
5.9326
6.0303
6.3477
6.9824
7.2754
7.4707
7.2998
7.4951
7.8369
8.4473
7.9102
8.0322
7.2998
7.7637
7.666
8.3496
7.7148
7.9102
7.8613
7.9834
7.4219
7.373
7.1533
4.9805
0.56152
-0.31738
-0.68359
-1.3916
-2.1973
-4.9561
-5.2002
-3.418
-4.6143
-5.7373
-6.6162
-6.958
-6.6895
-6.5186
-7.5195
-7.2266
-7.3975
-7.2021
-7.3486
-7.4951
-7.7637
-7.5928
-7.5684
-7.1533
-7.6904
-7.4219
-7.251
-7.5439
-7.6416
-5.2734
-1.123
-0.12207
0.31738
0.87891
1.4648
1.1963
0.97656
1.7822
1.9287
2.2461
2.0752
1.7822
2.1484
1.3672
2.3193
1.709
1.9775
1.9287
2.0264
1.8799
1.9531
2.002
1.9531
2.0752
1.9531
2.1729
1.5625
2.3682
1.5381
2.2217
1.6846
1.9775
2.0264
2.2217
2.0508
2.0996
1.9775
2.0996
2.002
1.9775
1.9531
1.8799
2.1484
1.709
2.3682
1.3672
2.0508
1.9287
1.9531
1.9287
2.124
1.8066
1.7334
2.2461
1.6113
2.2217
1.5137
2.2705
1.6357
1.8311
0.19531
-0.29297
-0.21973
-0.5127
-1.0254
-0.90332
-1.1963
-0.85449
-1.0254
-0.95215
-1.3184
-0.78125
-0.95215
-0.97656
-1.3184
-0.78125
-0.85449
-1.1475
-1.2695
-0.70801
-0.78125
-1.3672
-1.1963
-0.75684
-0.68359
-1.1963
-0.92773
-1.1475
-0.75684
-0.68359
-0.26855
0
0.14648
0.19531
0.073242
0.048828
0.048828
0.024414
0.048828
0.073242
0.048828
0.048828
0.073242
0.024414
0.024414
0.024414
0
0
0
0
0
0
0
0
0
0
0
0
0
-0.3418
-2.002
-3.9063
-5.8594
-8.3252
-7.4951
-7.0313
-9.375
-10.645
-11.768
-12.744
-12.817
-13.257
-13.306
-13.135
-13.77
-14.233
-13.33
-13.379
-13.135
-13.33
-13.501
-13.892
-13.379
-12.891
-13.501
-14.16
-14.087
-13.916
-13.525
-13.477
-13.062
-13.281
-13.428
-12.939
-11.841
-11.401
-10.84
-10.547
-9.7168
-9.8877
-9.4971
-9.4971
-9.79
-9.3262
-8.9355
-8.7402
-8.8867
-9.1064
-8.96
-8.9844
-8.8135
-9.0576
-9.3018
-9.4727
-9.3262
-9.1553
-9.1064
-8.96
-8.9355
-6.8848
-0.46387
0.41504
1.1475
2.8076
2.6367
2.0264
2.71
5.2002
8.1543
8.1055
8.1787
9.3018
10.083
9.3018
9.5459
9.2529
10.156
10.742
10.205
9.7412
9.7656
10.181
10.62
10.425
10.669
10.913
11.108
10.864
10.645
10.742
11.108
11.035
10.962
10.596
10.01
8.0566
7.8613
7.5195
7.5684
7.6904
7.5928
7.6172
7.1533
7.373
7.1045
7.3242
7.2754
7.0313
7.1533
6.9092
7.1777
7.2998
6.3721
5.8838
6.2256
6.7871
6.9092
6.8359
6.4453
5.2734
0.21973
-1.3672
-2.002
-2.6855
-4.834
-7.9102
-8.5205
-4.6143
-5.3955
-8.2275
-9.9609
-10.571
-9.082
-9.1309
-10.376
-10.889
-11.353
-10.864
-10.889
-11.377
-11.377
-11.035
-11.084
-11.548
-11.255
-10.767
-10.547
-10.718
-11.23
-10.986
-11.792
-12.549
-12.915
-13.77
-14.136
-14.526
-14.136
-14.136
-14.575
-14.917
-15.332
-15.601
-15.259
-15.308
-15.21
-15.527
-15.625
-15.112
-14.99
-15.332
-15.356
-15.259
-15.088
-15.308
-15.503
-15.796
-15.381
-15.21
-15.454
-14.404
-5.3223
-0.95215
0.1709
0.75684
1.7334
3.3447
1.9775
0.048828
0.5127
1.6602
3.2471
3.7354
4.2725
3.4668
3.2227
3.7354
3.0762
2.8809
3.6865
4.126
4.5654
4.4678
4.4922
4.5898
4.7852
4.4434
4.4678
4.4922
4.1992
3.7354
-0.26855
-1.4404
-2.3926
-2.832
-4.7363
-7.8125
-8.96
-6.7383
-7.0313
-8.4717
-9.4238
-10.107
-9.2773
-9.7656
-9.668
-9.6436
-9.4727
-9.9365
-10.132
-10.034
-9.6191
-9.79
-10.498
-10.571
-10.522
-10.327
-10.034
-10.4
-10.278
-9.0332
-0.97656
1.5137
4.2969
8.9355
13.696
14.355
7.8125
5.4688
8.8379
13.428
15.991
17.09
17.212
14.99
12.427
14.624
16.675
17.627
18.164
18.555
17.188
16.284
16.772
17.651
18.457
18.311
17.114
16.992
17.773
17.627
8.667
2.6855
0.048828
-0.70801
-0.097656
-0.024414
-0.58594
-1.7578
-2.7588
-3.6621
-2.7588
-0.83008
-0.85449
-1.9531
-3.3936
-3.1006
-2.124
-3.0029
-3.0029
-3.9795
-3.54
-3.4668
-3.2959
-3.2227
-3.125
-3.2959
-3.0518
-3.1494
-3.3691
-3.9063
-3.6865
-2.7344
-2.8809
-2.1973
-2.5635
-1.7578
-2.3682
-1.4404
-2.417
-1.709
-2.1973
-2.2705
-2.1729
-1.8555
-2.0264
-2.2705
-2.0508
-2.1484
-1.9531
-2.0264
-1.9531
-1.9043
-1.6357
-2.124
-1.3672
-2.0996
-1.8066
-1.9287
-1.9287
-1.5869
-1.8311
-4.6631
-5.8838
-7.1533
-9.2041
-11.279
-11.377
-11.45
-12.671
-13.208
-13.501
-13.477
-12.988
-13.525
-13.623
-13.77
-13.77
-14.087
-13.623
-14.136
-14.966
-14.941
-14.014
-14.038
-13.94
-14.331
-14.429
-13.281
-13.574
-13.33
-4.4434
-0.68359
0.43945
1.9775
2.3193
1.2939
2.9053
4.1504
2.7832
2.6855
5.0781
6.0791
6.3965
6.3965
6.7627
8.0078
6.8604
6.8359
6.6895
6.8604
7.3486
7.5439
7.7393
7.6172
7.6416
7.959
7.5439
7.666
7.6172
7.8613
7.6904
7.9346
8.0322
8.0322
7.4463
5.9326
5.1514
5.0049
4.6143
4.7363
4.6875
4.3213
4.1748
4.0039
4.0771
4.1504
4.3945
4.5654
3.9795
4.1748
4.3213
3.9795
4.1992
3.9307
3.9307
4.0039
4.2236
4.3457
4.1016
3.9307
4.7363
5.5176
5.9814
7.1533
6.6406
6.958
7.4463
7.7393
7.8125
8.667
8.6182
8.4229
8.2275
7.8369
8.3008
7.6904
8.1299
8.3496
8.3008
8.8379
8.2275
7.7637
7.9102
8.0811
9.2041
8.4961
8.2275
8.4473
8.6182
8.5205
6.7871
9.6191
9.1064
11.157
12.964
13.354
13.965
14.355
15.039
15.845
16.528
16.333
15.698
15.601
16.04
16.162
15.747
15.796
16.626
16.699
16.675
16.943
16.919
16.895
16.528
15.991
16.235
16.675
16.626
17.065
17.09
17.188
16.992
16.577
16.235
16.553
16.382
16.846
16.504
16.431
16.26
16.699
16.895
16.846
16.772
17.188
17.456
17.065
16.87
17.09
16.553
16.748
16.382
16.675
17.407
17.48
17.554
17.92
17.48
17.676
8.8867
2.6611
0.14648
-1.3916
-2.9297
-1.001
-0.58594
-0.26855
-1.2207
-3.9551
-4.8828
-4.3701
-2.0996
-3.3691
-4.1748
-5.1758
-5.957
-5.3955
-4.541
-4.6631
-4.8828
-4.6875
-5.0293
-5.4199
-5.7617
-5.3955
-5.6641
-5.7373
-5.3223
-5.2734
-0.63477
0.85449
0.90332
2.9541
5.3223
4.5166
3.3447
5.5176
6.7871
6.9824
6.2012
6.8115
7.0313
7.4951
7.251
7.9102
7.959
8.2764
7.4707
7.6416
7.1289
7.8613
7.8369
8.2031
7.4463
8.0078
7.6416
7.8125
8.1299
1.8311
-0.95215
-2.6855
-4.4922
-6.0059
-5.8594
-5.7861
-5.835
-7.0313
-8.0322
-8.7402
-10.791
-12.134
-12.817
-12.891
-13.672
-13.745
-14.404
-14.404
-14.648
-14.282
-13.989
-14.16
-14.648
-14.966
-14.307
-14.282
-14.771
-14.893
-14.966
-5.4443
0.41504
2.4902
4.3213
5.2979
9.082
8.252
6.4209
7.1045
12.329
15.552
14.258
9.3506
10.229
13.916
16.187
17.09
17.603
17.041
16.064
16.919
17.407
17.627
17.822
16.602
16.626
17.822
18.433
18.726
17.871
10.938
4.4922
1.2207
0.3418
0
0
-0.097656
-0.39063
-0.39063
0
-0.58594
-0.78125
-1.3184
-1.0254
-1.5381
-1.8555
-1.5869
-2.0264
-1.2207
-1.7578
-2.1484
-1.7822
-2.1729
-1.6357
-2.0508
-1.6846
-1.709
-1.9775
-1.2207
-1.7578
-1.709
-2.6611
-2.3926
-3.1006
-3.6621
-3.3691
-3.4668
-3.8086
-3.6865
-3.9795
-3.9063
-3.9551
-4.1504
-3.9063
-4.1016
-3.8574
-4.0039
-3.8818
-3.8574
-4.1748
-4.2236
-4.3457
-3.9063
-3.7354
-3.6865
-3.9307
-4.1504
-3.7598
-3.7598
-4.1992
-0.70801
1.0986
1.1963
3.4912
3.0762
2.7588
5.0049
5.6885
6.4209
8.0811
8.2031
8.4473
8.9111
9.0576
8.8135
9.5459
9.4482
9.4482
8.8867
9.4971
9.4238
9.7168
9.0576
8.8623
8.4229
8.4473
8.9844
9.8633
9.5459
9.3262
4.0283
0.26855
-1.1719
-1.9043
-2.5879
-3.9795
-4.5166
-2.4658
-2.1484
-4.126
-5.0293
-4.7852
-4.834
-5.0293
-5.249
-5.957
-5.4688
-5.3955
-5.8838
-5.5908
-6.0547
-5.7373
-5.3223
-5.3955
-5.3223
-5.4443
-5.4688
-5.5664
-5.3955
-5.249
-2.5146
-0.92773
-0.39063
0
0.19531
0.073242
0.21973
0.53711
1.1963
0.80566
0.97656
0.58594
0.48828
0.61035
1.2207
0.83008
0.95215
0.53711
0.48828
0.70801
0.80566
0.80566
0.87891
0.58594
0.63477
0.97656
0.61035
0.73242
0.63477
0.46387
-0.097656
-1.6357
-1.9043
-2.6367
-3.4424
-4.248
-4.8096
-5.1758
-5.3467
-5.835
-6.1279
-6.1279
-5.6396
-5.5176
-5.7861
-6.1523
-6.2012
-6.1035
-5.8105
-5.8838
-5.542
-5.8594
-5.835
-6.1523
-5.9814
-5.6885
-6.0791
-6.7383
-6.3477
-6.4453
-4.9561
-6.8604
-8.6914
-9.7168
-10.376
-11.108
-11.255
-11.499
-10.938
-11.426
-12.354
-12.354
-12.378
-12.451
-12.256
-12.598
-12.866
-13.306
-12.72
-12.28
-12.012
-12.939
-12.451
-12.402
-12.842
-12.842
-12.305
-12.378
-12.891
-12.646
-13.403
-13.184
-12.231
-12.061
-11.499
-11.011
-10.01
-9.9365
-9.7412
-9.9121
-9.79
-9.7412
-9.668
-9.2285
-9.4482
-9.7168
-8.6182
-8.6426
-8.9355
-9.5459
-9.4482
-9.6191
-9.0576
-9.4238
-8.9844
-8.9111
-9.1553
-9.3994
-9.2285
-9.1797
-4.8584
0.048828
0.70801
3.1006
6.3477
3.2471
1.1475
2.3926
5.3955
7.3486
7.4463
6.5186
6.8604
7.0068
7.4951
6.9336
7.5195
8.4229
8.7646
8.3984
8.1787
8.4717
8.9844
8.4717
8.8623
8.8379
9.1309
9.2041
8.5693
8.1299
4.8828
-1.8555
-4.0771
-6.2256
-7.9346
-8.8379
-14.087
-17.017
-13.745
-7.8369
-8.4473
-12.622
-16.235
-17.92
-18.53
-19.141
-16.626
-13.208
-15.21
-17.236
-18.53
-19.238
-18.75
-17.603
-17.09
-18.286
-18.921
-19.409
-19.336
-18.311
-14.526
-6.9092
-4.4922
-3.5889
-2.7588
-2.4902
-2.1729
-2.3926
-2.3193
-2.0752
-0.87891
-1.3916
-1.3672
-1.1963
-0.70801
-0.19531
0
0
0
0
0
0
0
0
0
0
0
0
0
0
0
0.048828
0.048828
0
0
0
-0.024414
0
0
0
0
0
0
0
0
0
0
0
0
0
0
0
0
0
0
0
0
0
0
0
-0.39063
-1.9775
-4.7852
-8.6182
-8.8867
-9.1309
-12.72
-12.207
-11.646
-12.476
-14.575
-15.552
-15.332
-14.795
-15.576
-16.211
-16.455
-15.967
-15.771
-16.064
-16.187
-16.235
-15.894
-15.894
-16.602
-16.821
-16.87
-16.675
-16.602
-17.114
-12.061
-1.7578
1.3184
5.2246
8.4229
6.8604
6.2012
7.251
9.1064
9.4727
6.958
8.5693
12.646
15.674
12.427
10.4
13.721
16.089
16.675
15.942
15.698
16.357
17.651
18.237
17.383
16.895
17.651
18.335
17.725
17.871
13.501
3.7354
-0.26855
-2.6123
-5.835
-10.449
-11.328
-6.5186
-3.2959
-5.1758
-9.9609
-13.599
-14.624
-15.039
-13.037
-7.5439
-5.957
-10.669
-13.403
-14.697
-15.332
-15.942
-15.942
-13.501
-12.476
-13.379
-14.453
-15.21
-15.771
-14.673
-9.4971
-1.1963
2.0752
3.2227
3.125
2.7344
6.25
10.205
12.036
11.475
5.9082
6.2744
9.0332
11.694
12.72
13.892
13.745
13.135
12.305
12.256
13.696
13.916
13.037
11.67
12.817
14.063
13.916
13.574
13.013
12.964
11.06
3.6865
0.70801
-0.21973
-0.36621
-1.0254
-1.6846
-2.2705
-1.416
-1.9287
-1.8555
-3.1982
-2.7344
-3.0029
-3.125
-2.7588
-2.8564
-3.125
-2.9541
-2.6855
-3.2715
-3.125
-3.0518
-3.1738
-3.7109
-2.7344
-3.0762
-3.2227
-2.9297
-3.1494
-2.0264
0.5127
0.87891
0.87891
2.7344
4.541
3.7354
5.3711
6.8848
6.6895
6.9092
7.0801
8.0322
8.3008
8.9844
8.3008
8.3008
8.8379
7.959
8.1543
8.1543
8.6182
8.5449
8.5693
9.1553
8.2764
7.4707
7.8369
8.1543
9.1064
7.0313
8.3496
10.229
11.841
12.622
12.646
13.135
14.136
14.331
14.893
15.356
14.966
15.43
15.796
15.503
15.503
15.845
15.601
15.308
15.21
15.161
16.064
15.967
15.82
15.942
16.016
15.869
15.771
15.381
15.845
13.257
5.0781
0.80566
-0.097656
-0.43945
-0.5127
-2.9541
-4.3457
-2.9297
-0.14648
-0.70801
-2.4902
-4.1992
-4.9316
-5.1514
-4.0039
-4.1504
-4.3701
-5.0537
-5.8105
-5.5176
-4.9316
-5.0781
-5.5176
-5.7373
-5.4932
-5.2979
-4.8584
-4.8828
-4.9561
-3.7354
-1.7578
-1.4648
-1.0498
-0.70801
-0.21973
0.097656
0.19531
0.1709
0.14648
0.12207
0.024414
0
0.024414
0
0
0
0
0
0
0
0
0
0
0
0
0
0
0
0
-0.024414
-0.61035
-0.29297
-0.19531
-0.36621
-0.70801
-0.63477
-0.29297
-0.1709
-0.1709
-0.26855
-0.24414
-0.26855
-0.39063
-0.39063
-0.26855
-0.26855
-0.36621
-0.46387
-0.39063
-0.19531
-0.19531
-0.21973
-0.31738
-0.24414
-0.24414
-0.43945
-0.61035
-0.3418
-0.21973
-0.36621
-0.92773
-1.2207
-2.124
-3.1494
-3.2227
-3.7109
-3.418
-3.8574
-3.9795
-4.126
-3.8574
-3.9307
-4.0283
-4.126
-4.1016
-3.8086
-4.0283
-4.2969
-4.2969
-4.4678
-4.3701
-3.833
-3.6377
-4.0771
-4.4922
-3.54
-3.8818
-4.0771
-4.2969
-3.2471
-0.78125
-0.39063
0
0.097656
0.48828
0.68359
0.61035
1.0498
0.5127
0.41504
0.5127
1.0498
0.63477
0.90332
0.48828
0.5127
0.58594
0.92773
0.5127
1.001
0.56152
0.56152
0.48828
0.90332
0.56152
0.83008
0.65918
0.58594
0.56152
0.80566
3.0762
4.126
7.7393
12.451
11.792
8.9355
11.426
13.062
15.356
15.991
16.064
16.772
17.529
17.065
17.896
18.213
18.579
19.189
19.043
19.482
19.336
19.043
19.067
18.799
18.97
19.531
19.36
19.336
19.165
17.456
7.7148
1.9043
-0.29297
-2.4902
-1.8555
-0.97656
-1.4648
-4.6387
-6.1523
-4.2725
-1.3184
-0.68359
-2.9297
-5.5176
-6.7139
-7.373
-6.3965
-4.7119
-5.3955
-6.5186
-7.4707
-6.543
-6.5186
-6.7383
-6.7871
-7.0068
-6.7871
-7.4707
-7.4707
-5.9326
-6.2744
-9.2041
-10.62
-12.5
-14.282
-15.308
-15.356
-15.674
-16.479
-16.968
-17.407
-17.529
-17.798
-17.896
-17.896
-17.871
-17.725
-17.847
-18.262
-18.14
-18.457
-18.042
-18.506
-18.188
-18.115
-18.213
-18.066
-18.433
-18.872
-19.214
-20.239
-19.604
-18.628
-17.896
-17.627
-17.651
-17.188
-16.309
-15.845
-15.552
-15.625
-15.576
-15.625
-15.723
-15.723
-15.601
-15.601
-15.82
-15.503
-15.356
-15.063
-14.917
-14.893
-15.234
-15.088
-15.259
-14.917
-14.624
-15.088
-14.063
-4.6387
-0.83008
0.48828
0.12207
0.53711
1.2451
2.2217
2.3926
1.2939
3.418
4.2236
4.0527
3.7109
3.833
4.248
4.5654
4.9316
5.1758
5.2002
5.1758
4.9316
5.2002
5.3467
5.7129
5.835
5.3467
5.4688
5.2002
4.5166
3.7598
4.3701
6.7139
7.1777
8.1055
9.7168
9.5947
9.8145
10.059
10.62
10.791
11.035
11.67
11.792
11.841
11.377
11.182
12.012
11.963
12.305
11.719
11.304
11.597
11.938
11.377
11.719
11.792
11.279
10.864
11.084
11.499
7.666
7.0557
6.5918
5.6885
5.7861
5.3955
5.4688
5.9082
5.4443
5.0049
4.248
3.2227
2.9541
2.6123
3.1982
2.6611
2.6611
2.8076
2.3193
2.4414
1.9287
2.2705
2.0752
2.4658
1.9775
2.71
1.8066
2.6123
2.2461
2.124
2.1729
4.1016
4.6875
7.6904
9.2285
8.5449
10.083
11.035
12.012
12.573
13.013
13.184
13.062
12.891
13.281
14.307
14.282
14.063
13.696
14.136
14.478
14.624
14.453
13.379
13.672
14.38
14.551
14.233
13.916
12.769
4.8584
0.56152
-0.80566
-0.56152
-1.4648
-2.2217
-4.6387
-1.709
-0.83008
-1.2451
-4.2236
-5.5908
-5.542
-4.2725
-5.1025
-6.2744
-6.0059
-6.2012
-6.3965
-6.1768
-6.5186
-6.6895
-6.5674
-6.7383
-7.0068
-6.3721
-6.7627
-7.1777
-6.7627
-7.251
-5.6885
-2.9541
-1.9043
-1.4648
-1.123
-0.56152
-0.1709
0
0
0.024414
0.024414
0.024414
0.024414
0
0.024414
0
0
0.024414
0
0.024414
0
0.024414
0.024414
0
0
0.024414
0
0
0
0
1.1963
1.3184
2.3926
5.6885
6.6895
6.3721
7.9346
9.1797
9.5215
9.6191
9.0576
9.5703
10.327
10.376
10.645
11.011
10.571
10.083
9.9609
10.62
10.889
10.986
10.767
10.571
10.254
10.767
10.913
10.767
11.304
10.693
3.9795
0.75684
0.097656
-0.26855
-1.4648
-0.12207
-0.097656
-0.78125
-1.1719
-2.4902
-1.7578
-2.5146
-2.0508
-3.3447
-2.5146
-2.4658
-3.1738
-2.6611
-3.0273
-2.9297
-2.6367
-3.0273
-2.4902
-2.7344
-3.1494
-2.5879
-2.9053
-3.2227
-2.7588
-2.2949
-2.0752
-3.5889
-5.1514
-6.8115
-7.1289
-7.2998
-7.6904
-7.9346
-7.7881
-8.1787
-7.8125
-8.0322
-8.0078
-8.1055
-8.6182
-8.4961
-8.2764
-8.1543
-7.9834
-8.6426
-8.1787
-8.4229
-8.8867
-8.4473
-8.4961
-8.3252
-8.3008
-7.9346
-7.9346
-8.0811
-4.3701
-3.2959
-3.6865
-2.2949
-2.8564
-2.8076
-2.3438
-1.6846
-1.3916
-0.85449
-0.56152
-0.87891
-0.5127
-0.61035
-0.68359
-0.3418
-0.29297
-0.3418
-0.36621
-0.65918
-0.73242
-0.61035
-0.80566
-0.46387
-0.39063
-0.39063
-0.31738
-0.65918
-0.61035
-0.53711
-1.0986
-1.9775
-4.248
-5.835
-5.3711
-6.958
-7.666
-7.8857
-7.9346
-8.5693
-8.7402
-8.7891
-8.6426
-9.3262
-9.1553
-9.3506
-9.2773
-9.4238
-9.0576
-9.2041
-9.0332
-9.7168
-9.5947
-9.2285
-9.3018
-9.0576
-9.4971
-9.7656
-10.01
-9.8389
-10.034
-9.7168
-10.01
-10.303
-10.254
-10.84
-10.327
-10.596
-10.083
-10.303
-10.376
-10.522
-10.645
-11.108
-10.791
-10.791
-10.718
-11.133
-10.938
-10.693
-10.4
-10.376
-10.693
-10.718
-10.864
-10.742
-10.522
-10.62
-10.498
-10.376
-11.084
-10.815
-10.84
-10.327
-9.7656
-10.278
-9.1309
-9.8145
-9.8389
-9.668
-9.8145
-9.5215
-9.5703
-10.376
-10.62
-10.156
-10.059
-9.7168
-9.7412
-9.9121
-9.2041
-9.9609
-10.352
-9.8633
-9.5947
-9.8877
-9.2529
-9.9365
-9.8389
-10.327
-10.4
-10.645
-10.62
-10.742
-10.571
-11.06
-11.304
-11.279
-11.182
-11.011
-10.938
-11.67
-11.719
-11.719
-11.621
-10.986
-10.913
-11.255
-11.279
-11.255
-11.621
-11.328
-11.035
-11.011
-11.377
-11.475
-11.572
-11.206
-10.864
-10.449
-10.352
-10.474
-10.425
-10.205
-9.1064
-7.6904
-6.665
-7.1289
-7.3975
-6.958
-6.8848
-6.4453
-6.8359
-6.7627
-5.7861
-5.5908
-6.3232
-6.1768
-6.0303
-5.9814
-6.1523
-6.4697
-5.7617
-5.7373
-5.7129
-6.0547
-5.6885
-5.4932
-6.0791
-1.5625
0.41504
1.2695
1.0986
4.1016
3.8574
2.7832
5.9326
7.0801
7.251
7.2998
8.5938
8.1787
8.1055
8.9111
8.8623
8.7891
9.0576
9.0332
9.4971
9.3018
9.4482
9.0576
8.8135
9.2041
9.4971
9.9365
9.668
9.3262
8.8867
3.9307
0.43945
-0.70801
-1.0742
-1.1475
-2.124
-2.9541
-2.2949
-1.5869
-2.8076
-3.7109
-4.5654
-3.9063
-4.3457
-4.5654
-4.8096
-4.3945
-4.3701
-4.3213
-4.3701
-4.3945
-4.248
-4.5654
-4.5654
-4.5654
-4.5654
-4.7852
-4.7607
-4.9316
-4.7852
-5.5908
-5.0781
-4.6631
-4.4434
-4.3945
-2.7344
-2.7344
-2.3926
-2.4658
-2.832
-2.124
-3.0762
-2.2705
-2.4658
-2.3438
-2.4658
-2.6611
-1.8311
-2.5635
-1.6846
-2.5391
-1.4648
-2.4414
-1.6846
-2.2461
-1.7578
-2.3438
-1.8799
-2.3926
-2.0264
-1.8311
-4.8584
-7.7637
-10.62
-13.452
-13.062
-13.037
-14.355
-16.064
-17.041
-17.554
-17.505
-18.164
-18.994
-18.628
-18.604
-18.994
-18.97
-19.312
-19.287
-19.8
-19.849
-19.702
-19.458
-19.507
-19.922
-19.971
-19.8
-19.873
-19.922
-14.746
-8.7891
-6.3232
-5.4199
-4.8828
-4.7119
-4.6631
-4.6143
-3.8086
-4.0039
-3.9063
-2.9785
-1.7578
-2.0752
-1.6846
-1.9531
-1.709
-1.2207
-1.6113
-1.416
-1.0742
-1.3916
-1.6113
-1.2695
-1.709
-1.3916
-1.1475
-1.5381
-1.8311
-1.3916
-0.41504
0.70801
1.3672
0.85449
1.0498
0.87891
1.5869
1.709
1.4404
1.8311
1.3428
2.0996
1.9531
1.6602
1.9043
1.2939
1.8311
1.6602
1.123
1.8311
1.4893
1.2451
1.6357
1.4648
1.709
1.7822
1.2451
2.0996
1.709
1.709
1.4648
2.9785
3.1982
3.4912
4.2236
4.4434
4.4922
4.4678
4.541
5.3223
5.1025
4.7363
4.541
5.1025
4.7852
5.0537
5.127
5.127
5.3467
4.9805
4.7852
4.4922
4.6875
4.8584
4.8828
4.9805
4.8584
4.834
4.9561
5.0537
6.3232
6.0303
4.6875
4.3701
3.8574
3.833
4.0527
3.2959
3.5889
3.1738
3.54
3.3447
3.418
3.3203
3.5889
3.7109
3.5645
3.3691
3.2227
3.54
3.4912
3.0762
2.9541
3.3936
3.1982
3.125
2.9297
3.418
3.2227
3.3691
3.1494
4.5654
6.4209
8.8135
9.6924
9.668
11.646
12.988
13.232
14.185
14.063
14.282
15.063
15.259
15.259
15.137
15.796
16.04
15.869
15.405
15.234
15.845
15.991
15.82
15.771
15.479
15.796
16.113
15.674
15.625
15.723
15.063
15.21
15.332
15.161
14.917
14.99
14.526
13.818
13.525
12.256
11.89
12.012
11.646
10.889
11.523
11.743
11.23
11.011
11.157
11.255
11.572
11.157
10.815
10.767
11.694
11.011
11.182
11.353
11.475
7.4219
1.709
0.3418
0
-0.024414
-0.63477
-2.4658
-2.0752
-0.87891
-1.2939
-2.1484
-2.5879
-2.832
-1.9775
-2.9541
-2.7344
-3.0762
-3.125
-3.0762
-2.832
-2.9053
-3.1738
-2.832
-2.71
-3.1982
-2.832
-2.8076
-3.3203
-2.6367
-2.9785
-1.2939
2.3438
4.0039
6.6895
11.157
13.452
8.5938
6.6406
10.84
13.892
14.502
12.72
14.502
14.673
14.453
15.112
15.527
15.918
15.918
16.064
16.357
16.846
16.382
16.26
16.821
17.261
17.041
17.48
17.31
17.407
17.041
17.065
17.944
18.628
19.092
18.75
18.579
19.116
19.556
19.263
18.97
19.58
19.995
19.678
19.507
20.044
19.751
19.58
19.019
19.751
20.19
19.946
19.946
20.386
20.41
19.8
20.044
20.215
20.068
20.239
14.868
4.9805
-0.43945
-3.0762
-6.3477
-5.9814
-10.327
-12.891
-10.645
-6.4209
-8.0322
-12.817
-15.942
-17.554
-16.528
-10.986
-6.0059
-7.666
-12.5
-16.235
-17.212
-18.164
-18.726
-17.871
-14.307
-13.306
-15.576
-17.163
-18.115
-18.652
-15.747
-10.425
-10.254
-9.3506
-9.5703
-8.3008
-8.5449
-8.7891
-9.0576
-8.8867
-8.7402
-8.4961
-8.1543
-7.373
-6.1768
-5.2734
-5.4932
-5.3711
-4.9805
-4.4922
-4.8584
-4.8584
-4.8828
-5.0781
-4.8584
-4.7852
-5.2979
-5.2246
-4.9316
-4.7852
-4.1504
-4.9316
-7.7881
-10.767
-14.136
-16.064
-16.187
-16.089
-16.943
-17.407
-17.261
-17.676
-18.018
-18.359
-17.993
-18.384
-19.214
-19.019
-18.213
-18.555
-19.043
-19.312
-19.507
-19.312
-19.238
-19.434
-19.629
-19.336
-19.727
-19.995
-16.382
-5.3955
-0.29297
1.2451
1.5869
1.6357
5.1514
8.8623
10.181
4.3701
2.2217
4.8096
8.96
11.06
11.548
12.378
12.207
9.9854
7.4707
8.6914
10.4
10.889
12.476
11.499
10.327
10.986
11.987
12.183
10.571
10.376
11.865
12.476
11.963
11.67
12.231
12.451
12.402
12.573
12.769
12.427
12.476
12.378
11.938
12.305
12.427
11.475
11.938
12.109
12.378
12.305
12.427
12.329
12.109
12.476
12.158
12.402
11.816
12.061
12.354
12.183
9.8145
1.3428
-2.2217
-6.2988
-7.8369
-9.4971
-11.67
-12.207
-8.8867
-8.2764
-12.915
-15.405
-16.162
-13.428
-9.9121
-11.206
-14.551
-16.333
-16.87
-15.161
-15.161
-15.747
-16.724
-16.675
-15.967
-16.26
-16.65
-17.212
-17.236
-17.065
-16.064
-11.719
-10.303
-9.8633
-8.9355
-8.8623
-8.6182
-8.6426
-9.0576
-8.3984
-7.2998
-6.543
-6.5918
-6.1768
-5.9082
-5.0781
-5.0537
-5.0781
-4.8828
-5.0293
-5.1514
-4.9072
-4.7852
-4.7852
-4.6631
-4.6143
-4.541
-4.4922
-4.3945
-4.3213
-4.1016
-4.6875
-6.25
-7.5195
-8.7158
-9.3506
-8.5938
-9.3018
-9.2041
-9.4727
-9.2041
-9.0088
-9.1797
-9.7412
-9.3506
-9.3018
-8.9355
-9.2773
-9.0332
-9.8633
-10.01
-10.571
-10.327
-9.8633
-9.7168
-9.3506
-9.9609
-10.376
-10.327
-9.79
-8.8623
-9.3262
-12.036
-12.671
-13.525
-13.184
-13.135
-13.477
-13.94
-14.136
-13.892
-13.647
-13.525
-14.063
-14.136
-14.746
-14.429
-14.087
-14.233
-14.404
-14.722
-14.844
-13.892
-14.111
-14.502
-14.722
-14.868
-14.209
-14.282
-14.38
-12.866
-3.2471
1.6357
4.6631
7.0801
6.6162
6.1035
8.5693
14.185
14.941
9.0576
7.5928
11.816
15.771
17.407
18.604
19.36
18.97
15.771
14.624
17.09
18.213
19.116
20.19
19.922
18.97
18.433
19.312
19.702
19.165
17.114
8.4717
2.3926
0.46387
-0.19531
-0.29297
-0.43945
-2.0508
-3.2715
-1.4648
-0.14648
-0.56152
-2.0752
-4.0771
-4.8828
-4.3457
-3.418
-3.1494
-3.7842
-4.6387
-4.541
-4.2725
-4.3457
-4.8096
-4.6143
-4.9316
-5.0781
-4.834
-4.8584
-4.9072
-4.6875
-3.5156
-3.6133
-2.7588
-3.2227
-3.3936
-3.0029
-2.0752
-0.95215
-1.4404
-1.6113
-0.87891
-0.61035
-1.123
-0.73242
-0.95215
-0.5127
-0.5127
-0.65918
-0.73242
-0.41504
-0.75684
-0.56152
-0.39063
-0.43945
-0.36621
-0.26855
-0.43945
-0.56152
-0.26855
-0.46387
0.56152
2.1973
2.5146
2.5635
3.5889
4.6631
4.7852
5.2246
5.127
5.6885
5.2979
5.4443
6.0547
6.0303
5.542
5.9814
6.0791
5.8838
5.4688
5.542
5.542
5.3955
6.1279
5.9326
5.3467
5.8594
6.0303
6.3965
5.9082
5.2246
-0.1709
-2.6367
-5.5908
-8.0078
-8.4473
-11.475
-11.377
-8.7402
-9.2773
-12.842
-15.283
-16.333
-13.965
-12.842
-14.844
-15.918
-16.333
-15.381
-15.527
-16.455
-17.041
-16.943
-17.139
-17.139
-17.188
-16.895
-16.919
-17.261
-17.627
-16.992
-8.8135
-3.2959
-0.97656
-0.5127
-0.14648
-0.073242
0.024414
0.21973
0.26855
0
0.073242
0.5127
0.92773
1.1475
1.001
1.7578
1.5381
0.97656
1.0498
1.5381
1.4648
0.87891
1.416
1.4648
1.0254
1.5869
1.2695
0.97656
1.1475
1.4893
1.3184
2.1729
2.1973
2.7588
2.2705
3.0029
3.418
3.0029
3.1006
3.5889
3.8818
3.3691
3.3447
3.2227
3.4912
2.9053
2.8564
3.2959
3.4668
3.125
3.4668
3.5889
4.1748
3.833
3.2227
3.4424
3.5156
3.7354
3.5156
3.2471
0.29297
-0.87891
-2.6611
-5.2246
-5.3223
-3.1006
-3.9063
-7.0313
-7.4463
-7.7148
-8.5205
-8.7891
-9.3018
-9.4971
-8.9111
-9.4971
-9.0576
-9.7656
-9.3018
-9.79
-9.2285
-9.8389
-9.4238
-9.2773
-9.3262
-9.1064
-9.9365
-9.7412
-9.375
-9.5703
-2.0752
0
1.2939
3.418
5.4199
3.2715
1.709
3.3447
6.2256
7.7637
6.3232
7.251
7.8613
8.374
8.0811
7.959
9.1309
9.2773
8.6182
8.5938
9.0332
9.3018
9.0332
9.5703
9.5947
9.3262
8.6914
8.8623
9.3262
4.0771
1.7578
0.5127
0.024414
0
0
-0.19531
-0.41504
-0.97656
-1.4893
-1.4404
-1.5137
-1.416
-0.95215
-1.3672
-1.6357
-1.3184
-1.0254
-1.1475
-1.416
-0.97656
-1.4404
-1.2695
-0.90332
-0.95215
-1.2939
-1.3672
-0.83008
-1.3184
-1.123
-1.0498
-1.9775
-2.3438
-3.2471
-4.126
-4.2725
-4.541
-4.9316
-5.4688
-5.2246
-5.2734
-5.6641
-5.5176
-4.8096
-4.9561
-5.127
-5.4199
-5.2734
-5.0537
-5.3223
-5.5908
-5.249
-5.3223
-5.3223
-5.5176
-5.3955
-4.9561
-4.9561
-5.2246
-5.249
-1.2451
0.097656
1.5137
2.5391
2.002
1.6602
3.3936
3.8574
3.6621
4.0283
4.248
4.2236
4.1992
4.1016
4.6875
5.2002
5.2002
4.834
4.5166
4.5166
4.4678
4.3213
4.4678
4.3701
4.3457
4.3701
4.4678
4.3213
4.5654
4.4678
4.8828
5.3223
4.9561
5.2734
5.249
5.1514
5.127
5.5908
6.3721
6.3232
5.7861
6.0547
6.1279
5.9326
6.1035
5.5176
5.4688
6.0791
5.9814
6.0791
6.0547
6.1768
6.1279
6.2744
5.6396
5.4199
6.1035
5.835
6.0791
5.9082
1.4648
-2.2705
-4.9072
-7.4219
-11.597
-12.158
-13.428
-10.889
-9.6191
-13.965
-17.041
-16.968
-13.232
-13.354
-15.82
-17.7
-18.457
-17.578
-16.553
-17.383
-18.384
-18.262
-18.018
-18.75
-19.092
-19.092
-18.994
-19.214
-19.434
-19.312
-11.646
-2.2461
0.73242
2.3682
2.3926
2.5879
4.6143
8.6182
6.4941
2.6611
4.9805
9.4727
12.012
12.646
9.5703
8.1543
10.425
11.89
12.549
13.135
13.525
12.549
12.671
14.233
14.282
12.598
12.622
13.354
14.6
14.502
8.7402
1.4404
-0.73242
-1.0498
-1.2451
-1.001
-2.3682
-1.9287
-1.2695
-2.124
-4.4678
-5.127
-5.249
-5.7617
-6.7139
-6.6895
-6.5186
-6.6406
-6.543
-7.0557
-7.2266
-7.3486
-7.5195
-7.1777
-7.2266
-6.7383
-6.7871
-7.0557
-7.0068
-7.4707
-6.3721
-7.7637
-9.3018
-9.5215
-9.4727
-9.2285
-10.132
-9.8877
-10.327
-10.205
-10.107
-9.9121
-9.8877
-10.278
-10.474
-10.718
-10.986
-11.084
-10.693
-10.693
-11.011
-10.913
-11.035
-11.133
-10.815
-10.596
-10.596
-10.84
-11.206
-10.767
-10.571
-11.548
-12.061
-12.329
-12.842
-13.452
-13.477
-13.477
-13.916
-14.063
-14.453
-15.112
-14.771
-14.16
-14.307
-14.429
-14.624
-14.331
-14.136
-14.307
-14.478
-14.453
-13.794
-13.745
-14.38
-14.502
-14.746
-14.307
-14.209
-14.551
-9.8389
-1.7334
0.39063
1.2451
1.9775
4.3213
3.2715
2.71
4.3701
6.7383
5.5908
5.0781
7.251
8.2031
8.3252
8.5938
8.8867
9.6436
9.5215
9.5459
10.107
10.229
10.034
10.229
9.6924
9.2285
9.5215
9.9609
10.229
10.181
7.0313
1.9043
0.80566
0.3418
0.68359
0.39063
-0.097656
-0.92773
-1.0498
-0.12207
-0.36621
-0.68359
-1.123
-0.70801
-0.75684
-0.39063
-0.48828
-0.48828
-0.95215
-0.63477
-0.95215
-0.65918
-0.58594
-0.56152
-1.001
-0.53711
-1.0254
-0.56152
-0.56152
-0.80566
-0.92773
-2.0996
-4.0771
-5.3467
-6.7871
-8.6914
-10.474
-10.474
-11.06
-12.842
-13.55
-13.354
-13.184
-13.623
-14.014
-14.063
-13.77
-14.087
-14.502
-14.746
-13.843
-13.818
-14.063
-14.282
-14.575
-14.38
-14.331
-14.185
-14.746
-15.063
-11.401
-3.6133
-0.61035
0.19531
0.56152
0.65918
0.43945
0.12207
0.31738
1.2207
1.5381
1.3672
2.6367
2.5146
2.7344
2.3926
2.4414
2.9053
2.4658
2.6123
2.7588
2.71
2.8076
2.4902
2.4414
3.0273
2.5146
2.5879
2.4902
2.3193
1.3916
-0.65918
-1.0742
-0.83008
-3.2227
-5.2979
-5.5664
-5.5176
-6.1523
-6.9336
-6.7383
-7.2021
-7.1289
-7.0557
-7.5684
-7.3486
-7.2266
-7.2998
-7.5684
-7.3486
-7.8613
-7.1289
-7.2021
-6.9824
-7.666
-7.1045
-7.1289
-6.6406
-7.6416
-7.3975
-6.6162
-4.4189
-4.1016
-4.0771
-3.3691
-3.5156
-3.8574
-3.4668
-2.7588
-2.5391
-1.4404
-1.4404
-1.3184
-1.2207
-1.001
-1.1963
-1.3672
-0.80566
-1.2939
-1.1963
-1.0742
-0.63477
-0.90332
-0.97656
-1.3428
-1.0742
-1.0254
-1.001
-1.123
-0.68359
-0.41504
0.43945
0.58594
1.0254
0.75684
1.2207
1.5381
1.2451
1.4648
1.9531
1.4893
2.0264
1.709
2.1484
1.8555
1.9287
2.0996
1.3428
1.8311
1.8555
2.0996
1.709
1.1475
1.8066
1.709
1.2695
1.8311
1.4648
1.709
1.6602
0.65918
-2.7588
-5.3467
-7.1045
-9.4238
-13.721
-12.329
-9.5215
-10.864
-14.282
-16.895
-18.14
-16.65
-15.137
-16.992
-18.042
-18.433
-18.018
-17.871
-18.433
-18.53
-18.384
-19.043
-19.092
-18.945
-18.823
-19.653
-19.336
-19.092
-19.312
-17.09
-10.767
-8.8867
-6.9336
-5.542
-5.9814
-5.957
-5.8594
-5.4199
-5.3467
-5.4199
-5.5176
-5.2979
-4.9072
-3.2715
-3.1982
-3.0518
-2.832
-2.832
-2.6855
-2.6123
-3.2227
-2.3438
-2.6611
-2.4658
-2.6123
-2.8809
-2.2949
-2.3682
-2.0752
-1.6113
1.2939
1.9531
3.4668
8.2031
9.6436
5.957
7.5684
9.8633
10.352
10.718
11.157
11.816
11.377
11.255
12.134
13.013
13.184
13.403
12.866
13.159
13.721
13.306
13.428
13.208
12.598
12.988
13.574
13.33
13.623
13.867
13.843
13.159
13.086
13.037
12.207
12.061
11.499
11.816
11.865
12.061
11.792
12.183
12.134
12.036
12.231
12.085
11.719
11.646
11.255
11.743
11.816
12.158
12.158
11.353
11.597
11.792
11.694
11.963
11.89
11.475
10.913
10.962
10.938
10.913
10.693
10.034
9.6436
9.1797
8.4961
8.2275
7.4463
7.666
7.4707
7.5195
7.373
6.4209
6.3477
6.665
6.6406
7.1045
6.5674
6.0547
6.6895
6.958
6.5674
7.0801
6.7139
6.3232
7.0801
6.8359
7.1045
6.9336
6.7627
6.958
6.8848
6.4941
6.6162
6.4941
6.0791
5.8105
6.543
6.7627
6.665
6.958
6.4453
6.5674
6.7383
6.6406
6.7871
6.5918
7.0068
6.6406
6.2988
6.9092
6.6162
6.2744
6.3721
5.7617
5.8594
5.3467
-0.097656
-1.5869
-3.7109
-5.3223
-9.3018
-10.938
-7.8369
-6.6895
-8.2764
-11.938
-14.087
-14.111
-11.963
-12.646
-13.696
-14.258
-15.21
-14.185
-14.209
-14.771
-14.844
-14.966
-15.21
-15.503
-14.722
-15.063
-15.356
-15.479
-15.454
-15.576
-15.527
-15.796
-15.552
-15.063
-14.16
-12.695
-12.451
-12.671
-12.671
-11.816
-11.694
-11.694
-11.816
-11.963
-11.792
-11.646
-11.157
-11.377
-11.279
-10.815
-10.962
-11.255
-11.572
-11.084
-11.401
-11.523
-11.841
-11.353
-11.133
-10.205
-5.2002
-3.2471
-2.8076
-3.4912
-2.4414
-2.71
-2.124
-2.3682
-2.3193
-1.9775
-1.0254
-0.41504
-0.83008
-0.46387
-0.3418
-0.31738
-0.24414
-0.31738
-0.12207
-0.048828
-0.097656
-0.073242
-0.097656
-0.048828
-0.024414
-0.024414
0
0
0
0.024414
2.2705
2.4414
4.1504
7.9834
8.8623
7.9346
8.9355
11.255
12.476
13.11
13.281
13.403
13.55
14.648
14.868
14.575
14.917
14.453
14.917
15.576
15.552
14.966
15.283
15.112
15.112
15.552
14.355
14.331
15.332
14.697
7.5684
2.5146
0.70801
0.39063
-0.36621
-0.80566
-1.6357
-0.024414
0
-0.21973
-1.5625
-1.6113
-2.0752
-0.92773
-1.6357
-2.1973
-1.5381
-1.7822
-1.4648
-1.7334
-1.8066
-1.2695
-2.002
-1.8555
-1.7578
-2.124
-1.5625
-2.1484
-1.5625
-1.7578
1.123
3.2227
5.3955
10.156
12.061
7.7881
8.0078
11.157
14.307
13.916
13.477
14.526
15.82
16.064
15.601
15.869
16.504
17.09
17.041
16.479
16.748
16.968
17.48
17.554
17.358
17.651
18.018
17.725
17.432
16.821
15.234
14.819
14.063
13.574
13.794
13.794
13.721
13.916
13.135
11.694
10.913
10.815
10.522
10.4
10.62
10.547
10.229
9.8389
8.9844
9.79
10.034
9.6924
9.9121
9.5947
9.6436
9.2529
9.668
9.79
10.547
10.205
9.8877
10.327
10.352
10.889
11.011
10.791
11.304
10.718
10.449
10.229
10.889
10.962
11.108
10.938
11.182
11.133
10.718
10.986
10.84
10.742
10.864
10.254
10.254
10.132
10.767
10.596
10.718
10.913
10.815
3.8086
0.43945
-1.0742
-2.5391
-4.4434
-2.5879
-2.5146
-4.541
-6.2012
-5.6152
-4.7363
-5.6641
-6.0303
-6.3721
-6.0547
-6.3721
-6.5918
-6.1035
-6.5674
-6.8115
-6.3721
-6.9336
-6.8359
-6.2988
-6.4453
-6.7139
-6.3721
-6.7871
-7.0801
-6.7383
-1.8311
0.097656
0.70801
3.5156
4.1016
1.5381
2.3193
5.4932
6.5918
6.5674
6.1035
6.8115
7.4707
6.5918
6.7383
7.1289
7.6172
7.7148
8.1299
7.8857
8.5449
8.3496
8.252
8.4229
7.8369
8.3008
8.2031
8.5205
8.4473
8.0811
4.1992
2.3193
1.3916
0.58594
0.46387
0.36621
0.46387
0.048828
-0.14648
-0.097656
-0.048828
-0.024414
-0.073242
-0.12207
-0.048828
-0.024414
0
-0.024414
0
0
0
0
0
0
0
0
0
0
0
0
-0.1709
-1.9287
-5.2002
-7.5928
-7.5928
-7.3975
-8.8623
-9.5947
-10.254
-10.547
-10.889
-11.548
-11.279
-11.182
-11.084
-11.401
-11.182
-11.597
-11.621
-11.548
-11.401
-11.89
-12.158
-11.987
-11.548
-11.475
-11.426
-11.67
-12.207
-12.012
-4.541
-0.24414
1.0986
3.7598
5.8105
2.0508
1.9531
4.1016
6.9824
6.958
5.2734
7.2266
8.5938
8.4961
7.3486
8.2275
9.2041
9.668
9.4238
9.082
9.5459
10.156
9.3262
9.1797
9.4727
9.8633
9.5947
9.3994
9.5215
9.4482
4.6875
0
-1.8311
-3.6133
-2.4902
-1.7578
-4.6875
-7.5928
-5.7861
-3.7598
-5.6885
-7.9346
-9.1309
-8.6914
-8.0078
-9.0332
-9.5459
-10.596
-10.059
-9.7656
-9.4482
-9.7656
-10.034
-9.6191
-9.8633
-10.229
-10.596
-10.034
-9.9121
-9.7412
-5.4443
-1.6357
-1.2207
-1.3672
-0.5127
-0.39063
-0.19531
0
0.048828
0.24414
0.29297
0.3418
0.19531
0.12207
0.073242
0.073242
0.097656
0.097656
0.073242
0.097656
0.12207
0.24414
0.3418
0.29297
0.14648
0.048828
0.048828
0.073242
0.097656
0.048828
0.31738
0.75684
0.73242
1.709
1.9531
2.2949
2.1973
2.4902
2.3193
2.9053
2.8809
2.417
3.0273
2.9297
2.8564
3.418
2.6367
2.9297
2.6123
2.3682
2.832
1.9775
2.6855
2.0752
2.4414
2.5635
2.5879
3.125
2.4902
2.417
2.002
3.1982
4.4434
6.6162
8.7402
8.3008
9.3506
10.571
11.255
10.864
11.353
11.426
12.158
12.158
12.28
12.305
12.305
12.598
12.378
12.744
12.842
12.378
12.793
12.305
12.598
12.207
12.5
12.988
13.159
12.817
7.6416
-0.048828
-1.8066
-3.5156
-4.4922
-7.1533
-10.791
-12.427
-6.7871
-3.7598
-5.5176
-9.3506
-12.671
-14.16
-14.38
-11.987
-9.6191
-11.206
-13.208
-14.087
-14.6
-12.5
-13.086
-13.843
-14.355
-14.673
-14.404
-14.038
-14.478
-14.941
-14.624
-14.209
-13.892
-14.575
-14.404
-14.16
-13.794
-13.989
-14.478
-14.16
-14.331
-14.063
-14.209
-13.989
-14.307
-14.355
-13.599
-13.818
-14.526
-14.404
-14.063
-14.258
-14.111
-14.404
-14.502
-14.624
-14.526
-14.233
-13.965
-14.38
-14.697
-14.355
-14.136
-13.989
-14.624
-15.137
-14.453
-14.136
-14.111
-14.331
-14.6
-14.355
-14.087
-14.111
-14.429
-15.137
-14.551
-14.6
-14.648
-14.648
-14.722
-14.819
-14.38
-14.526
-14.16
-14.648
-14.551
-14.404
-14.746
-14.331
-11.304
-4.248
-1.123
-0.78125
0.048828
0.53711
0.12207
0
0.21973
0.58594
0.90332
0.75684
0.75684
1.1719
1.0498
1.1963
0.83008
1.5625
1.416
1.0742
1.1719
1.1475
1.2939
0.95215
1.3672
1.0254
1.0986
0.78125
1.0742
1.0254
0.73242
-1.123
-1.5625
-3.0273
-4.9316
-5.8838
-5.4199
-6.0547
-6.0303
-6.5918
-6.8359
-6.5186
-6.8604
-7.0313
-7.0801
-7.2754
-6.7627
-7.6416
-7.1045
-6.958
-6.5674
-6.3721
-6.8115
-6.4697
-6.8115
-7.1289
-6.6895
-7.0801
-6.7871
-6.7139
-7.8369
-8.0566
-6.7871
-5.835
-5.249
-5.0049
-5.2979
-5.2002
-4.8096
-4.2969
-4.3457
-4.0771
-4.3213
-4.4189
-4.126
-3.6865
-4.0283
-4.248
-4.7607
-4.6143
-4.7607
-4.4189
-4.4434
-4.3457
-4.4434
-4.6143
-4.1016
-4.2236
-4.4189
-4.3945
-3.418
-4.834
-6.3965
-7.9102
-8.0811
-9.0576
-9.5947
-9.4971
-10.205
-9.8877
-10.254
-10.645
-10.156
-10.352
-10.547
-10.645
-10.791
-10.84
-10.718
-10.645
-10.547
-10.596
-10.645
-10.376
-10.791
-10.84
-10.791
-11.06
-10.645
-10.718
-7.9834
-1.4404
0
0.048828
0.58594
1.9531
2.9541
1.4404
1.3916
3.3447
3.5889
3.4912
2.6123
3.7354
4.3945
4.8096
4.8096
4.126
4.0283
4.3701
4.9805
5.1758
4.9561
4.4434
4.4189
4.6631
4.6143
4.0039
4.4678
4.6387
4.1016
4.2236
3.3447
3.3691
4.0283
3.7109
2.7588
1.709
1.7578
1.3916
1.3428
1.1963
1.8066
1.3184
0.68359
0.70801
1.2939
1.1719
0.97656
0.78125
1.2939
1.001
1.0254
1.2695
1.5137
1.2695
0.68359
0.75684
1.416
1.3428
0.5127
1.6357
1.9531
3.3203
3.4912
3.7354
4.3945
4.4678
4.5898
4.4434
4.7119
5.0781
5.2002
5.2734
5.1514
4.5654
4.8096
5.1025
4.9316
4.6631
4.9316
5.249
5.3711
4.9805
4.8828
5.1025
4.6631
4.5654
4.541
4.834
4.9316
5.1758
5.2734
4.9316
4.8096
5.0537
5.4443
5.4199
5.3223
4.7852
4.6387
4.8096
4.9316
5.3223
5.2246
5.2002
5.0293
5.1758
4.6387
4.9805
5.249
5.4688
5.1758
4.8828
4.8096
4.6875
4.6631
5.0537
4.9805
5.542
4.4189
4.8584
6.543
8.3496
10.547
11.133
11.304
12.695
14.893
15.112
15.454
15.796
16.357
16.968
16.943
16.675
16.602
17.407
17.407
16.968
17.358
17.48
17.651
17.407
17.407
17.212
17.334
17.188
17.212
17.603
16.284
7.6904
3.0518
0.87891
0.097656
0.073242
-0.21973
-0.65918
-0.19531
0
-0.1709
-0.65918
-1.0742
-1.4648
-1.4404
-1.8555
-2.5879
-2.0752
-2.0996
-1.8311
-2.3926
-1.7334
-2.5879
-1.9043
-2.5391
-1.6602
-2.4902
-1.8066
-2.5879
-1.8066
-1.8066
1.8066
3.5889
7.3242
8.5205
5.5176
9.4482
13.232
10.01
10.107
13.086
14.551
13.574
13.647
14.258
15.039
16.089
15.82
15.039
15.503
16.162
16.04
15.942
16.406
16.211
16.577
16.699
16.333
16.553
16.357
15.039
7.0313
2.3926
0.97656
0.024414
-0.21973
-0.21973
-0.65918
-0.48828
-0.073242
-0.5127
-0.5127
-0.63477
-1.0986
-1.416
-1.0742
-1.4893
-1.416
-1.0986
-1.5381
-1.7578
-1.3184
-1.4893
-1.5869
-1.3184
-1.5869
-1.5381
-0.97656
-1.5625
-1.709
-1.001
-2.7588
-4.9316
-7.9102
-9.8145
-12.5
-14.16
-12.109
-12.695
-14.917
-17.139
-18.677
-18.115
-17.773
-18.066
-18.604
-18.799
-18.848
-19.141
-19.092
-19.141
-19.556
-19.238
-19.507
-19.141
-19.702
-19.897
-19.946
-20.313
-19.971
-18.555
-8.0566
-1.4893
1.8066
4.0771
3.1006
2.4902
3.6377
8.0566
10.327
7.5195
4.126
4.3701
8.3496
10.986
12.085
12.524
11.841
9.8877
10.278
11.816
12.549
12.891
11.743
10.571
11.865
13.062
12.476
12.354
12.256
12.451
3.9307
-0.63477
-2.3926
-6.3477
-11.133
-14.38
-11.865
-6.25
-6.8848
-11.572
-15.063
-16.04
-16.357
-11.548
-8.1543
-10.864
-14.111
-15.869
-16.602
-17.31
-15.771
-13.843
-14.38
-15.918
-16.65
-16.504
-15.43
-15.649
-16.357
-16.504
-6.665
-1.1963
0.48828
3.0518
5.5176
2.6611
1.0498
1.2695
4.5166
6.6162
6.3721
3.6865
4.6875
5.8594
6.7139
7.3975
7.6172
6.7627
6.7383
7.7637
7.3975
6.958
6.5186
7.9102
8.2764
8.3008
7.6172
8.252
8.0811
7.8125
2.832
1.123
0.19531
-0.073242
0
-0.63477
-0.87891
-1.2695
-0.78125
-1.0986
-1.5625
-1.5869
-1.001
-1.2695
-1.4893
-1.001
-1.4648
-1.3916
-0.87891
-1.2451
-1.2939
-1.2451
-0.95215
-1.5625
-1.7822
-1.0254
-1.5381
-1.7334
-1.0742
-1.6113
0.073242
1.4893
1.4404
1.2451
2.0508
2.1973
2.6855
2.6123
2.8564
2.6367
2.832
3.1494
2.9785
3.0029
3.0029
3.2227
2.4658
2.5635
2.5146
2.5879
3.1494
2.7588
2.8809
3.1982
2.7588
2.9541
3.1494
3.5156
3.418
2.9785
3.3936
4.6387
6.3721
9.0332
11.743
11.743
12.354
14.38
15.015
15.259
15.698
16.089
16.382
16.553
16.479
16.553
16.895
16.895
17.529
17.114
17.407
17.944
17.456
17.139
17.114
17.31
17.676
17.456
17.676
8.9111
2.5391
0.097656
-1.123
-3.1982
-3.9063
-1.0742
-0.97656
-1.5625
-4.3945
-5.9326
-6.1768
-5.4688
-2.7832
-3.54
-4.8828
-5.957
-5.835
-4.4434
-4.9316
-5.5176
-5.3955
-5.7129
-5.9326
-6.0303
-6.0303
-6.1035
-5.9082
-6.2744
-5.4932
-4.2725
-8.6914
-10.669
-10.986
-12.109
-12.988
-13.477
-13.623
-13.306
-13.818
-14.136
-13.867
-13.672
-14.16
-14.38
-14.746
-14.111
-14.404
-14.209
-14.478
-15.063
-14.258
-14.404
-14.429
-14.38
-15.039
-14.453
-14.526
-14.746
-15.015
-11.035
-9.1797
-8.6914
-8.5938
-7.6904
-7.8369
-7.4951
-8.1055
-7.2266
-6.25
-5.127
-4.6631
-4.5166
-4.3945
-4.6143
-4.4189
-4.5166
-4.7607
-4.3213
-4.1504
-3.8086
-4.0039
-4.3213
-4.1992
-4.1748
-3.8574
-4.0527
-4.0771
-4.2236
-4.248
-0.1709
2.2705
4.6875
9.7168
10.791
8.5693
7.9102
12.354
13.477
11.938
13.33
14.893
14.795
14.941
15.698
16.406
16.357
16.455
16.87
17.188
17.773
17.725
17.725
18.115
18.042
17.358
17.627
17.578
17.896
18.433
10.352
1.709
-1.3184
-3.6133
-6.9336
-8.1299
-9.1309
-7.2021
-4.8584
-6.7383
-11.646
-14.16
-15.405
-11.89
-7.4951
-7.2754
-10.864
-13.745
-15.308
-15.918
-13.77
-13.062
-13.647
-15.039
-15.503
-16.406
-14.771
-14.746
-15.405
-15.747
-16.87
-16.406
-15.332
-14.844
-14.282
-13.745
-14.087
-14.355
-14.697
-13.843
-13.794
-13.55
-14.185
-14.258
-14.014
-13.354
-13.745
-14.16
-14.429
-14.136
-13.647
-13.306
-13.867
-14.111
-14.307
-13.11
-13.354
-13.867
-13.94
-14.063
-14.966
-14.404
-13.623
-13.232
-13.574
-12.622
-11.768
-11.621
-12.207
-12.085
-11.719
-11.499
-11.108
-11.011
-10.84
-11.035
-11.597
-11.279
-11.426
-10.718
-10.596
-11.45
-11.646
-11.499
-11.377
-11.157
-11.255
-11.475
-11.841
-11.646
-9.7412
-10.889
-12.964
-14.624
-15.674
-16.04
-16.235
-16.553
-16.968
-17.09
-17.529
-17.871
-17.383
-17.969
-18.115
-18.335
-18.091
-18.628
-18.335
-17.822
-17.896
-18.164
-18.457
-18.042
-17.676
-18.262
-18.53
-18.555
-18.14
-18.188
-12.573
-2.7832
0.48828
2.5146
2.5879
2.5391
3.5645
6.8359
9.2041
7.4951
3.4668
5.7129
7.9102
9.7412
10.571
9.1553
7.2754
8.7402
9.9609
10.059
10.107
9.5703
10.303
10.864
11.206
10.962
10.425
10.84
11.353
11.841
7.8369
1.8311
0.26855
-0.29297
-0.31738
-0.5127
-0.26855
-0.1709
-0.70801
-0.58594
-1.3428
-1.6602
-1.9775
-1.3916
-2.2217
-1.6357
-1.9531
-2.1484
-1.9531
-2.0508
-1.9775
-1.9043
-1.8066
-2.417
-1.8311
-2.1484
-1.5137
-2.3926
-1.6113
-2.1973
-2.0264
-3.3203
-5.7373
-6.4697
-9.2773
-11.694
-13.916
-13.428
-13.281
-14.136
-15.015
-14.771
-14.111
-14.648
-15.332
-15.186
-15.356
-15.308
-15.21
-15.601
-15.894
-15.796
-15.771
-15.576
-15.869
-16.187
-16.504
-16.138
-16.04
-15.942
-16.016
-15.21
-14.551
-14.795
-14.868
-14.526
-13.965
-12.817
-11.572
-11.45
-11.401
-11.401
-10.938
-10.791
-11.157
-10.962
-11.011
-10.522
-10.474
-10.693
-10.693
-10.327
-10.083
-10.327
-10.425
-10.522
-10.498
-10.376
-10.181
-10.059
-7.5195
-3.4912
-2.71
-2.5391
-2.7344
-2.1729
-2.2461
-2.0752
-1.2207
-0.83008
-0.58594
-0.41504
-0.36621
-0.048828
0
0
0
0
0
0
0
0
0
0
0
0
0
0
0
0
-0.3418
-1.5137
-2.832
-5.8594
-9.0332
-9.375
-8.3252
-9.8633
-11.304
-11.499
-11.499
-11.426
-11.841
-12.134
-11.865
-12.305
-12.061
-12.305
-12.5
-12.524
-12.427
-12.598
-13.037
-12.891
-12.524
-13.159
-12.329
-12.915
-13.013
-12.866
-10.84
-4.2725
-3.1006
-2.6855
-2.2949
-2.6611
-2.1973
-1.9043
-1.7334
-1.0254
-0.58594
-0.12207
-0.024414
0
0
0
0
0
0
0
0
0
0
0
0
0
0
0
0
0
0.14648
1.3916
2.0508
1.3916
2.7344
2.1484
2.6855
3.0029
3.3203
3.1006
3.5889
3.8818
3.3936
3.3936
3.2471
3.4912
3.0518
3.54
3.3691
3.833
3.54
3.1738
3.0029
3.4912
3.4668
3.1494
3.5889
3.6133
3.9551
3.8086
1.8311
-1.3916
-5.6641
-7.5195
-8.3008
-10.083
-14.038
-16.821
-14.795
-9.7656
-11.621
-14.429
-17.334
-18.481
-18.091
-16.479
-16.528
-17.432
-18.53
-18.335
-17.48
-18.018
-18.408
-18.677
-18.701
-19.336
-19.165
-18.896
-19.092
-19.189
-17.139
-8.4717
-2.6123
-1.0986
-0.097656
0.024414
0
0
0
0
0
0.097656
0.53711
1.0498
1.709
1.4404
1.9287
1.5869
1.0254
1.5625
1.5625
1.0498
1.7334
1.4893
1.001
1.5869
1.4893
1.0254
1.3672
1.5625
1.0498
-0.21973
-1.2207
-1.1963
-2.0264
-1.7578
-2.7588
-2.0752
-2.8076
-2.4658
-2.417
-3.0273
-2.5635
-2.9053
-3.0029
-2.5391
-2.6611
-3.3447
-2.7832
-2.8809
-3.418
-2.7832
-3.2715
-3.1494
-2.9053
-2.4658
-3.1006
-2.6855
-2.7832
-3.125
-1.9531
0.24414
0.78125
1.0986
1.001
3.0518
3.0029
3.1982
3.8574
4.2236
4.1992
4.3457
4.3457
4.6631
4.7119
4.4434
4.1504
4.4678
4.3701
4.248
4.6387
4.9072
4.7852
4.5654
4.4678
4.7363
5.2002
4.9316
4.9561
4.5898
3.7842
3.0762
2.3682
1.8799
1.9287
1.2939
1.416
1.001
0.31738
0
0
0
0
0
0
0
0
0
0
0
0
0
0
0
0
0
0
0
0
0
0.048828
0.85449
1.3428
0.95215
1.6846
1.8555
1.6846
2.1973
2.124
2.2949
2.0752
2.2705
2.1973
2.2949
2.832
2.3193
2.7588
2.4658
2.7588
2.7588
2.2217
2.1973
2.2217
2.4902
2.0996
2.5391
1.7822
2.6367
1.8066
2.6611
1.6357
-0.073242
-1.4404
-3.4912
-5.2002
-3.5889
-4.7607
-6.3232
-6.4697
-7.0068
-7.0068
-7.8125
-7.0801
-7.7148
-7.1533
-8.1055
-7.3975
-8.1055
-7.5928
-7.7881
-7.5684
-7.8125
-7.6172
-7.4463
-7.5928
-7.7148
-7.8613
-7.6904
-8.3496
-7.7881
-7.373
-0.68359
0.43945
2.1729
4.6143
3.7354
1.8066
1.9043
4.0283
5.957
5.2979
5.7373
6.6406
6.7383
6.4209
7.0801
7.0313
7.6416
7.5439
8.2275
8.0566
7.8857
7.7393
7.6172
7.9346
7.9346
8.0322
7.8613
8.1787
7.8369
7.2998
2.0264
0.14648
-0.3418
-0.5127
-0.58594
-0.85449
-0.95215
-1.8799
-2.1484
-2.2461
-2.417
-2.8076
-2.5391
-2.832
-2.417
-2.7344
-3.1494
-2.6855
-2.4902
-2.6611
-2.3682
-2.7588
-2.3438
-2.3438
-2.5879
-2.1729
-3.2227
-2.4902
-2.4658
-2.2949
-2.417
-4.248
-5.2734
-5.5908
-6.1523
-6.5186
-6.4941
-6.8604
-6.958
-6.4209
-7.2021
-7.1045
-7.3486
-7.1777
-7.2021
-7.666
-7.373
-7.373
-7.4463
-7.6904
-7.2754
-7.6172
-7.4951
-8.0566
-7.6904
-7.6172
-7.2998
-7.2266
-7.373
-6.8359
-0.43945
2.1729
4.248
7.3242
8.6182
9.2529
6.3232
9.082
13.965
15.527
11.377
12.402
15.527
17.31
17.969
16.992
16.602
17.725
18.628
18.164
17.48
18.335
18.75
18.384
18.433
19.189
19.336
19.531
19.629
19.531
16.382
15.625
14.697
14.624
14.233
14.233
14.209
14.209
14.16
14.307
13.525
12.036
11.475
11.108
10.718
10.938
10.938
11.182
10.742
10.669
10.791
10.547
10.645
10.205
10.376
9.79
9.6924
9.2529
10.107
10.278
8.9355
11.768
13.257
14.258
14.893
15.454
15.771
15.405
16.357
17.114
17.383
17.432
17.969
17.822
18.213
17.749
17.798
17.505
17.773
18.188
17.969
17.871
18.042
17.847
17.676
17.188
17.578
18.335
17.773
17.993
13.379
11.035
10.425
10.107
9.6191
8.7402
8.4717
9.1064
8.96
8.8379
8.6182
8.4717
8.2764
8.252
7.8613
7.251
7.0313
6.25
5.835
5.8105
5.8105
5.6885
5.5664
5.3711
5.1514
5.4688
5.5664
5.1758
5.0537
4.9561
4.4189
3.54
3.9551
3.4668
3.9795
3.6133
2.9053
2.0752
1.6846
1.3672
1.0254
1.8311
1.1963
0.92773
0.61035
0.95215
1.001
1.2695
0.78125
0.75684
1.0254
1.0742
1.001
0.90332
1.3672
1.2695
0.73242
0.78125
1.3428
0.95215
0.21973
0
-0.048828
-0.12207
-0.048828
-0.024414
-0.024414
0
0
0
0
0
0
0
0
0
0
0
0
0
0
0
0
0
0
0
0
0
0
0.46387
1.3672
1.0986
1.3184
1.6357
2.124
1.3916
2.7344
2.2461
2.417
1.9531
2.4414
2.5879
2.2461
2.2705
2.1484
2.3682
2.002
2.3682
1.9287
2.2949
1.7578
2.124
1.8066
2.0508
2.0752
1.9775
2.002
2.1729
2.0752
-0.1709
-1.6846
-3.6865
-4.6631
-6.3965
-7.9102
-7.9834
-8.6426
-9.9854
-12.549
-13.037
-13.306
-13.159
-13.965
-14.136
-14.307
-14.355
-14.99
-15.161
-14.746
-14.795
-14.917
-14.99
-14.966
-14.771
-14.673
-14.844
-15.381
-15.259
-15.186
-13.94
-15.991
-17.212
-17.529
-17.48
-18.042
-18.652
-19.458
-19.434
-18.872
-19.116
-19.531
-19.238
-19.336
-19.629
-19.922
-19.995
-19.531
-19.971
-20.166
-19.995
-19.897
-19.971
-19.824
-19.312
-19.653
-19.409
-19.434
-19.238
-19.507
-15.137
-12.231
-10.645
-10.205
-10.522
-9.2041
-9.1797
-8.9844
-9.6436
-9.2773
-8.8623
-8.8867
-8.4473
-7.7393
-7.4951
-6.9336
-7.373
-7.4219
-6.7139
-6.2012
-5.7129
-5.7617
-6.0547
-5.7373
-5.6396
-6.0059
-5.957
-6.0303
-5.4199
-5.249
-1.0498
2.0508
3.8818
7.7148
11.914
8.7158
5.7373
9.3018
13.33
15.479
13.94
11.523
13.867
15.771
16.455
16.016
14.99
15.625
17.09
17.944
17.212
16.089
16.284
17.383
18.14
17.7
17.847
18.311
18.14
17.651
11.792
3.6377
0.58594
-0.70801
-1.0986
-1.3184
-1.6357
-0.97656
-0.78125
-2.4902
-4.6875
-5.4199
-4.2236
-3.0029
-3.8574
-4.8584
-5.6396
-5.3711
-4.7852
-5.249
-5.9326
-6.0059
-5.4443
-5.4932
-5.3223
-5.6396
-5.6152
-5.3467
-5.835
-6.0547
-2.5879
0.48828
0.80566
0.92773
1.3184
0.90332
2.3926
3.833
4.2969
4.4434
4.8096
4.7119
5.249
5.542
5.3955
5.3467
5.3955
5.9082
5.8105
5.7617
5.5176
5.4688
5.6885
5.4199
5.1514
5.0293
4.8096
5.2002
5.7617
5.3955
5.4932
6.4697
7.0801
7.2266
7.1289
7.4951
7.6416
8.6182
8.7891
8.6426
8.9355
8.96
8.3008
8.9844
8.3008
8.6182
8.4717
8.6426
9.1309
9.3018
8.7158
8.5693
8.9111
8.7158
8.6182
9.0576
9.1797
8.8379
9.0576
8.7158
4.4189
0.19531
-1.6602
-1.6357
-0.63477
-1.3672
-3.4912
-5.6885
-5.5176
-3.3936
-4.1016
-6.1035
-6.6162
-7.0068
-6.6406
-6.1523
-6.7139
-7.0313
-7.0801
-7.3242
-7.1045
-7.373
-6.665
-6.958
-7.2754
-6.5186
-6.8604
-6.4941
-6.958
-7.2021
-3.6865
-0.90332
0
0.53711
1.2939
0.61035
0.87891
1.9287
2.3193
2.7588
2.6855
2.9053
2.5391
2.5635
3.1006
2.6855
2.7832
3.2715
2.6367
2.6367
3.2715
3.0273
2.4414
3.0029
2.6123
2.6123
3.1738
2.9297
3.0029
3.2715
2.6855
3.4912
3.9551
5.3223
5.5176
5.6152
5.9814
6.2256
6.2012
6.958
7.251
6.665
7.1045
6.8604
6.9824
6.7139
6.3965
6.4453
7.0313
7.0068
7.5439
7.2021
6.6406
6.6162
6.7383
7.373
7.0068
6.3721
7.0313
6.9092
5.2002
7.373
8.2764
10.278
12.183
13.623
13.33
13.745
14.624
15.381
15.576
16.089
15.869
15.869
15.967
15.82
16.162
16.455
16.577
16.626
16.577
16.455
16.431
16.187
16.162
16.748
16.724
16.577
16.772
16.528
16.821
16.675
16.016
15.894
15.918
15.283
14.917
14.795
14.575
14.258
13.55
13.135
12.939
12.939
13.184
12.793
12.964
13.281
13.452
12.476
13.257
12.988
12.598
12.695
12.769
12.524
12.793
13.013
13.11
12.646
9.79
2.5635
0
-0.80566
-0.65918
-0.29297
-1.9531
-2.8564
-1.0254
-1.2939
-3.833
-4.7119
-4.1504
-3.8574
-4.7852
-5.4688
-5.249
-4.9561
-4.9316
-5.0781
-5.2246
-5.0293
-5.249
-5.3955
-5.1025
-5.127
-5.1758
-5.4199
-5.3955
-5.0537
-4.1992
-2.4414
-1.9287
-2.0996
-1.3672
-1.2695
-0.83008
-0.68359
0.097656
0.14648
0.048828
0
-0.048828
-0.024414
0
0.024414
0.024414
-0.024414
0
0
0
0
0
0
0
0
0
0
0
0
-0.43945
-1.3672
-3.1494
-5.7617
-7.5195
-7.8613
-9.5215
-9.0576
-10.4
-11.206
-12.231
-12.476
-12.671
-12.476
-12.378
-12.354
-12.866
-13.086
-13.208
-13.208
-12.72
-12.988
-13.232
-13.354
-12.988
-12.671
-13.306
-13.721
-13.599
-13.745
-11.914
-9.1064
-7.959
-7.8857
-7.1289
-7.2266
-7.4951
-7.7393
-7.4463
-7.1777
-6.2256
-4.5654
-4.5898
-4.3457
-4.3945
-3.5889
-3.9063
-3.8086
-4.1992
-4.4678
-4.1992
-3.7598
-3.0762
-3.6865
-3.4912
-4.0283
-4.126
-3.8086
-3.2227
-3.7354
-2.2949
0.073242
1.2451
0.63477
1.8799
1.8066
3.2471
3.4424
3.9307
4.1992
4.126
3.9551
3.8818
4.3457
5.0781
5.2979
4.7607
4.0283
4.2236
4.3701
4.3213
4.2725
4.4678
4.6631
4.6875
4.6387
4.3945
4.6143
4.6143
4.5898
4.3213
0.29297
-0.46387
-0.83008
-1.3428
-1.2695
-2.4414
-2.2217
-2.6123
-2.6611
-2.71
-3.2471
-3.0518
-2.8564
-3.2227
-3.1982
-2.6855
-2.6611
-3.3691
-2.9297
-2.832
-3.0273
-2.6611
-2.6367
-3.0762
-2.7344
-3.0029
-3.4668
-2.6855
-3.0762
-2.6123
-2.832
-4.0527
-6.4941
-8.1299
-9.8145
-10.962
-11.572
-11.548
-12.354
-12.061
-12.231
-12.5
-12.769
-12.988
-12.964
-12.451
-12.866
-13.306
-13.232
-13.159
-12.573
-12.524
-13.184
-13.55
-13.306
-13.11
-12.598
-13.184
-13.818
-14.502
-14.526
-12.524
-12.305
-12.305
-12.866
-12.72
-11.938
-11.841
-11.401
-12.109
-12.109
-11.304
-11.377
-11.353
-11.353
-11.597
-11.304
-11.963
-11.646
-11.621
-11.133
-11.426
-11.499
-11.914
-11.572
-11.157
-11.011
-11.499
-11.67
-10.645
-10.303
-12.573
-13.892
-14.771
-15.479
-16.089
-16.26
-15.723
-16.455
-16.968
-17.529
-17.114
-16.895
-16.968
-17.554
-17.603
-17.188
-16.968
-17.261
-17.627
-17.48
-17.285
-17.48
-17.969
-17.505
-17.041
-17.358
-17.407
-17.651
-16.089
-7.8369
-2.6855
-1.123
-1.0498
-0.024414
-0.024414
0.024414
-0.073242
0
0.31738
0.36621
0.83008
0.87891
1.1963
1.3916
0.61035
1.1475
0.70801
0.73242
1.1719
0.78125
0.95215
0.58594
0.61035
1.1719
0.70801
1.0254
0.5127
0.53711
0.97656
2.9053
4.0527
6.25
10.84
14.697
9.8633
10.107
13.77
16.089
15.991
15.039
15.527
16.431
17.505
16.772
16.943
18.042
18.164
17.847
17.822
17.554
18.188
18.091
18.652
18.555
18.75
18.872
18.628
18.262
18.164
19.067
19.263
18.848
18.604
18.481
18.115
18.042
16.748
15.552
15.82
15.601
15.796
15.503
15.039
15.479
15.698
15.112
14.844
14.893
14.819
15.527
15.454
14.819
14.917
15.015
15.381
15.332
14.941
14.307
14.429
10.693
8.6426
8.374
8.0322
7.3975
7.5439
6.8359
6.5918
6.9336
7.2021
6.958
6.4697
4.6875
4.0527
2.8809
3.0762
3.418
4.0527
4.2725
3.6865
3.9307
3.2959
3.7842
3.6865
3.1494
3.418
3.54
3.9795
4.0283
3.3691
0.78125
-0.48828
-0.58594
-0.70801
-1.2207
-1.6846
-1.4648
-2.5391
-1.6846
-2.5635
-1.7334
-2.71
-2.124
-2.7588
-2.2461
-2.417
-2.2217
-2.5146
-2.5879
-2.2705
-2.8076
-2.0752
-2.8076
-2.2217
-2.4414
-2.0996
-2.0996
-2.0996
-2.2217
-2.1973
-0.43945
0.3418
0.46387
0.68359
1.6113
1.7822
1.9531
1.9775
1.7334
2.3682
2.002
2.4414
2.5146
2.2949
2.7344
2.2949
3.0518
2.002
2.5879
2.0996
2.2217
2.3438
2.1729
2.3926
2.3926
2.832
2.1729
2.6855
2.0752
2.832
2.3926
3.2471
3.6865
4.0771
4.2969
4.4922
4.8584
5.0537
5.3711
5.1025
5.4932
5.249
4.834
4.7852
5.1025
5.1514
5.6885
5.542
5.1025
5.7129
5.249
5.8594
6.0059
5.5664
5.1025
5.4443
5.8838
5.0293
4.9805
5.3467
0.75684
-1.6357
-3.5645
-5.7617
-6.7627
-8.6426
-6.6406
-6.8604
-8.2764
-11.108
-11.304
-10.791
-11.865
-12.573
-13.062
-12.891
-12.622
-13.013
-13.257
-13.257
-13.55
-13.257
-13.623
-13.77
-13.55
-13.379
-13.306
-13.428
-13.965
-7.2998
-3.0029
-1.416
-1.1963
-0.61035
-0.3418
-0.3418
0
0.024414
0.21973
0.39063
0.21973
0.24414
0.24414
0.024414
0
0
0
0
0
0
0
0
0
0
0
0
0
0
0
0.53711
1.2695
1.7334
3.7109
4.4189
5.2246
5.835
5.8594
5.957
5.7861
6.5674
6.5918
6.3965
6.9336
6.8604
6.5674
7.0068
6.5918
6.25
6.3965
6.4209
6.8848
7.251
7.1045
7.251
7.2754
7.1777
6.6162
6.4697
7.1533
3.7109
2.2217
1.4893
0.85449
0.90332
0.68359
0.12207
-0.048828
-0.12207
-0.073242
-0.024414
0
0
0
0
0
0
0
0
0
0
0
0
0
0
0
0
0
0
0
0.58594
1.9043
1.709
3.4668
4.9561
5.2979
5.8838
6.4453
6.6406
6.9336
7.3486
6.8604
7.4951
7.5195
8.1055
8.0078
8.3008
7.7393
7.5195
7.9346
7.8857
8.0566
7.8857
7.9834
7.8369
7.7148
7.2021
7.2754
7.4219
7.4463
7.4951
8.3252
8.2764
8.2275
8.0078
7.9834
7.9834
8.3008
8.4961
7.8125
8.5693
8.4717
7.8857
7.4219
7.4707
7.9102
8.2764
8.96
8.252
8.1299
9.0576
8.4717
8.4961
8.4717
8.5938
8.6914
8.1787
8.7158
8.6182
8.2764
2.7344
-1.5869
-5.8594
-7.666
-9.0088
-8.6426
-11.67
-11.89
-10.596
-10.376
-12.134
-15.747
-15.698
-13.94
-13.232
-16.138
-17.212
-17.896
-17.139
-17.065
-17.773
-17.944
-18.359
-18.335
-18.311
-18.408
-18.677
-18.75
-18.994
-18.726
-13.232
-4.8096
-1.3428
0
0.43945
0.26855
0.12207
0.097656
0.41504
0.56152
1.4404
1.7822
2.1484
2.5635
2.7344
2.417
2.9541
2.5146
2.5635
3.1494
2.8076
2.6855
3.1494
2.6611
2.71
3.1982
2.71
2.6367
3.1738
2.8809
1.5625
-1.1963
-1.0254
-2.7832
-3.5645
-4.0283
-4.5898
-5.249
-5.8105
-5.7861
-5.7373
-6.3721
-6.5674
-6.0791
-6.4697
-6.4941
-6.0303
-6.4453
-6.2256
-6.2012
-6.5186
-6.5674
-6.543
-7.0801
-6.8848
-6.4941
-6.543
-6.7383
-6.1523
-6.4453
-2.8564
0.65918
1.2207
2.4414
6.0547
4.7363
3.0273
5.2002
7.6904
9.4971
9.2041
9.5703
10.693
10.864
10.449
10.376
11.694
12.451
11.89
11.157
11.67
11.938
12.085
12.451
12.305
11.938
12.012
11.914
12.207
11.865
6.1768
0.26855
-2.2705
-4.0527
-4.9072
-5.7861
-8.3252
-7.5439
-4.3701
-4.7363
-8.4473
-11.67
-13.159
-11.475
-9.5703
-10.62
-12.329
-13.623
-13.33
-12.5
-12.476
-13.306
-13.965
-13.623
-14.038
-13.965
-14.355
-13.892
-14.038
-13.672
-10.156
-5.5176
-3.6377
-3.1982
-3.0762
-3.7598
-2.9053
-2.832
-2.9785
-2.7832
-2.3193
-0.87891
-1.1719
-0.78125
-0.95215
-0.5127
-0.43945
-0.41504
-0.56152
-0.61035
-0.3418
-0.58594
-0.58594
-0.31738
-0.3418
-0.36621
-0.36621
-0.65918
-0.63477
-0.43945
-0.073242
1.8066
2.1484
3.3447
3.2715
3.7354
4.2236
4.1504
4.6143
5.1758
4.7119
4.834
4.6631
5.1514
5.6396
5.1758
4.7363
4.5898
5.0049
4.9072
4.7607
4.541
4.3701
4.3945
4.4678
5.0537
5.5908
5.249
4.9072
4.7119
2.8564
-1.123
-4.3457
-6.3232
-7.8857
-12.5
-16.724
-13.232
-8.8867
-8.8867
-12.085
-16.626
-18.188
-18.604
-15.454
-14.966
-16.87
-18.506
-18.921
-18.823
-17.334
-17.944
-18.433
-19.263
-19.238
-19.043
-19.531
-19.873
-19.824
-19.507
-16.211
-9.1553
-6.0303
-4.3945
-4.0039
-3.2227
-2.8809
-3.1982
-3.418
-2.6855
-2.6367
-3.0518
-2.7588
-2.7832
-1.9287
-0.97656
-1.2451
-1.0254
-0.36621
-0.26855
-0.36621
-0.61035
-0.43945
-0.29297
-0.56152
-0.63477
-0.29297
-0.3418
-0.36621
-0.3418
0.36621
3.2959
4.1504
7.666
12.402
12.769
8.5938
8.96
12.329
15.405
15.918
15.137
15.967
16.675
16.309
16.309
16.528
17.676
18.018
17.676
18.286
18.506
18.604
18.652
18.335
17.92
18.018
18.164
18.896
18.652
15.869
7.666
3.1006
1.2939
0.48828
-0.19531
0.073242
0.3418
0.073242
-0.61035
-0.80566
-0.39063
-0.14648
-0.73242
-0.90332
-1.5381
-0.87891
-1.3184
-1.2695
-1.0254
-1.001
-1.2207
-1.3184
-0.83008
-1.2451
-1.2207
-1.1475
-0.73242
-1.0986
-1.1475
-0.63477
2.5391
3.3691
4.5898
8.6914
11.67
9.2285
7.7637
11.865
14.331
14.355
14.014
14.771
15.576
15.942
15.649
15.43
15.82
16.138
16.455
16.65
17.163
17.212
17.065
16.87
16.626
16.455
16.309
16.919
17.358
15.015
9.4971
7.4707
6.4453
5.6396
5.9082
5.3223
4.9072
4.6387
4.5654
3.3203
2.6855
2.0996
2.5391
2.002
2.3926
2.0996
1.4404
2.0264
1.5137
1.6602
1.6846
1.2451
1.7578
1.5625
1.0498
1.7822
1.6602
1.4893
1.9287
0.83008
-1.0742
-1.9043
-3.0029
-4.9072
-4.6875
-5.249
-7.2266
-7.959
-8.5449
-8.6914
-9.5459
-8.9844
-9.4238
-9.3018
-9.3018
-9.668
-10.376
-10.449
-9.8633
-10.083
-9.7168
-9.8877
-9.7168
-9.8633
-9.9609
-9.8877
-9.9609
-10.083
-9.8145
-8.4229
-5.4688
-4.2236
-4.2236
-3.9307
-3.5156
-3.5889
-3.833
-3.1006
-1.7578
-1.5869
-1.9043
-1.0742
-1.5381
-1.5625
-1.0986
-1.1719
-1.2939
-1.3672
-0.75684
-1.1719
-0.90332
-1.0498
-0.70801
-1.0254
-1.1963
-1.2939
-0.73242
-0.95215
-1.0498
-1.0254
-1.9043
-3.6133
-5.0293
-6.7139
-10.645
-12.061
-10.62
-11.377
-12.573
-13.354
-13.135
-12.671
-13.159
-13.745
-13.501
-14.014
-13.525
-13.354
-13.623
-14.526
-14.258
-14.111
-13.623
-13.94
-14.429
-14.6
-14.16
-13.696
-14.16
-13.672
-11.523
-11.328
-10.815
-10.693
-10.742
-10.4
-9.7168
-9.3262
-8.252
-8.1787
-7.3242
-7.3242
-6.6895
-7.1533
-7.4707
-7.1289
-7.4463
-6.6895
-7.251
-7.0068
-6.8359
-6.6895
-6.2744
-6.7139
-6.9092
-6.665
-6.8359
-6.958
-6.4453
-5.5664
-0.73242
0
0.21973
0.92773
0.58594
0.14648
1.9531
2.2705
2.9053
2.71
2.71
3.2471
2.8809
3.1982
3.54
3.8574
3.1738
3.2227
2.9541
3.2227
2.5879
2.832
3.4424
3.3203
3.5645
3.125
3.5645
3.7842
3.0762
2.832
-0.78125
-3.125
-5.2979
-5.2002
-5.7617
-10.156
-11.914
-10.84
-8.0322
-9.1309
-10.986
-12.671
-13.55
-12.988
-12.109
-12.744
-12.476
-12.695
-12.891
-12.891
-13.745
-13.379
-13.037
-13.086
-13.501
-13.892
-13.892
-13.428
-12.891
-12.695
-7.6904
-5.3467
-4.9561
-4.4678
-4.7119
-4.3701
-3.7109
-4.1748
-4.248
-3.8574
-2.5391
-2.0996
-1.4893
-1.709
-1.2207
-1.5137
-1.6357
-1.0254
-1.3184
-1.6846
-1.7822
-1.5625
-1.5381
-1.0986
-1.6113
-1.7822
-1.001
-1.3916
-1.5381
-1.2939
-1.0498
-0.12207
0
0
0.073242
0.12207
0.14648
0
0
0
0
0
0
0
0
0
0
0
0
0
0
0
0
0
0
0
0
0
0
0.048828
1.3672
2.124
3.7109
7.1777
8.2275
6.2744
8.3008
9.7656
9.5947
9.3262
10.083
10.645
10.522
10.669
11.304
11.694
11.548
11.768
11.768
12.109
11.792
11.963
11.865
11.963
12.012
10.986
11.06
11.304
11.377
11.572
7.2266
4.7852
4.4189
4.2236
3.4424
3.2227
3.3936
2.9541
3.5889
3.2959
2.832
1.8799
0.90332
1.2695
0.90332
0.70801
0.90332
0.58594
0.80566
1.0498
0.68359
1.123
0.58594
0.70801
1.0742
0.85449
1.0742
0.65918
0.83008
1.0254
2.124
3.7354
5.8838
9.3994
11.279
9.2285
10.4
12.695
14.111
14.014
14.819
15.552
15.747
15.381
15.503
16.138
16.626
16.821
16.724
16.919
17.188
17.139
16.675
16.089
16.479
17.212
17.31
16.919
17.065
17.432
11.426
9.082
7.6172
6.6162
5.835
5.957
6.2012
5.6152
5.7617
5.4688
5.2002
4.9805
4.834
4.4678
3.418
2.8809
2.3682
2.832
2.0508
2.832
2.7832
2.1484
2.2217
2.1484
2.1729
2.1484
2.6367
2.2461
2.6123
2.002
2.0996
2.5146
2.3682
2.0752
1.4648
1.1719
0.80566
0.29297
0.1709
0.097656
0.048828
0.073242
0.097656
0.073242
0.073242
0.048828
0.097656
0.19531
0.31738
0.14648
0.12207
0.19531
0.24414
0.097656
0.073242
0.073242
0.097656
0.073242
0.024414
0.024414
-0.41504
-1.7822
-2.4658
-3.7598
-4.4922
-5.5176
-5.4443
-5.957
-6.0547
-6.4941
-6.25
-6.1768
-6.4697
-6.5674
-6.665
-6.7627
-6.9824
-6.1768
-6.3721
-6.3477
-5.9814
-6.7383
-6.543
-6.25
-6.3965
-6.6895
-6.4941
-6.5186
-6.2256
-0.90332
1.2207
2.1484
5.2246
6.5918
5.5908
5.542
5.5908
7.3975
8.7402
8.3252
9.1309
11.255
12.207
12.183
12.183
12.207
12.769
12.695
13.33
13.135
12.476
12.476
12.744
12.744
12.964
12.988
13.306
13.452
13.306
4.7119
-1.123
-5.127
-6.4209
-5.9814
-6.3721
-10.4
-14.771
-15.649
-10.303
-6.2012
-8.1787
-13.013
-15.747
-17.114
-16.968
-13.281
-12.061
-13.892
-15.918
-17.358
-17.603
-16.553
-15.771
-16.284
-17.09
-17.944
-16.919
-16.919
-16.87
-17.48
-17.969
-17.847
-17.822
-17.822
-18.311
-18.384
-17.92
-18.311
-18.433
-18.652
-18.384
-18.164
-18.53
-18.628
-17.847
-18.457
-18.652
-18.774
-18.115
-18.091
-18.457
-18.433
-18.408
-18.115
-18.628
-18.823
-18.799
-18.408
-18.188
-14.111
-10.449
-9.375
-8.7891
-9.2529
-8.6182
-8.5938
-8.1299
-8.3252
-8.6426
-8.5449
-8.0078
-7.4951
-6.6406
-5.5664
-5.2979
-5.1758
-5.0537
-4.9561
-4.9072
-4.9072
-4.4678
-4.1016
-4.3457
-4.126
-4.2969
-4.541
-4.4678
-4.6387
-4.5898
-1.5625
-0.048828
0.21973
0.53711
0.36621
1.0254
1.9531
1.6846
2.4658
1.7334
2.8076
1.7334
2.5635
1.9043
2.4414
1.7822
2.3438
1.3916
2.417
1.709
2.5635
1.7578
2.8076
2.0508
2.417
2.417
2.124
2.2217
2.1729
2.1484
2.4414
4.6631
6.5186
10.596
12.939
10.913
12.061
14.355
15.576
16.162
16.87
17.529
18.359
17.847
17.993
18.628
18.799
18.286
18.579
18.994
19.58
19.434
19.434
19.043
19.458
18.97
18.97
19.653
19.58
19.482
13.599
4.2969
0.024414
-1.8555
-5.4443
-5.0293
-3.54
-4.834
-8.3252
-9.9609
-6.9824
-2.002
-3.4424
-7.4951
-9.3994
-10.352
-10.156
-7.7148
-8.4717
-9.2285
-10.645
-10.986
-9.4971
-10.034
-10.303
-10.669
-10.571
-10.4
-10.791
-10.645
-5.3955
-0.024414
1.3184
2.4902
3.7354
4.834
3.0029
3.4424
6.6406
9.7412
8.1299
8.374
10.01
10.84
10.62
10.278
10.718
12.012
11.938
11.938
11.646
12.109
12.646
12.695
12.451
12.573
12.5
12.671
12.915
12.744
7.4707
0.90332
-0.90332
-1.709
-1.9043
-2.6855
-6.2988
-8.1787
-4.541
-2.0996
-3.5889
-7.1289
-8.6914
-10.156
-9.5947
-7.1777
-7.9102
-9.0088
-9.3506
-9.5215
-9.0332
-9.4971
-9.8877
-9.6436
-10.254
-10.327
-9.9121
-9.9609
-10.132
-10.205
-9.6191
-10.229
-11.279
-11.938
-12.158
-12.695
-12.622
-13.184
-13.452
-13.55
-13.501
-13.232
-13.33
-13.33
-13.623
-13.403
-13.623
-13.794
-13.721
-13.745
-13.794
-13.77
-13.33
-13.599
-13.306
-14.014
-13.477
-13.818
-13.647
-14.038
-12.866
-11.499
-10.498
-10.107
-10.107
-10.376
-10.229
-9.8145
-8.0078
-7.1533
-6.9824
-6.8115
-7.1289
-6.6895
-6.7627
-6.665
-6.6406
-6.7383
-6.4697
-5.4688
-5.7373
-6.1035
-6.2012
-5.8105
-5.6641
-6.2744
-6.4697
-5.6396
-6.0303
-6.25
-4.0771
-0.43945
-0.24414
0.024414
0
0.5127
0.73242
1.3184
0.90332
1.5381
1.5381
1.001
1.6113
1.5381
1.0498
1.4648
1.3916
1.0498
1.0986
1.3672
1.416
1.001
1.4648
1.4404
0.85449
1.1719
1.3916
1.3184
1.2451
1.6113
1.3672
2.2217
3.6377
4.9072
7.1777
7.4707
8.6426
10.327
10.815
10.815
11.304
11.719
11.45
11.523
11.938
12.158
12.622
12.598
12.427
12.524
12.915
12.671
13.184
12.598
12.573
12.646
12.695
12.842
13.184
12.769
9.9854
2.4902
0.46387
-1.1719
-1.4893
-0.26855
-0.68359
-1.2695
-1.5625
-0.87891
-2.2949
-3.3203
-2.9785
-3.3447
-3.3447
-3.9551
-3.9063
-3.7842
-3.8086
-3.6865
-4.0527
-3.8086
-3.9063
-4.2969
-4.1504
-4.0283
-3.9307
-3.7109
-3.4668
-4.248
-4.541
-4.834
-5.5908
-5.7373
-5.835
-6.4209
-6.6162
-5.8838
-6.0303
-6.6895
-6.2988
-6.4697
-6.4941
-6.6406
-6.8848
-7.0801
-6.543
-6.6162
-6.6406
-6.3232
-6.6406
-6.958
-6.25
-6.8848
-7.1289
-6.7383
-6.665
-6.2744
-6.25
-6.4209
-5.2246
-5.6885
-7.6904
-9.9121
-11.914
-13.086
-13.281
-13.794
-14.282
-14.746
-14.502
-14.209
-14.111
-14.453
-15.088
-14.722
-14.722
-14.771
-14.917
-15.137
-14.893
-14.551
-14.697
-15.137
-14.99
-15.161
-15.234
-15.063
-15.381
-15.063
-12.085
-2.3193
1.0254
3.418
5.4443
5.5176
6.958
8.4473
9.8633
6.8115
7.0557
11.035
14.6
15.649
14.331
10.938
13.428
15.503
16.382
17.334
16.943
16.113
16.309
17.139
17.749
16.235
15.796
16.724
17.041
17.285
15.796
12.402
11.426
11.475
10.693
10.474
10.107
9.4727
10.181
9.9365
9.5459
8.4961
7.6416
6.8604
6.6162
6.9336
6.8115
6.5918
6.958
6.3965
5.7373
5.3467
5.5908
5.957
6.1768
5.957
5.8105
5.9814
6.2012
6.6162
5.1025
0.41504
-0.58594
-1.7822
-2.0752
-1.4648
-1.5137
-2.7344
-3.7109
-3.6865
-3.8086
-4.0527
-4.4189
-4.0527
-4.1748
-4.4922
-4.3457
-4.3213
-4.2969
-4.3457
-4.2725
-4.4189
-4.5898
-4.6631
-4.4678
-4.2969
-4.3701
-4.541
-4.4434
-4.7119
-3.833
0.26855
0.63477
2.124
4.6631
6.2256
3.2715
4.4189
7.1533
8.1787
8.9355
8.8135
8.5693
9.1553
9.5947
9.8633
10.303
10.376
9.9365
9.4727
9.8145
10.278
10.4
10.522
10.352
10.352
10.4
10.107
10.205
10.034
9.7168
6.7383
5.3711
5.3467
4.7119
4.6143
4.5654
4.7119
4.7119
4.3457
3.5889
2.1973
1.5625
1.9775
1.4893
1.9775
1.8066
1.5869
2.0752
1.3428
1.7578
1.7822
1.5869
1.9531
1.1963
1.7578
1.709
1.3672
1.8799
1.4404
1.4893
-0.21973
-1.5625
-1.416
-1.001
-1.5625
-1.8066
-1.6113
-2.6123
-2.0264
-2.5146
-2.1729
-2.4658
-2.2217
-2.3926
-2.2949
-2.0752
-2.4902
-2.0264
-2.8076
-2.417
-2.9297
-2.2949
-2.6855
-2.4414
-2.2949
-2.7588
-2.124
-2.9541
-2.2949
-2.5146
-2.417
-2.5146
-3.2959
-2.6611
-2.832
-3.3691
-2.9297
-3.1006
-2.8809
-3.1006
-2.6367
-2.9541
-2.8564
-2.7588
-2.8076
-2.9297
-2.5879
-3.0518
-2.9053
-2.6123
-3.1006
-3.1738
-3.1982
-2.71
-3.125
-2.6611
-2.8809
-3.2471
-2.71
-2.5391
0.58594
1.7334
3.3203
6.1523
5.7861
3.6865
6.0547
8.2275
8.2764
9.1309
9.9854
10.498
11.035
10.645
11.23
12.036
11.938
12.109
12.329
12.451
12.231
11.401
11.572
12.305
12.646
12.305
11.938
11.011
11.45
12.28
11.426
10.645
10.229
10.205
10.376
10.547
10.278
9.6191
9.2773
8.6426
7.7393
6.543
5.8838
6.6895
7.0801
7.2266
7.1289
6.5186
6.5918
6.7871
6.4697
6.1035
6.3965
6.0791
6.0303
6.2256
6.543
6.4209
6.4453
6.0791
2.4658
1.4648
1.1475
0.68359
0.39063
0.1709
-0.048828
-0.12207
-0.19531
-0.1709
-0.024414
0
0
0
0
0
0
0
0
0
0
0
0
0
0
0
0
0
0
0
0.83008
1.5137
1.5625
2.71
3.4912
3.4912
3.9063
4.0527
4.248
4.3457
4.834
5.127
5.2979
5.2246
4.4678
4.6631
4.8828
4.9561
4.6143
4.2236
4.541
4.9316
4.6875
4.6875
5.0049
4.8828
4.9561
5.127
4.9561
4.4434
3.9795
5.5176
6.7871
7.5928
8.6182
9.082
9.4482
9.1797
9.1797
9.375
9.7412
9.9609
10.083
10.4
10.254
9.79
9.5459
10.107
10.449
10.571
10.742
10.693
10.376
10.107
10.205
10.376
10.205
10.425
10.425
9.5947
7.9834
11.108
12.72
14.575
15.845
15.771
15.698
16.406
16.602
17.09
17.188
17.407
18.286
18.457
17.993
18.579
18.14
18.188
17.651
17.944
18.506
18.335
18.652
18.799
18.701
18.359
17.798
18.213
18.335
18.579
15.967
10.132
6.3232
4.0527
2.4658
2.002
2.417
2.124
1.416
0.70801
0.41504
0.36621
0.097656
0
0
0
-0.024414
0
0.024414
0
0
0
0
0
0
0
0
0
0
0
1.0254
1.8799
1.5137
2.2949
3.6377
3.7842
3.9551
4.3701
4.6875
4.5898
4.2969
4.248
4.2725
4.8096
4.9561
5.2002
5.1514
5.2734
5.1514
5.2979
5.0781
5.1758
5.4199
5.4688
4.834
5.1025
5.542
5.5908
4.9805
5.0049
4.7852
5.0293
5.1025
3.9551
2.8564
1.9043
2.4902
1.4893
2.2461
1.7578
2.2217
1.8799
2.3193
2.0996
2.0508
1.9043
2.0752
1.9531
2.002
1.9775
1.6113
2.1729
1.6357
2.3193
1.6357
2.2217
1.9775
1.9287
2.002
1.6357
2.6367
4.0527
6.3965
7.4707
8.252
8.3496
9.1553
9.8877
10.059
10.229
10.4
10.474
10.571
11.06
11.572
11.011
11.206
11.157
11.108
11.67
11.792
11.548
11.719
10.596
10.4
11.06
11.694
11.401
11.133
9.1309
12.695
13.306
14.014
16.089
16.235
16.968
17.676
18.311
18.286
18.652
18.994
19.092
18.555
18.872
18.823
19.629
19.507
18.872
19.287
19.531
19.287
19.019
19.336
19.873
19.727
19.531
19.531
19.727
18.75
13.696
9.5947
8.3984
6.9336
6.6162
6.1035
5.9326
5.2002
4.9561
4.9805
5.2002
5.249
4.9805
4.7852
4.2725
2.5879
2.8809
2.0752
2.4658
1.8799
2.1729
1.7334
1.9531
1.9775
1.8066
1.9775
1.7334
2.3438
1.3672
2.2705
0.24414
-2.0996
-4.9805
-8.2764
-9.6191
-8.4961
-11.255
-12.769
-10.815
-10.913
-13.208
-14.771
-14.575
-14.331
-14.502
-15.137
-16.235
-15.625
-14.819
-15.552
-16.064
-16.211
-16.04
-15.967
-16.113
-16.553
-15.869
-15.674
-15.625
-15.674
-9.6924
-3.4668
-0.70801
0.14648
0.68359
1.3916
1.3916
0.048828
0.12207
0.75684
1.9043
2.3682
1.9531
2.2461
2.4414
2.8809
3.0518
2.6855
2.5635
3.3936
2.3438
2.5391
2.4658
2.5146
3.0518
2.2705
2.5635
2.5879
2.5391
3.1006
0.53711
-0.3418
-0.024414
-0.48828
-1.3428
-1.8555
-2.0996
-2.4414
-2.4902
-2.9785
-2.4658
-2.4414
-3.0029
-2.6367
-3.0762
-3.1006
-2.7588
-2.71
-3.3447
-2.9297
-2.8564
-3.2715
-2.5879
-2.832
-3.5156
-3.0029
-3.2227
-3.3203
-3.1494
-2.5879
-1.9775
-3.7842
-7.8125
-9.6191
-11.035
-11.06
-12.598
-12.793
-13.867
-14.282
-14.404
-14.502
-14.673
-15.161
-15.112
-14.893
-14.282
-14.673
-15.381
-15.332
-15.503
-15.259
-15.283
-15.698
-15.82
-15.21
-14.868
-15.186
-15.405
-15.625
-11.377
-3.6621
-1.3428
-0.19531
0.097656
0.048828
0
0
0.048828
0.14648
0.36621
0.68359
1.4404
1.8555
2.417
1.8555
1.3672
2.0508
1.4404
1.8066
1.709
1.4648
2.002
1.3672
1.7578
1.7578
1.2207
1.9043
1.6846
2.0508
2.0264
2.417
2.4658
3.1006
2.6611
2.8076
3.3936
3.3936
3.0762
3.0762
3.54
3.9551
3.125
3.3691
3.418
3.833
3.3691
3.1738
3.1982
3.7354
3.6377
3.54
3.4424
3.4668
3.54
2.9541
3.125
3.0518
3.1006
2.7832
2.1729
0.68359
-0.097656
-0.19531
-0.26855
-0.46387
-1.0986
-0.58594
-0.58594
-0.85449
-0.85449
-0.97656
-0.83008
-0.56152
-0.61035
-1.0742
-0.73242
-1.001
-0.58594
-0.58594
-1.0254
-0.70801
-1.2939
-0.78125
-0.68359
-1.123
-0.80566
-1.001
-0.53711
-0.48828
-0.48828
0.073242
0.39063
0.43945
0.43945
0.19531
0.24414
0.39063
0.19531
0.1709
0.097656
0.073242
0
0
0
0
0
0
0
0
0
0
0
0
0
0.024414
0
0
0
0
0.56152
2.832
3.8086
6.2988
11.279
14.16
12.402
8.7158
11.597
14.697
15.454
15.161
14.355
14.673
15.503
16.26
15.527
15.918
16.846
16.65
16.455
16.968
16.821
16.846
16.772
17.065
17.627
16.797
16.577
17.188
14.526
9.5215
7.666
6.0547
5.2734
5.4932
5.5664
4.9072
4.4678
4.4678
4.9316
4.4922
4.1504
3.0518
1.9287
2.3926
2.0996
1.8555
2.3926
1.3184
1.7578
1.8799
2.124
1.7822
1.6113
2.2217
1.6113
1.6846
1.7822
1.2939
1.1475
-0.48828
-1.3428
-1.416
-1.0986
-1.4893
-1.6602
-1.2695
-1.8555
-1.8799
-1.9043
-1.8555
-1.6113
-2.3193
-1.3916
-2.0996
-1.6846
-1.9043
-1.8311
-1.8555
-2.0264
-1.5625
-2.1729
-1.4648
-2.2705
-1.6602
-1.9531
-2.0508
-1.9043
-1.9287
-0.97656
0.97656
1.4893
1.3916
4.3213
6.4453
4.3457
5.2246
7.7148
7.7637
8.1543
7.8613
8.7402
9.2773
9.1064
8.0078
8.4473
9.3994
9.1797
8.8379
9.2529
9.5215
9.2529
8.7646
8.96
9.082
9.6436
9.5215
9.5459
8.8623
8.3252
9.3018
10.303
10.425
10.278
11.279
10.693
11.011
11.084
11.06
11.523
12.402
12.012
11.621
11.304
11.743
11.841
11.768
12.109
11.841
10.986
11.133
11.938
12.134
12.036
11.719
10.571
10.986
11.475
11.743
8.6914
1.7822
-2.002
-4.8096
-6.0303
-7.4463
-10.522
-13.403
-11.06
-6.8604
-7.6904
-11.816
-14.38
-15.381
-15.063
-11.23
-11.572
-13.403
-14.746
-15.747
-15.43
-13.745
-14.087
-14.893
-15.576
-15.308
-15.649
-15.454
-16.187
-16.382
-16.748
-17.212
-16.553
-15.698
-14.404
-14.38
-14.014
-13.965
-13.696
-13.623
-13.647
-14.063
-13.647
-13.623
-13.525
-13.501
-13.745
-13.672
-13.867
-13.696
-13.843
-13.696
-13.477
-13.037
-13.477
-13.55
-13.184
-13.159
-12.622
-12.964
-11.108
-2.4902
-0.048828
0.48828
1.5381
3.6621
5.7373
3.2715
1.5869
3.54
6.4697
8.0322
7.9102
7.2021
7.5439
8.0322
8.2764
6.5674
7.8857
8.667
9.4727
9.4971
9.4238
8.6914
8.6182
9.3506
9.2529
9.1309
9.1064
9.3994
8.2031
7.2266
9.1309
12.402
14.722
16.406
16.699
17.017
18.262
18.774
18.335
18.335
18.799
19.653
18.848
19.141
19.385
20.142
19.897
19.458
19.58
20.068
19.653
19.336
19.678
20.02
19.995
19.946
20.166
19.971
17.749
7.2998
0.3418
-1.9287
-2.3193
-4.1504
-7.3975
-11.768
-13.647
-11.987
-5.542
-4.4678
-6.3232
-11.108
-13.916
-14.502
-15.259
-15.771
-14.941
-10.938
-9.4727
-11.914
-13.574
-14.795
-15.503
-15.283
-13.599
-13.525
-13.281
-14.6
-14.111
-6.0791
-2.3682
-1.2939
-0.73242
0.31738
0.21973
-0.26855
0
0.41504
0.65918
1.0254
0.5127
0.48828
1.2695
1.2451
0.73242
0.87891
0.65918
0.78125
1.1475
0.78125
0.85449
0.48828
0.46387
0.53711
0.97656
0.61035
0.97656
0.56152
0.53711
1.6846
2.0508
4.248
6.9336
7.0557
7.959
10.181
10.278
10.864
11.694
12.109
11.841
11.768
12.231
13.013
13.257
13.037
12.207
12.256
13.184
13.306
13.525
12.842
12.695
13.281
12.842
13.062
13.721
12.817
11.816
3.3936
-0.1709
-0.87891
-0.97656
-2.1729
-5.8105
-8.1787
-6.4697
-2.1973
-1.709
-5.1025
-7.7637
-9.2285
-9.6191
-9.375
-6.3477
-7.2266
-8.1787
-9.1309
-9.4238
-8.6914
-8.1543
-8.9111
-9.4971
-9.7412
-9.9121
-9.79
-9.4238
-9.7656
-9.8633
-9.4971
-10.84
-11.377
-11.963
-12.451
-12.256
-12.109
-12.671
-12.793
-12.891
-13.281
-12.891
-12.842
-13.013
-13.013
-13.232
-13.354
-12.964
-12.842
-13.33
-13.403
-14.063
-13.281
-13.354
-13.037
-13.135
-13.208
-13.403
-13.208
-12.256
-5.8105
-2.5146
-1.4648
-1.6113
-0.68359
-0.73242
-0.68359
-0.21973
0.14648
0.097656
0
0.12207
0.43945
0.31738
0
0
0
0
0
0
0
0
0
0
0
0
0
0
0
0
-0.61035
-1.8555
-2.7344
-4.0283
-4.4922
-5.0781
-5.542
-5.957
-6.4941
-6.9092
-6.5918
-6.8604
-6.665
-6.6895
-6.8115
-6.8115
-6.8848
-6.8604
-6.6162
-7.3242
-7.2998
-7.1777
-7.1289
-7.0557
-7.251
-6.8604
-7.1533
-6.958
-6.7627
-6.7871
-0.75684
0.073242
1.0254
1.1963
3.3447
1.0986
2.124
4.6631
5.9082
4.7363
5.5664
6.9336
7.4707
7.3975
7.2021
7.8369
7.6172
7.9834
7.6172
7.666
7.7148
7.7148
7.7881
8.4961
7.7881
7.6172
7.3242
8.2031
7.6172
8.252
7.7393
7.959
7.9346
8.0811
8.2031
7.6172
7.0801
7.5928
7.8857
7.9102
8.0811
7.7881
7.5195
7.2021
7.8125
7.7881
8.2031
7.7637
7.7148
7.666
8.5693
8.252
7.8857
6.8604
7.7881
7.8125
8.4473
7.7881
7.9834
8.4473
5.0293
8.0566
10.645
13.11
14.233
14.038
14.819
15.918
16.357
16.968
17.041
16.943
17.212
17.896
17.847
17.456
17.334
17.944
18.384
18.091
17.871
18.164
17.896
18.14
17.236
17.773
18.213
18.14
17.896
11.23
5.2246
1.3916
1.123
-0.31738
-0.78125
0.1709
0.1709
-0.48828
-0.65918
-0.95215
-1.2939
-1.2451
-0.073242
-0.31738
-0.53711
-0.78125
-0.80566
-0.43945
-1.0986
-0.85449
-0.65918
-1.0498
-0.95215
-1.4893
-0.87891
-0.95215
-0.90332
-1.0986
-0.68359
-0.85449
-1.5625
-1.8066
-2.0508
-2.2217
-2.0752
-2.2217
-2.4414
-2.2705
-3.0273
-2.3926
-2.7832
-2.7344
-2.1484
-2.9053
-2.3926
-2.71
-2.9053
-2.8564
-2.9541
-2.6855
-2.5391
-3.0762
-2.4658
-2.6123
-3.0273
-2.4902
-2.6611
-2.417
-2.3682
-0.95215
0.12207
0.14648
0.29297
0.87891
1.1963
1.4648
1.1963
1.6602
1.4893
1.3184
1.6846
1.416
1.5381
1.709
1.3916
2.0996
1.6113
0.97656
1.3428
1.3428
1.2695
1.123
1.4893
1.4648
1.416
1.6602
1.416
1.2939
1.5869
1.1963
0.24414
-0.26855
-0.48828
-0.5127
-0.36621
-0.26855
-0.097656
-0.024414
0
0
0
0
0
0
0
0
0
0
0
0
0
0
0
0
0
0
0
0
0
0.29297
1.9287
1.4648
3.0273
4.3701
4.4922
4.4434
4.9805
5.4443
5.3223
5.6152
5.6152
6.1523
6.0059
5.6396
5.5664
5.7373
5.8594
5.9326
5.9814
5.6396
5.8105
5.835
5.9326
6.5918
5.7373
6.1279
5.7617
5.835
5.957
1.6846
-1.1963
-2.71
-4.1748
-5.7129
-7.1533
-7.251
-5.1758
-6.2256
-9.3262
-11.914
-11.865
-11.377
-12.231
-12.793
-13.354
-13.062
-12.451
-12.891
-13.77
-13.477
-13.281
-13.257
-13.33
-13.965
-14.038
-13.843
-13.184
-13.477
-13.452
-10.913
-8.1055
-7.4707
-7.251
-6.5918
-6.6406
-7.0313
-6.7383
-5.7373
-5.2002
-4.8096
-4.5166
-3.7598
-3.6133
-4.0527
-3.54
-3.4912
-3.3936
-3.2959
-3.3203
-3.5889
-3.5645
-3.1494
-3.3203
-3.4424
-3.8086
-3.125
-3.6133
-3.1006
-3.4668
-2.832
-4.8828
-7.5195
-9.6436
-11.768
-14.087
-15.918
-14.868
-14.16
-15.723
-16.406
-16.772
-16.919
-17.432
-17.896
-18.213
-17.749
-18.14
-18.164
-18.481
-18.359
-18.042
-18.262
-18.311
-18.481
-18.384
-18.335
-18.506
-18.628
-18.335
-12.793
-4.5654
-0.46387
0.70801
0.65918
2.4658
2.0508
0.95215
2.5391
4.8096
4.8584
2.7832
3.5889
5.4199
6.6895
5.8594
5.6885
6.25
7.2266
6.6162
6.8604
7.1533
7.6904
7.7393
7.4951
7.4707
7.373
7.8125
7.373
7.9102
5.4932
7.959
8.8379
10.791
12.769
12.817
13.428
14.16
14.917
15.405
15.576
15.234
15.308
15.845
16.431
16.626
17.041
16.724
16.602
16.821
16.699
16.211
16.431
16.016
16.602
16.846
16.553
16.675
16.455
16.65
13.208
8.1299
6.2012
5.3711
5.1758
5.5176
5.0049
4.4678
3.833
3.9795
4.3213
4.2725
3.8818
2.9541
1.8311
1.4648
1.6602
1.8066
1.2939
1.0498
1.709
1.5137
1.1963
1.5137
1.4893
1.1963
1.3428
1.4648
1.6113
2.002
1.123
-1.1475
-1.001
-1.8799
-1.8799
-1.9775
-2.124
-2.2461
-2.5635
-2.9541
-2.2217
-2.4658
-2.3193
-2.71
-2.9297
-2.124
-2.5635
-2.3682
-2.8564
-3.0762
-2.6123
-2.6367
-2.7344
-2.71
-3.418
-2.5635
-2.7588
-3.3691
-2.4658
-2.6123
-1.1963
0.78125
1.9775
1.9043
3.1982
4.0527
4.4189
4.9561
5.4199
5.3955
5.2979
5.7129
6.2988
6.1768
5.8105
6.2744
5.9082
6.6406
7.0557
6.7627
6.2256
5.3955
5.5176
6.2988
6.5186
6.25
6.958
6.1523
6.1279
6.7627
4.5898
0.1709
-0.65918
-1.1719
-1.3428
-3.2959
-2.9541
-2.832
-4.3701
-4.9072
-5.5176
-5.542
-6.0547
-5.4688
-5.6885
-5.9814
-6.4209
-6.2744
-6.3965
-6.3721
-6.665
-6.2988
-6.2744
-6.2988
-5.8594
-6.3232
-6.3965
-5.8838
-5.8105
-6.4941
-5.3223
-5.4688
-8.1299
-10.62
-12.378
-13.94
-13.55
-13.818
-14.111
-14.404
-14.673
-14.331
-14.673
-14.966
-14.746
-14.99
-14.746
-14.819
-15.112
-15.112
-15.234
-15.015
-15.332
-15.186
-15.381
-15.259
-15.601
-15.503
-15.161
-15.356
-12.72
-6.4941
-3.0029
-1.7822
-1.7578
-1.5625
-2.1484
-0.92773
-1.2695
-0.75684
-0.73242
-0.1709
0
0
0
0
0
0
0
0
0.024414
0
0
0
0
0
0
0
0
0
0.19531
1.0254
0.92773
2.5391
2.8809
3.2227
3.7598
3.9063
4.0283
4.0527
3.7354
4.4678
4.5654
3.9307
3.7598
4.126
4.1992
4.2725
4.3945
4.248
4.3701
4.6387
4.2969
3.7842
4.6143
4.6875
4.7607
4.4189
3.8086
3.833
2.6611
-0.5127
-2.0264
-3.2227
-7.0313
-10.303
-8.5205
-4.6631
-6.2012
-9.7168
-10.498
-10.645
-9.0576
-9.79
-10.938
-11.621
-11.621
-11.255
-11.548
-11.865
-11.401
-11.694
-12.061
-11.401
-11.401
-11.646
-11.621
-11.938
-11.865
-11.816
-9.5215
-1.9775
0
0.58594
0.85449
1.9043
3.0273
1.2207
2.5635
4.3701
4.9805
5.3467
5.9082
6.4941
7.5928
7.5195
7.1289
7.373
7.9346
7.7148
7.6904
7.5439
7.9102
7.4463
7.8125
7.8613
7.7881
7.4951
7.2998
7.1045
6.25
0.75684
-0.12207
-0.80566
-1.3916
-1.4404
-3.9307
-3.0029
-3.1738
-4.8584
-6.3721
-6.8848
-6.665
-7.3242
-7.4707
-7.373
-7.0557
-7.1289
-7.4951
-7.373
-7.9102
-7.6904
-7.8613
-7.666
-7.6904
-7.6416
-7.2998
-7.1045
-7.2998
-7.7393
-6.665
-6.6406
-9.668
-11.597
-12.842
-13.696
-15.112
-14.6
-15.405
-16.162
-16.626
-17.163
-17.261
-16.919
-17.261
-17.432
-17.285
-17.383
-17.456
-17.847
-17.92
-18.018
-17.432
-17.725
-17.993
-18.018
-17.993
-18.042
-17.798
-17.944
-16.382
-5.6152
-0.46387
1.123
1.8311
2.417
3.0762
2.2949
1.9043
1.8311
6.1768
8.1055
6.9336
4.3213
6.6895
8.3252
9.1797
9.7168
9.1064
8.3496
9.0332
10.474
9.9609
8.3984
9.4971
10.278
10.84
10.278
10.425
10.156
8.9355
2.5879
0.26855
-0.80566
-0.14648
-0.70801
-1.9775
-2.5879
-2.2949
-2.6123
-2.8809
-3.2715
-3.6377
-3.5645
-3.4424
-3.9307
-3.3936
-3.9307
-4.0527
-3.6377
-3.1006
-3.6621
-3.6621
-3.833
-3.8086
-3.6865
-3.6865
-4.0771
-3.5889
-4.0771
-3.4912
-0.68359
0.24414
0.048828
0.58594
0.87891
1.4404
1.2207
2.0752
1.7334
2.1729
1.7578
1.8555
1.9531
1.8311
2.0508
2.002
2.417
1.3672
2.2705
1.7822
1.8799
2.002
2.2705
1.8555
2.0508
2.0996
1.9531
2.002
2.2705
1.6846
-0.90332
-3.7842
-6.3477
-7.9346
-10.547
-11.743
-11.255
-8.7646
-10.327
-12.28
-14.38
-14.502
-13.867
-14.063
-14.917
-15.332
-15.21
-15.356
-15.479
-15.479
-15.796
-15.649
-15.82
-15.674
-15.674
-16.04
-15.967
-16.064
-15.771
-15.625
-16.016
-16.87
-17.09
-16.772
-16.724
-17.188
-17.285
-17.48
-17.578
-17.871
-17.944
-18.164
-17.505
-17.651
-17.651
-17.871
-17.627
-18.066
-18.115
-17.847
-17.09
-17.261
-17.456
-17.627
-17.31
-17.383
-17.944
-17.969
-17.773
-16.748
-6.7871
-0.58594
1.2451
1.7822
3.0029
7.1045
8.7158
5.542
4.2969
6.2012
9.1553
10.132
10.791
9.6436
7.251
7.3486
8.5205
10.107
10.889
10.547
9.9854
10.083
11.475
11.523
10.596
10.815
11.646
11.646
11.816
10.84
5.7617
2.002
1.8311
1.0742
0.56152
0.26855
0.1709
0.43945
-0.024414
-0.24414
-0.31738
-0.24414
-0.21973
-0.073242
-0.097656
-0.097656
-0.14648
-0.14648
-0.097656
-0.073242
-0.048828
-0.024414
-0.073242
-0.073242
-0.048828
-0.048828
-0.12207
-0.14648
-0.1709
-0.24414
-0.073242
0
0
0
0
0
0
0
0
0
0
0
0
0
0
0
0
0
0
0
0
0
0
0
0
0
0
0
0
0
-0.92773
-1.4648
-2.9297
-4.4434
-6.6895
-7.3975
-8.4229
-9.6436
-10.034
-10.474
-10.84
-10.449
-10.596
-10.645
-10.889
-11.035
-10.864
-11.157
-11.279
-10.791
-11.133
-11.206
-11.45
-10.986
-11.377
-10.962
-11.304
-11.328
-11.182
-11.597
-12.476
-11.792
-10.986
-10.205
-9.082
-9.0576
-8.4473
-8.5205
-8.7158
-8.0078
-8.1299
-8.0566
-7.8369
-8.4961
-8.374
-8.0566
-7.7637
-7.7881
-7.666
-7.4951
-7.8125
-7.7148
-8.1543
-7.8369
-8.252
-7.666
-7.9102
-7.4219
-8.0566
-8.1055
-7.6416
-8.6182
-9.2529
-9.4727
-9.5703
-9.5215
-9.082
-10.181
-10.474
-9.7412
-9.8389
-9.7656
-9.8633
-10.059
-10.62
-10.254
-10.156
-9.9365
-10.156
-10.205
-10.4
-10.522
-10.205
-10.254
-10.107
-9.4238
-9.9121
-10.376
-10.327
-4.4678
-1.123
-0.3418
0.56152
0.70801
-0.073242
0.26855
1.2451
1.4648
1.123
1.8799
1.8311
1.6602
1.9043
1.3428
2.002
1.6846
1.3916
2.1729
1.5137
1.8311
1.7578
2.124
1.8066
1.1475
1.7822
1.8311
1.5625
1.6846
1.2695
-0.21973
-1.9043
-3.3936
-7.2754
-9.1553
-7.1289
-7.4463
-9.2773
-9.9609
-10.693
-10.791
-10.986
-11.133
-11.23
-11.621
-11.89
-11.719
-11.987
-11.914
-12.158
-12.134
-11.987
-11.646
-12.109
-12.256
-12.427
-12.329
-12.207
-12.158
-12.256
-12.207
-12.402
-12.012
-11.108
-10.303
-9.3506
-8.8379
-9.1797
-8.96
-8.5938
-7.9834
-8.1543
-7.8857
-8.2764
-8.4473
-8.7158
-8.3008
-8.2275
-8.0811
-7.8125
-7.251
-8.0566
-8.252
-8.4229
-7.7881
-8.0078
-8.1055
-7.7148
-7.8613
-7.7637
-7.4219
-9.2041
-10.229
-10.62
-10.669
-10.791
-11.279
-11.133
-11.694
-11.987
-11.719
-11.792
-11.597
-11.89
-12.427
-12.598
-12.28
-11.865
-11.914
-12.427
-12.5
-12.036
-12.012
-11.694
-12.061
-12.402
-12.109
-12.231
-12.231
-12.061
-9.7656
-12.354
-14.478
-16.162
-16.26
-16.626
-16.895
-17.456
-17.969
-17.554
-17.822
-18.188
-18.066
-18.286
-18.286
-18.408
-19.067
-18.799
-18.652
-18.53
-18.481
-18.481
-18.335
-19.116
-19.263
-19.092
-18.335
-18.481
-18.896
-18.213
-11.816
-2.71
0.61035
2.1484
3.7354
3.3203
3.0273
3.54
5.9814
9.1309
6.4209
2.8809
5.3223
8.6914
10.498
11.743
10.254
10.498
11.133
11.157
11.06
10.498
10.889
11.45
11.89
11.499
11.572
11.475
11.743
12.061
7.2754
1.5625
-0.12207
0
-1.2207
-3.6133
-2.124
-0.85449
-1.001
-2.6123
-4.541
-5.0781
-4.7119
-4.0527
-4.4189
-4.9072
-5.3955
-5.3223
-4.8828
-5.2246
-5.6885
-5.1025
-4.8828
-4.8828
-4.9561
-5.2734
-5.0049
-4.8096
-4.834
-5.127
-5.4932
-6.0303
-5.5176
-5.0293
-4.541
-3.6133
-2.9785
-2.3682
-2.9785
-2.3438
-2.3682
-2.6855
-2.2949
-3.0518
-2.4902
-2.6611
-3.1494
-2.5391
-2.5635
-2.8564
-2.8564
-2.9297
-2.6611
-2.5146
-3.3936
-2.4902
-2.5391
-2.9053
-2.002
-3.0762
-0.46387
2.5391
2.9053
7.1533
11.328
7.4219
6.1523
9.5459
11.499
12.183
12.646
13.281
14.453
13.916
13.11
13.647
14.893
15.088
14.526
14.453
14.844
15.21
16.016
15.82
15.405
15.625
15.967
15.894
15.479
15.405
10.986
2.5391
-0.14648
-1.001
-0.78125
-2.4414
-5.7373
-6.4697
-2.6123
-0.92773
-2.4902
-5.9814
-7.1533
-7.7393
-5.4199
-4.6875
-6.3965
-7.1777
-7.4951
-6.8115
-7.1045
-7.2998
-7.5928
-7.8369
-8.2031
-8.3008
-8.4961
-7.6904
-8.3496
-7.8125
-8.6426
-7.8613
-7.8125
-7.6416
-7.9834
-7.373
-6.9336
-6.2744
-6.8359
-6.7383
-6.0547
-6.4453
-6.9336
-6.4453
-6.8848
-6.9092
-6.3232
-6.2988
-6.4453
-6.3965
-6.7139
-6.7383
-6.3965
-7.1289
-6.7871
-6.3965
-6.3721
-6.4209
-6.665
-6.5918
-3.1738
0.68359
2.6611
6.7383
8.4229
8.5205
7.2021
9.1064
8.9111
8.2764
9.1553
11.035
12.207
12.891
13.135
13.599
13.965
14.038
14.185
14.429
14.429
14.185
14.502
14.746
15.405
15.332
15.601
15.796
15.356
15.112
11.499
3.418
0.3418
-0.12207
-1.1719
-3.2471
-1.8311
-0.95215
-0.46387
-2.002
-4.4922
-5.7129
-4.1016
-3.4912
-5.0049
-5.4443
-5.7617
-5.0537
-5.542
-5.957
-6.2012
-6.3965
-6.0059
-6.3477
-6.2256
-5.9814
-5.7373
-6.0547
-5.542
-6.1035
-3.4912
-0.46387
0.29297
1.123
1.2451
1.2451
2.0996
2.5146
2.7344
3.3447
2.9053
3.2715
3.1982
3.418
2.9297
3.3203
3.3447
3.5889
3.3447
4.0771
3.8086
3.4912
3.7109
3.5889
3.7354
3.4424
3.5156
3.3691
3.1982
2.9541
3.8086
2.2705
1.123
0.90332
0.70801
0.36621
0.048828
0
-0.073242
-0.048828
-0.024414
0
0
0
0
0
0
0
0
0
0
0
0
0
0
0
0
0
0
0
-0.073242
-0.43945
-0.19531
-0.19531
-0.19531
-0.26855
-0.29297
-0.41504
-0.56152
-0.39063
-0.29297
-0.58594
-0.63477
-0.31738
-0.31738
-0.31738
-0.24414
-0.29297
-0.5127
-0.48828
-0.26855
-0.3418
-0.48828
-0.46387
-0.19531
-0.21973
-0.24414
-0.26855
-0.26855
-0.26855
-0.39063
-0.92773
-1.5137
-1.1475
-1.9287
-1.7578
-2.2461
-1.9043
-2.2949
-1.9775
-2.3438
-2.124
-2.71
-2.002
-2.8809
-2.2217
-2.5635
-2.2461
-2.3438
-2.3438
-2.0996
-2.4658
-1.9775
-2.5146
-1.8066
-2.6855
-1.8311
-2.71
-2.0996
-2.2461
-1.3184
0.41504
1.5869
0.68359
1.2207
2.7344
2.4902
2.71
3.2959
2.8809
2.832
3.3447
3.2959
3.2959
3.7354
3.7109
3.9795
3.54
3.6377
3.1006
3.54
3.7842
3.418
3.1006
3.1494
3.3691
2.9541
3.2471
3.3936
3.6621
1.8555
-1.5625
-4.0527
-6.0791
-7.6172
-9.4971
-13.208
-15.82
-10.718
-7.9834
-10.327
-13.892
-16.211
-17.212
-17.041
-14.526
-14.771
-16.04
-17.017
-17.334
-16.724
-16.406
-17.383
-17.456
-17.358
-17.603
-17.627
-17.407
-17.505
-17.969
-16.577
-7.9834
-2.5635
-0.61035
0.024414
0.12207
0
0
0.12207
0.83008
0.46387
0.39063
0.73242
1.4404
1.4893
1.0986
1.8799
1.8555
1.5625
1.7578
1.2207
1.7822
1.7822
1.2451
1.8799
1.6357
1.8066
1.7578
1.2939
2.1729
1.4648
2.7832
3.2715
6.1035
9.5703
11.133
10.498
12.28
13.574
14.038
14.038
14.722
14.697
14.795
14.746
14.844
15.332
15.967
15.723
15.698
15.942
15.796
15.601
15.332
15.552
15.942
16.016
16.04
16.04
15.869
15.869
15.894
15.698
15.479
15.112
14.746
14.746
14.746
14.355
13.672
13.281
12.72
12.573
12.183
12.061
11.206
11.816
12.134
12.427
12.207
12.109
11.987
11.841
12.231
11.67
12.061
11.06
11.133
11.084
11.572
10.474
10.84
13.086
14.502
15.747
16.65
16.479
16.528
16.138
16.431
17.456
18.091
17.773
17.993
18.359
18.311
18.213
17.651
18.213
18.457
18.481
18.945
18.848
18.921
18.506
17.969
18.091
18.311
18.872
18.799
18.286
18.335
18.311
18.164
17.627
17.969
18.481
18.164
18.188
18.262
18.066
18.213
17.163
17.578
18.384
18.262
18.457
18.262
18.481
18.457
18.433
18.042
18.066
18.213
18.579
17.969
18.359
18.359
18.018
17.676
17.725
19.067
18.701
18.311
18.408
17.114
17.261
16.992
16.333
15.967
16.04
16.089
16.235
15.967
15.918
16.357
15.918
15.259
15.527
15.381
15.942
16.333
15.894
15.698
16.089
16.26
16.016
15.332
15.308
15.967
15.918
10.303
8.2031
7.0313
6.6162
6.3721
5.8838
6.3477
5.5664
5.2979
5.2002
3.6865
2.7588
3.2227
2.9053
2.417
2.6855
2.2949
2.5879
1.8799
2.7832
1.8799
2.4902
1.8311
2.3682
1.8799
2.4658
2.3926
2.3926
2.4902
2.1973
-0.097656
-1.709
-4.126
-4.4922
-4.5898
-7.251
-8.3252
-7.9102
-7.9834
-8.667
-9.668
-8.9844
-9.2773
-9.9365
-10.352
-10.132
-10.278
-9.8145
-10.083
-10.327
-10.693
-10.376
-10.229
-10.571
-10.498
-10.596
-10.4
-10.498
-10.278
-10.132
-3.2715
-0.31738
0.41504
1.0742
1.1475
0.3418
0.46387
1.001
2.124
2.3926
3.2715
2.6855
2.9785
3.1982
3.4912
3.2959
3.6865
3.2959
3.7354
3.3936
3.7109
3.7842
3.54
3.8818
3.5156
3.3203
3.0762
3.3936
3.3936
2.8076
0.26855
-0.65918
-1.5137
-1.6357
-1.0986
-2.002
-2.3682
-3.0273
-2.6367
-2.7344
-3.418
-2.7832
-3.0273
-3.418
-2.8076
-3.418
-3.2959
-3.2471
-2.9297
-3.1006
-3.125
-2.5635
-2.4658
-3.0273
-2.5879
-2.71
-2.9541
-2.6123
