0
0
-0.21973
-0.36621
-0.43945
-0.48828
-0.53711
-0.53711
-0.53711
-0.56152
-0.58594
-0.53711
-0.56152
-0.53711
-0.56152
-0.53711
-0.58594
-0.58594
-0.56152
-0.5127
-0.53711
-0.53711
-0.56152
-0.58594
-0.58594
-0.56152
-0.5127
-0.56152
-0.53711
-0.56152
-0.56152
-0.43945
1.6113
4.1748
6.8848
8.0566
8.8867
9.1309
9.2773
9.2529
9.3506
9.2773
9.3506
9.3018
9.2773
9.4482
9.3506
9.5459
9.4482
9.5703
9.4727
9.5947
9.4482
9.5947
9.5215
9.4971
9.3994
9.4238
9.3994
9.375
9.3994
9.0088
3.1738
1.0498
-0.19531
-1.1963
-1.5625
-1.709
-1.2939
-1.9043
-1.9043
-1.5625
-1.8066
-1.9287
-1.7822
-1.6113
-1.9531
-1.9287
-1.4648
-1.9287
-1.9043
-1.416
-1.9531
-1.9043
-1.5137
-1.8555
-1.9775
-1.6602
-1.6846
-1.9287
-1.9043
-1.5137
-3.9795
-7.2998
-10.4
-13.062
-14.404
-14.673
-15.332
-15.454
-15.747
-15.723
-15.991
-16.016
-16.138
-16.26
-16.162
-16.235
-16.284
-16.26
-16.26
-16.406
-16.357
-16.333
-16.431
-16.382
-16.357
-16.455
-16.406
-16.333
-16.406
-16.357
-15.161
-13.989
-13.281
-12.671
-12.305
-12.061
-11.816
-11.572
-11.353
-11.157
-11.108
-11.084
-10.913
-10.864
-10.889
-10.742
-10.62
-10.62
-10.547
-10.498
-10.571
-10.474
-10.474
-10.449
-10.474
-10.547
-10.352
-10.474
-10.4
-10.449
-9.8877
-9.1064
-8.667
-8.3496
-8.1299
-7.8857
-7.6904
-7.5439
-7.4463
-7.3242
-7.2998
-7.1289
-7.0313
-6.8604
-6.6162
-6.5186
-6.6162
-6.5186
-6.5186
-6.4697
-6.4209
-6.4453
-6.4209
-6.3721
-6.3477
-6.4209
-6.2012
-6.4453
-6.2744
-6.1768
-6.5918
-9.3018
-12.305
-14.868
-16.65
-17.334
-17.407
-17.969
-18.018
-18.237
-18.384
-18.408
-18.555
-18.628
-18.579
-18.677
-18.677
-18.677
-18.774
-18.677
-18.701
-18.823
-18.628
-18.677
-18.652
-18.628
-18.799
-18.628
-18.604
-18.774
-18.701
-18.628
-18.604
-18.53
-18.555
-18.384
-18.384
-18.481
-18.311
-18.481
-18.359
-18.262
-18.359
-18.14
-18.213
-18.359
-18.262
-18.335
-18.359
-18.237
-18.262
-18.188
-18.237
-18.335
-18.286
-18.286
-18.384
-18.286
-18.286
-18.091
-17.651
-19.849
-20.801
-21.338
-21.753
-21.851
-22.119
-22.021
-22.266
-22.07
-22.363
-22.119
-22.412
-22.339
-22.412
-22.412
-22.339
-22.29
-22.437
-22.559
-22.559
-22.534
-22.534
-22.314
-22.534
-22.388
-22.656
-22.363
-22.705
-22.461
-22.534
-22.363
-22.388
-22.339
-22.314
-22.314
-22.095
-22.29
-22.095
-22.168
-22.095
-22.192
-22.144
-22.119
-22.192
-22.119
-22.192
-21.997
-22.095
-21.948
-22.119
-22.168
-21.973
-21.899
-21.997
-22.144
-21.973
-21.948
-22.144
-21.899
-21.826
-22.07
-22.388
-22.314
-22.437
-22.51
-22.876
-22.607
-22.534
-22.632
-22.827
-22.803
-22.656
-22.974
-22.607
-22.949
-22.9
-23.071
-22.754
-22.925
-22.852
-22.998
-22.949
-22.998
-23.096
-23.022
-23.071
-23.022
-23.12
-22.681
-12.842
-3.2227
3.5889
6.3477
9.8389
12.549
13.916
14.16
14.844
14.917
15.356
15.234
15.356
15.479
15.601
15.356
15.601
15.527
15.576
15.576
15.747
15.576
15.625
15.625
15.723
15.674
15.723
15.747
15.723
15.503
5.7129
-3.1494
-8.96
-13.184
-16.064
-18.53
-19.604
-20.654
-21.118
-21.167
-21.729
-21.631
-21.875
-21.948
-22.021
-21.899
-22.095
-22.217
-22.388
-22.412
-22.314
-22.51
-22.241
-22.485
-22.461
-22.534
-22.485
-22.363
-22.461
-22.461
-12.988
-5.5908
0.24414
2.6367
5.8838
7.5195
8.374
8.2764
8.9111
8.7891
9.2041
9.0332
9.2285
9.082
9.3506
9.2041
9.4238
9.4238
9.3506
9.4727
9.375
9.5947
9.375
9.3994
9.2285
9.4238
9.1553
9.4482
9.2529
9.3262
7.8857
11.841
13.94
15.21
15.723
16.064
16.357
16.479
16.699
16.821
16.748
16.724
17.139
17.017
17.017
17.041
17.09
17.041
17.236
17.139
17.139
17.236
17.188
17.188
17.163
17.139
17.188
17.114
17.065
7.7148
-1.2451
-7.9346
-10.669
-14.648
-16.699
-18.652
-19.604
-20.044
-20.508
-20.605
-20.752
-21.069
-21.021
-21.289
-21.265
-21.265
-21.46
-21.436
-21.411
-21.46
-21.631
-21.46
-21.558
-21.631
-21.582
-21.704
-21.582
-21.631
-21.582
-13.745
-3.9795
1.6357
3.9795
7.251
9.7412
10.62
11.084
11.523
11.597
11.67
11.963
11.865
12.109
12.183
12.183
12.305
12.305
12.158
12.231
12.402
12.378
12.28
12.231
12.305
12.28
12.329
12.378
12.354
12.476
6.5674
1.7822
-0.95215
-1.6846
-3.4912
-3.7842
-4.126
-4.5654
-4.2725
-4.2725
-4.3457
-4.8584
-4.3457
-4.3945
-4.3457
-4.7119
-4.4678
-4.2969
-4.3457
-4.4922
-4.6387
-4.2725
-4.3945
-4.2969
-4.7852
-4.248
-4.3701
-4.3457
-4.8096
-4.3457
-3.5156
-1.8555
-1.1963
-1.2939
-0.97656
-0.80566
-0.63477
-0.41504
-0.31738
-0.1709
-0.048828
0
0.073242
0.048828
0
-0.024414
0
0
0
0
0
0
0
0
0
0
0
0
0
0
-1.8799
-7.0557
-11.011
-14.722
-17.114
-18.652
-19.531
-19.727
-19.971
-20.215
-20.386
-20.532
-20.508
-20.703
-20.703
-20.825
-20.85
-20.776
-20.947
-20.947
-20.972
-21.118
-21.118
-21.143
-21.045
-21.045
-20.923
-21.094
-21.143
-21.118
-14.844
-6.3477
-1.5381
2.3193
3.5645
5.0049
5.7129
6.0791
6.1523
6.3721
6.2744
6.4453
6.5674
6.5674
6.6895
6.6406
6.543
6.4209
6.25
6.4697
6.4941
6.4453
6.4941
6.4941
6.4697
6.4941
6.4697
6.543
6.5918
6.6406
2.4658
-4.6875
-8.5938
-12.598
-14.648
-16.748
-17.529
-18.091
-18.359
-18.53
-18.701
-18.848
-18.896
-19.092
-19.019
-19.092
-19.165
-19.092
-19.214
-19.116
-19.189
-19.263
-19.092
-19.238
-19.067
-19.067
-19.263
-19.116
-19.312
-19.214
-17.505
-14.575
-12.28
-11.084
-10.376
-9.8145
-9.4971
-9.1553
-8.8867
-8.667
-8.5205
-8.3984
-8.252
-8.0322
-7.959
-7.8857
-7.8857
-7.8125
-7.7393
-7.5439
-7.6172
-7.5928
-7.5439
-7.4463
-7.5195
-7.5684
-7.5684
-7.5684
-7.3975
-7.4463
-4.541
1.9287
4.126
7.2998
8.3008
9.5459
9.9854
10.205
10.303
10.352
10.376
10.474
10.498
10.425
10.474
10.449
10.449
10.376
10.4
10.474
10.522
10.4
10.571
10.498
10.474
10.327
10.571
10.278
10.425
10.449
9.5703
7.8369
6.8359
6.1035
5.6885
5.4199
5.1514
5.0293
4.834
4.7119
4.5898
4.5166
4.3701
4.2969
4.248
4.1016
4.0039
3.9795
3.9063
3.8818
3.8574
3.8818
3.8574
3.8574
3.833
3.833
3.8086
3.8086
3.8086
3.8086
2.3193
-1.5137
-1.9043
-4.7119
-5.3955
-5.6885
-5.8105
-5.8594
-6.0303
-6.0059
-6.0791
-6.1523
-6.0791
-6.1035
-6.0791
-6.1035
-6.1279
-6.1523
-6.2012
-6.1279
-6.1523
-6.1279
-6.2012
-6.1523
-6.1768
-6.2256
-6.2256
-6.2012
-6.1768
-6.2256
-3.125
0.53711
3.9795
5.2734
6.1035
6.5674
6.8115
7.2266
7.251
7.3975
7.3242
7.4707
7.4951
7.5684
7.666
7.4219
7.5928
7.5928
7.5928
7.2021
7.4219
7.4951
7.5195
7.5195
7.4951
7.4707
7.4951
7.6172
7.5439
7.5684
6.7871
8.6914
10.84
11.816
12.524
12.842
13.013
13.159
13.135
13.184
13.33
13.379
13.33
13.354
13.452
13.403
13.403
13.477
13.599
13.452
13.403
13.477
13.525
13.403
13.379
13.477
13.477
13.428
13.477
13.525
9.3018
-0.85449
-6.3477
-8.8867
-12.524
-15.039
-16.309
-17.017
-17.383
-17.7
-17.822
-17.896
-18.066
-18.066
-18.042
-18.213
-18.091
-18.213
-18.237
-18.115
-18.262
-18.188
-18.091
-18.335
-18.188
-18.262
-18.335
-18.115
-18.188
-18.237
-14.478
-4.6143
-0.53711
1.9775
5.127
6.5918
7.373
7.4951
8.0322
8.2275
7.959
8.3496
8.3252
8.1787
8.4717
8.4473
8.2764
8.4473
8.1787
8.4961
8.4717
8.3496
8.5938
8.5693
8.5693
8.6182
8.4229
8.5938
8.4717
8.4229
5.8838
-2.832
-5.2246
-9.2285
-12.476
-14.551
-15.161
-15.991
-16.357
-16.357
-16.602
-16.87
-16.797
-16.943
-17.09
-17.09
-17.09
-17.041
-17.09
-17.261
-17.188
-17.236
-17.334
-17.261
-17.188
-17.285
-17.212
-17.285
-17.334
-17.261
-13.721
-4.7119
1.2939
3.54
6.6162
8.1299
9.2773
9.4238
9.9609
10.01
10.059
10.352
10.425
10.327
10.474
10.449
10.498
10.449
10.571
10.4
10.498
10.449
10.571
10.522
10.571
10.522
10.596
10.645
10.645
10.645
9.5947
6.3232
4.0039
2.8076
2.0996
1.7334
1.416
1.2695
1.0254
0.85449
0.70801
0.58594
0.39063
0.29297
0.21973
0.12207
0.073242
0
0
0
0
0
0
0
0
0
0
0
0
0
0.75684
6.4453
10.474
14.087
16.675
17.798
18.701
19.263
19.482
19.653
19.58
19.751
19.775
19.727
19.922
19.873
19.995
19.971
19.849
19.824
19.995
20.093
19.873
19.897
19.995
19.971
20.093
20.093
19.946
20.117
19.922
19.897
20.166
20.288
20.581
20.41
20.703
20.679
20.63
20.825
20.752
20.972
20.825
20.972
20.972
20.923
20.996
20.898
20.996
20.996
21.143
21.143
20.972
20.996
20.898
21.069
20.996
20.996
20.996
20.801
19.751
16.479
13.892
12.451
11.304
10.596
10.132
9.8389
9.6436
9.3506
9.0576
8.9111
8.7158
8.7158
8.5205
8.4717
8.374
8.1787
8.3008
8.2764
8.2275
8.2031
8.2031
8.0811
8.2275
8.2275
8.2031
8.1299
8.0078
7.6904
6.8604
2.3193
0.41504
-0.46387
-1.3184
-1.6113
-1.5137
-1.8555
-1.9043
-1.6357
-1.9287
-1.9287
-1.7822
-1.8311
-1.9531
-1.9287
-1.6846
-1.9531
-1.9531
-1.6846
-1.9531
-1.9531
-1.7822
-1.9775
-2.002
-1.7822
-2.0264
-1.9775
-1.9287
-2.0264
-1.7334
-2.832
-4.6143
-5.127
-5.3955
-5.542
-5.6152
-5.6641
-5.7129
-5.7129
-5.6641
-5.6396
-5.6152
-5.7129
-5.6152
-5.5908
-5.5908
-5.5908
-5.542
-5.4932
-5.4688
-5.5908
-5.4443
-5.5176
-5.5664
-5.6396
-5.7373
-5.7861
-5.6152
-5.6885
-3.3691
1.9043
7.7637
11.157
13.94
15.283
16.553
17.48
17.773
18.115
18.164
18.311
18.433
18.408
18.457
18.433
18.433
18.579
18.481
18.457
18.652
18.604
18.628
18.701
18.604
18.726
18.701
18.628
18.677
18.628
18.213
15.503
13.159
11.792
11.011
10.425
9.9609
9.6191
9.3506
9.1797
8.9844
8.8623
8.7158
8.6182
8.5938
8.5938
8.5449
8.3984
8.3496
8.2764
8.2031
8.2275
8.1299
8.1055
8.0566
7.9346
8.0322
7.9346
8.0078
7.8857
7.8613
7.9102
10.425
11.548
11.792
12.183
12.354
12.5
12.427
12.549
12.622
12.671
12.744
12.622
12.769
12.817
12.793
12.769
12.793
12.866
12.866
12.72
12.988
12.817
12.72
12.72
12.793
12.866
12.793
12.842
12.256
8.4473
4.834
3.5156
2.4902
1.9043
1.5625
1.416
1.1719
1.001
0.87891
0.68359
0.53711
0.39063
0.26855
0.1709
0.073242
0.024414
0
0
0
0
0
0
0
0
0
0
0
0
-0.24414
-4.5654
-7.2754
-10.693
-12.842
-13.892
-14.404
-14.795
-14.941
-14.99
-15.112
-15.088
-15.137
-15.063
-15.332
-15.283
-15.356
-15.381
-15.332
-15.21
-15.234
-15.308
-15.186
-15.259
-15.283
-15.332
-15.332
-15.454
-15.356
-15.259
-13.159
-2.832
2.1729
7.4463
10.425
13.403
14.99
15.43
15.894
16.431
16.333
16.553
16.821
16.675
16.797
16.919
16.992
16.943
17.09
17.041
16.943
16.992
17.09
17.065
17.139
17.09
17.163
17.261
17.236
17.188
16.65
8.252
2.5635
0.58594
-1.2451
-2.0508
-2.9053
-2.8076
-3.2471
-2.9541
-3.3447
-3.0273
-3.3691
-3.0273
-3.418
-3.0762
-3.3936
-3.1738
-3.3447
-3.1738
-3.2959
-3.3936
-3.3447
-3.4668
-3.3936
-3.4668
-3.4424
-3.4424
-3.4668
-3.418
-2.6367
3.9795
9.0576
13.062
16.26
18.14
19.067
19.849
20.142
20.337
20.825
20.898
21.143
21.094
21.167
21.362
21.24
21.46
21.387
21.558
21.533
21.558
21.533
21.411
21.606
21.436
21.631
21.533
21.606
21.631
20.825
13.062
6.7871
2.0264
1.416
0.024414
-0.61035
-0.78125
-0.90332
-0.92773
-0.75684
-1.001
-1.001
-1.001
-0.97656
-1.001
-0.90332
-0.87891
-1.0254
-1.0254
-1.001
-0.95215
-1.0254
-0.73242
-1.001
-1.0498
-1.001
-1.001
-0.97656
-0.68359
-0.92773
-2.0996
-3.0029
-5.1514
-6.6162
-6.8115
-6.8115
-7.1777
-7.2998
-7.2266
-7.2754
-7.0313
-7.4463
-7.4707
-7.5928
-7.2998
-7.4707
-7.4463
-7.373
-7.2021
-7.3242
-7.4219
-7.4219
-7.3242
-7.1777
-7.3486
-7.4707
-7.4219
-7.2266
-7.4707
-7.373
-6.2012
-9.3018
-10.4
-10.889
-11.206
-11.353
-11.353
-11.523
-11.719
-11.475
-11.816
-11.89
-11.841
-11.67
-11.865
-12.036
-11.938
-11.914
-11.841
-12.109
-11.67
-11.743
-11.914
-12.012
-12.012
-11.987
-12.085
-12.036
-12.061
-11.377
-2.002
4.3213
9.1064
11.646
14.233
15.625
17.017
17.236
17.456
17.749
17.871
18.14
18.14
18.286
18.359
18.311
18.311
18.408
18.579
18.555
18.701
18.628
18.604
18.726
18.53
18.701
18.726
18.555
18.774
18.53
13.55
9.6436
6.9336
5.127
4.0771
3.4668
3.1494
2.9297
2.7344
2.5146
2.3438
2.1729
2.0264
1.9287
1.7578
1.6846
1.6113
1.5625
1.5381
1.5381
1.4893
1.5137
1.5137
1.5137
1.5137
1.5137
1.4893
1.4893
1.5137
1.416
-3.1738
-9.0576
-12.939
-16.113
-18.335
-19.531
-20.239
-20.776
-20.776
-21.045
-21.094
-21.216
-21.265
-21.313
-21.362
-21.191
-21.094
-21.313
-21.436
-21.533
-21.436
-21.655
-21.265
-21.362
-21.46
-21.582
-21.606
-21.533
-21.704
-20.825
-9.9365
-1.0498
6.3965
9.9854
14.258
16.797
18.286
19.385
20.02
20.093
20.288
20.483
20.532
20.508
20.679
20.85
20.679
20.654
20.898
20.85
21.045
20.947
20.972
20.874
20.874
20.923
20.947
21.021
20.972
21.118
20.801
20.41
20.19
19.8
19.653
19.482
19.312
19.336
19.165
19.092
19.092
18.921
18.97
18.945
18.872
18.896
18.75
18.799
18.823
18.677
18.726
18.628
18.701
18.799
18.726
18.774
18.677
18.579
18.652
18.457
8.667
-0.56152
-5.0781
-9.1553
-12.524
-14.673
-15.942
-16.919
-17.432
-17.603
-17.92
-18.018
-18.042
-18.188
-18.359
-18.408
-18.433
-18.335
-18.359
-18.506
-18.457
-18.579
-18.579
-18.628
-18.652
-18.677
-18.628
-18.579
-18.457
-18.799
-17.578
-16.284
-15.479
-14.868
-14.429
-14.111
-13.818
-13.501
-13.354
-13.135
-12.988
-12.939
-12.866
-12.842
-12.72
-12.744
-12.769
-12.646
-12.622
-12.622
-12.72
-12.622
-12.598
-12.598
-12.622
-12.524
-12.524
-12.573
-12.622
-5.3223
0.24414
4.2969
5.8838
8.4717
8.7646
9.6436
9.5215
10.034
9.8633
10.059
10.278
10.254
10.352
10.474
10.474
10.303
10.327
10.474
10.4
10.425
10.522
10.449
10.4
10.498
10.376
10.352
10.4
10.474
10.474
10.034
12.012
12.939
13.501
13.77
13.916
14.307
14.404
14.575
14.697
14.648
14.722
14.795
14.795
14.771
14.771
14.844
14.795
14.819
14.893
14.893
14.844
14.868
14.99
14.844
14.868
14.941
14.893
14.868
14.941
14.282
13.184
12.524
12.134
11.768
11.45
11.182
11.06
10.864
10.669
10.547
10.498
10.498
10.4
10.254
10.254
10.278
10.278
10.205
10.205
10.205
10.278
10.181
10.156
10.107
10.107
10.107
10.132
10.083
10.034
5.6152
0.3418
-2.6855
-4.5654
-6.1768
-6.958
-7.2754
-7.4463
-7.5439
-7.5439
-7.6172
-7.5928
-7.666
-7.666
-7.7637
-7.7393
-7.7393
-7.7393
-7.7637
-7.7393
-7.7637
-7.7148
-7.6904
-7.666
-7.6416
-7.6904
-7.6904
-7.7148
-7.6904
-7.5928
-6.1035
-3.2227
-1.4893
-0.65918
-0.1709
0.024414
0.073242
0.12207
0.073242
0.024414
0
0
0
0
0
0
0
0
0
0
0
0
0
0
0
0
0
0
0
0
0.048828
0.12207
0.12207
0.048828
0
0
0
0
0
0
0
0
0
0
0
0
0
0
0
0
0
0
0
0
0
0
0
0
0
0
-0.19531
-1.3428
-1.9043
-2.1729
-2.2705
-2.3438
-2.3193
-2.3926
-2.4414
-2.3682
-2.4658
-2.417
-2.4414
-2.4414
-2.417
-2.4658
-2.4902
-2.5146
-2.5146
-2.4902
-2.4658
-2.5146
-2.5146
-2.5146
-2.5146
-2.4902
-2.4902
-2.5146
-2.5146
-2.5146
-3.1738
-6.0303
-8.8135
-12.085
-13.818
-14.551
-14.868
-15.259
-15.479
-15.479
-15.649
-15.747
-15.698
-15.771
-15.845
-15.771
-15.845
-15.869
-15.845
-15.845
-15.918
-15.845
-15.869
-15.967
-15.942
-15.869
-15.796
-15.845
-15.82
-15.845
-15.894
-15.991
-16.113
-16.309
-16.479
-16.357
-16.406
-16.504
-16.504
-16.772
-16.626
-16.772
-16.748
-16.699
-16.797
-16.724
-16.602
-16.675
-16.772
-16.675
-16.772
-16.87
-16.699
-16.895
-16.821
-16.65
-16.699
-16.772
-16.748
-16.87
-15.283
-11.743
-9.79
-8.5205
-7.8369
-7.373
-6.9824
-6.665
-6.4697
-6.2256
-6.0791
-5.957
-5.835
-5.6885
-5.542
-5.5176
-5.4199
-5.4199
-5.3467
-5.3955
-5.3223
-5.3467
-5.3467
-5.2979
-5.2734
-5.2979
-5.3467
-5.3467
-5.3467
-5.3467
-1.9531
5.9082
10.425
14.233
16.846
18.286
19.312
20.068
20.264
20.532
20.679
20.728
20.874
20.703
20.923
20.898
20.972
20.972
20.874
21.021
20.947
20.972
20.923
20.898
20.996
20.874
21.118
20.85
20.874
21.045
17.969
12.012
8.1543
5.2246
3.7598
2.8564
2.4414
2.1729
1.9531
1.7578
1.6113
1.4648
1.3428
1.2207
1.0986
1.0254
0.92773
0.83008
0.78125
0.68359
0.68359
0.48828
0.48828
0.65918
0.63477
0.61035
0.58594
0.61035
0.63477
0.65918
-0.68359
-3.9307
-7.5439
-10.107
-12.231
-13.11
-13.574
-13.599
-13.916
-14.16
-14.087
-14.16
-14.38
-14.355
-14.355
-14.429
-14.429
-14.404
-14.38
-14.526
-14.404
-14.453
-14.453
-14.526
-14.404
-14.502
-14.551
-14.478
-14.404
-14.526
-13.062
-7.6904
-4.0283
-1.9531
-0.90332
-0.39063
-0.097656
-0.024414
0.073242
0.073242
0
-0.024414
-0.048828
0
0.024414
0
0
0
0
0
0
0
0
0
0
0
0
0
0
0
1.5869
4.6143
7.8125
11.694
13.013
13.672
14.038
14.307
14.526
14.673
14.893
14.722
14.966
15.015
15.088
15.015
15.186
15.234
15.161
15.234
15.308
15.234
15.186
15.332
15.161
15.161
15.21
15.308
15.283
15.405
11.084
-0.24414
-5.8594
-10.034
-14.038
-16.455
-18.042
-18.823
-19.312
-19.531
-19.678
-19.873
-19.946
-20.166
-20.239
-20.264
-20.313
-20.264
-20.41
-20.532
-20.386
-20.679
-20.508
-20.605
-20.508
-20.557
-20.679
-20.435
-20.703
-20.532
-17.139
-8.6426
-3.0518
0
1.123
3.1738
3.5889
3.9795
4.126
4.2236
4.248
4.3213
4.2969
4.3457
4.3213
4.3457
4.3701
4.3945
4.3945
4.3945
4.4434
4.3701
4.3945
4.3213
4.3945
4.2236
4.1992
4.1992
4.3457
4.1992
3.125
-0.24414
-2.0264
-3.9551
-4.5654
-4.8584
-5.0781
-5.1025
-5.249
-5.249
-5.2734
-5.3223
-5.3467
-5.3467
-5.2979
-5.2734
-5.2734
-5.2734
-5.2246
-5.2734
-5.2734
-5.2979
-5.2734
-5.249
-5.2734
-5.1514
-5.249
-5.1025
-5.1758
-5.1514
-5.2979
-5.1514
-5.1514
-4.9561
-4.8828
-4.8584
-4.8096
-4.9316
-4.834
-4.7607
-4.8096
-4.8584
-4.8584
-4.834
-4.9072
-4.8584
-4.9072
-4.8096
-4.8828
-4.834
-4.8584
-4.834
-4.7852
-4.8096
-4.7852
-4.8096
-4.7119
-4.6875
-4.6143
-4.8096
-2.3926
0.36621
1.8799
3.8574
4.8584
4.834
4.9561
5.1514
5.249
5.249
5.3223
5.4688
5.6152
5.6152
5.6885
5.5176
5.6885
5.6885
5.5664
5.542
5.5908
5.4688
5.249
5.5176
5.249
5.2979
5.2734
5.4932
5.5176
5.3223
4.9561
6.25
8.3984
9.082
9.4482
9.4482
9.9609
9.7412
10.083
10.352
10.303
10.327
10.352
10.229
10.425
10.376
10.352
10.229
10.425
10.474
10.327
10.376
10.4
10.352
10.352
10.522
10.474
10.474
10.571
10.547
10.034
7.6416
6.0547
5.0781
4.5166
4.1992
3.9307
3.6865
3.4912
3.3203
3.1494
2.9297
2.8809
2.71
2.4902
2.5879
2.0264
2.4902
2.124
2.2705
2.4658
1.9531
2.4902
2.2705
2.1729
2.5146
1.9531
2.4902
2.2705
2.1973
1.416
-1.6357
-4.2969
-8.0078
-10.254
-11.304
-11.987
-12.134
-12.305
-12.134
-12.5
-12.622
-12.72
-12.671
-12.695
-12.915
-12.744
-12.817
-12.891
-12.891
-12.769
-12.866
-12.817
-12.964
-12.842
-12.817
-12.939
-12.988
-12.817
-12.915
-11.792
-12.28
-14.893
-15.991
-16.602
-17.017
-17.48
-17.603
-17.7
-17.896
-17.847
-17.944
-18.066
-18.066
-18.237
-18.237
-18.115
-18.213
-18.286
-18.213
-18.311
-18.188
-18.311
-18.359
-18.286
-18.286
-18.408
-18.311
-18.359
-18.311
-16.016
-7.0313
-0.048828
3.1006
5.6641
7.4951
8.6182
8.7891
9.4727
9.4482
9.7168
9.7412
9.79
10.083
10.01
10.01
9.8633
9.79
10.034
9.8389
9.9121
9.79
10.01
10.034
10.01
9.9854
10.034
10.034
10.107
10.132
9.79
10.547
11.89
12.622
12.817
13.281
13.379
13.574
13.623
13.696
13.843
13.818
13.843
13.916
13.989
13.892
13.818
13.965
13.965
13.867
13.892
13.94
13.916
13.916
13.989
14.038
13.965
13.916
13.989
13.94
13.501
8.8379
4.7363
2.3193
1.0254
0.43945
0.097656
-0.048828
-0.097656
-0.073242
-0.073242
0
-0.024414
0
0
0
0
0
0
0
0
0
0
0
0
0
0
0
0
0
-0.31738
-4.126
-7.2021
-9.082
-12.231
-13.623
-14.063
-14.404
-14.575
-14.819
-14.941
-15.112
-15.21
-15.161
-15.137
-15.332
-15.21
-15.283
-15.405
-15.381
-15.356
-15.479
-15.479
-15.356
-15.43
-15.479
-15.405
-15.43
-15.527
-15.405
-13.721
-4.0283
2.1729
5.3467
9.2285
11.475
12.573
13.379
13.672
13.94
14.063
14.136
14.136
14.233
14.307
14.209
14.16
14.38
14.209
14.185
14.307
14.38
14.258
14.282
14.355
14.331
14.38
14.404
14.502
14.38
14.136
14.307
15.747
16.138
16.626
16.821
16.895
17.139
17.31
17.48
17.432
17.48
17.578
17.578
17.578
17.603
17.48
17.554
17.578
17.651
17.529
17.676
17.578
17.554
17.7
17.651
17.676
17.749
17.651
17.627
16.797
9.4727
3.5645
0.85449
0.19531
-0.73242
-1.1475
-0.78125
-1.416
-1.416
-1.4404
-1.0986
-1.3916
-1.4648
-1.4893
-1.2451
-1.2451
-1.5137
-1.4648
-1.416
-1.0742
-1.4893
-1.5137
-1.4648
-1.4893
-1.5137
-1.4893
-1.5137
-1.5137
-1.5381
-1.6113
-1.8066
-5.7617
-7.9346
-8.8867
-9.375
-9.7168
-9.8633
-9.9365
-9.9365
-9.9609
-10.01
-10.083
-10.034
-10.01
-10.034
-10.059
-10.107
-10.059
-10.059
-10.107
-10.132
-10.181
-10.156
-10.107
-10.181
-10.132
-10.181
-10.132
-10.059
-9.4971
-2.2949
0.3418
4.3213
5.7373
6.3721
7.2021
7.4707
7.6904
7.666
7.9102
7.9102
8.0078
7.8369
8.1543
8.1055
8.0811
8.0078
8.0566
7.8613
8.0322
7.9346
7.8125
7.8613
7.9102
8.0078
7.9834
7.959
8.1055
8.0078
7.4463
0.024414
-6.5674
-9.8633
-13.403
-15.356
-16.602
-17.627
-17.896
-18.237
-18.335
-18.53
-18.677
-18.604
-18.75
-19.043
-18.872
-19.019
-19.067
-18.896
-19.141
-19.067
-19.019
-19.141
-19.043
-19.116
-19.092
-19.165
-19.214
-19.165
-18.335
-7.2998
1.6602
6.8848
10.889
14.355
16.943
18.091
18.799
19.312
19.434
19.702
19.824
19.775
20.093
20.142
20.19
20.19
20.264
20.508
20.215
20.337
20.337
20.166
20.532
20.435
20.386
20.459
20.361
20.63
20.508
16.699
13.916
11.377
10.278
9.4238
8.8379
8.4473
8.1543
7.8613
7.6904
7.5195
7.4219
7.2021
7.1777
7.0068
7.0068
6.9336
6.958
6.9092
6.8848
6.8359
6.7871
6.7139
6.7383
6.7627
6.6162
6.6162
6.4697
6.4941
6.1768
5.6641
9.79
12.183
13.428
13.916
14.233
14.624
14.844
14.966
15.039
15.039
15.234
15.283
15.21
15.259
15.308
15.308
15.283
15.43
15.381
15.332
15.332
15.381
15.356
15.332
15.308
15.308
15.356
15.381
14.966
6.0791
-2.3926
-7.0313
-10.791
-13.574
-15.552
-16.846
-17.578
-17.896
-18.14
-18.262
-18.335
-18.481
-18.579
-18.579
-18.628
-18.53
-18.579
-18.701
-18.53
-18.701
-18.726
-18.701
-18.823
-18.75
-18.677
-18.75
-18.579
-18.774
-18.652
-11.963
-4.8584
-2.3926
-0.73242
0.073242
0.61035
0.80566
0.87891
0.95215
0.97656
0.87891
0.63477
1.0742
1.0742
1.0254
1.0986
0.87891
0.75684
1.0986
1.0742
1.0498
1.0986
0.85449
0.90332
1.0498
1.0742
1.0498
1.0498
0.85449
0.90332
-2.4414
-5.4932
-9.2529
-12.451
-13.867
-15.088
-15.527
-15.942
-16.162
-16.309
-16.406
-16.479
-16.699
-16.602
-16.577
-16.748
-16.675
-16.748
-16.846
-16.821
-16.797
-16.895
-16.87
-16.821
-16.968
-16.821
-16.87
-16.943
-16.821
-16.895
-17.188
-17.334
-17.627
-17.847
-17.749
-17.871
-18.018
-18.018
-18.042
-17.944
-17.944
-18.14
-18.14
-18.237
-18.237
-18.164
-18.262
-18.164
-18.213
-18.14
-18.14
-18.042
-18.262
-18.066
-18.115
-18.286
-18.188
-18.311
-18.14
-18.213
-15.332
-12.109
-10.181
-9.1553
-8.3496
-7.4951
-7.2021
-6.9336
-6.7139
-6.5918
-6.4697
-6.3232
-6.2744
-6.1523
-6.0791
-6.0303
-5.8838
-5.835
-5.7373
-5.6396
-5.7129
-5.5908
-5.6885
-5.5664
-5.4688
-5.4688
-5.3955
-5.5176
-5.542
-1.4648
-0.14648
0.78125
2.0752
2.4902
2.2949
2.8076
2.832
2.9053
2.8564
2.8564
2.9053
2.9297
2.9053
2.9297
2.9297
2.9053
2.9541
2.832
2.9785
2.7344
3.0029
2.6123
2.9541
2.5635
3.0273
2.4658
2.9297
2.6367
2.6855
0.1709
-2.417
-4.3457
-6.3965
-7.5684
-8.2764
-8.4473
-8.3496
-8.6182
-8.374
-8.8379
-8.5205
-8.7891
-8.7646
-8.7646
-8.9844
-8.8379
-8.8623
-8.8623
-9.0576
-8.8623
-9.0332
-8.8867
-8.96
-8.8867
-8.96
-8.96
-9.0088
-8.8867
-8.8867
-7.2266
-3.8574
-1.8799
-0.85449
-0.36621
-0.12207
0
0.073242
0.048828
0.024414
0
-0.024414
0
0
0
0
0
0
0
0
0
0
0
0
0
0
0
0
0
0
-1.1963
-6.543
-9.5947
-13.354
-15.723
-17.017
-17.627
-18.066
-18.188
-18.457
-18.677
-18.579
-18.75
-18.945
-18.848
-19.141
-19.019
-19.067
-19.043
-19.019
-19.067
-19.043
-19.116
-19.189
-19.165
-19.287
-19.238
-19.238
-19.336
-19.189
-14.185
-6.1279
-2.3682
-0.75684
0.63477
1.2939
1.5625
1.7578
1.8555
1.8799
1.9287
1.9287
1.9287
1.9531
1.9043
1.9775
1.9043
1.9531
1.9287
1.9531
1.6113
1.7578
1.9043
1.8799
1.4404
1.9043
1.9287
1.3672
1.9043
1.8799
2.3193
6.8359
9.9365
12.183
13.11
13.623
14.331
14.453
14.868
14.941
14.99
14.99
15.112
15.186
15.186
15.283
15.186
15.283
15.356
15.405
15.356
15.356
15.332
15.356
15.332
15.43
15.356
15.308
15.405
15.405
12.036
7.1533
4.7852
2.4414
1.9531
1.416
1.0986
0.87891
0.68359
0.5127
0.36621
0.1709
0.048828
-0.073242
-0.073242
-0.024414
0
0
0.024414
0
0
0
0
0
0
0
0
0
0
0
-0.14648
-4.4434
-7.6416
-10.01
-11.084
-11.67
-11.987
-12.109
-12.158
-12.256
-12.378
-12.378
-12.354
-12.354
-12.427
-12.5
-12.427
-12.378
-12.378
-12.451
-12.402
-12.451
-12.549
-12.524
-12.476
-12.476
-12.524
-12.476
-12.402
-12.402
-6.25
1.9531
6.0303
10.864
13.965
16.357
17.407
17.822
18.286
18.579
18.701
18.921
19.092
19.067
19.141
19.312
19.556
19.336
19.458
19.409
19.58
19.531
19.385
19.507
19.458
19.531
19.604
19.458
19.702
19.653
18.579
15.894
13.745
12.549
11.792
11.255
10.84
10.522
10.278
10.107
9.9609
9.8389
9.6924
9.5947
9.5215
9.4971
9.375
9.3018
9.2773
9.2285
9.2285
9.2041
9.1309
9.1309
9.1309
9.1553
9.2285
9.2041
9.1797
9.1797
6.2256
0.048828
-2.9053
-5.9082
-8.4717
-9.4727
-10.01
-10.181
-10.278
-10.303
-10.4
-10.474
-10.547
-10.474
-10.498
-10.474
-10.522
-10.571
-10.522
-10.376
-10.352
-10.571
-10.547
-10.498
-10.571
-10.425
-10.547
-10.596
-10.522
-10.547
-5.835
2.0752
8.4717
13.135
16.113
18.408
19.678
20.776
20.801
21.387
21.484
21.606
21.826
21.973
22.021
21.997
22.29
22.168
22.241
22.021
22.241
22.461
22.314
22.388
22.046
22.583
22.437
22.51
22.437
22.461
18.872
9.375
1.8799
-1.709
-2.4658
-4.8096
-5.8838
-6.2744
-6.5674
-6.6406
-6.7627
-6.8848
-6.7383
-6.8115
-6.8604
-6.7627
-6.9336
-6.8848
-6.7871
-6.4697
-6.8115
-6.8604
-6.7871
-6.9336
-6.958
-6.8604
-6.8848
-6.958
-7.0557
-7.0068
-4.3213
-1.8555
-0.63477
0.073242
0.53711
0.78125
0.87891
0.92773
0.95215
0.95215
0.58594
0.85449
0.97656
0.97656
1.0254
1.001
0.68359
0.73242
1.001
0.97656
0.97656
1.001
0.85449
0.58594
1.001
0.97656
1.001
0.97656
0.97656
0.53711
1.0254
3.418
6.6895
9.3262
10.498
10.986
11.45
11.621
11.768
11.816
11.792
11.89
12.036
12.012
11.987
11.963
11.987
12.012
11.987
11.914
12.036
12.012
11.963
11.963
11.938
12.085
12.036
12.012
12.012
12.012
11.426
9.3018
7.8857
6.9824
6.4941
6.0547
5.7861
5.542
5.3467
5.127
5.0049
4.8828
4.7852
4.6875
4.541
4.5654
4.541
4.4922
4.4678
4.4678
4.3945
4.4189
4.4434
4.3701
4.4434
4.4678
4.3945
4.4189
4.3457
4.2969
2.9297
-4.7119
-8.8379
-12.231
-15.942
-17.944
-18.994
-19.434
-19.849
-20.02
-20.142
-20.239
-20.239
-20.483
-20.386
-20.459
-20.483
-20.459
-20.532
-20.361
-20.557
-20.581
-20.581
-20.679
-20.337
-20.703
-20.41
-20.459
-20.63
-20.557
-18.75
-10.596
-3.8574
-0.80566
0.1709
1.1963
1.5137
2.124
2.124
2.0264
2.3438
1.8799
2.417
2.417
1.9531
2.4414
2.1484
2.3926
2.4658
2.0508
2.4902
2.417
2.3926
2.4902
2.3193
2.4902
2.4414
2.3926
2.4658
2.3438
2.4658
2.002
1.709
1.4893
1.3184
1.2207
1.0742
0.95215
0.80566
0.73242
0.58594
0.5127
0.41504
0.3418
0.31738
0.21973
0.19531
0.21973
0.1709
0.097656
0.073242
0.073242
0.097656
0.12207
0.19531
0.1709
0.1709
0.19531
0.21973
0.1709
0.68359
3.5156
7.5195
10.352
12.354
12.939
13.55
13.867
14.111
13.916
14.258
14.429
14.551
14.648
14.429
14.624
14.648
14.624
14.673
14.771
14.673
14.648
14.697
14.746
14.795
14.697
14.722
14.697
14.648
14.819
12.231
2.2461
-4.541
-8.4473
-11.523
-14.917
-16.406
-17.969
-18.262
-18.555
-18.701
-18.774
-19.019
-19.116
-19.189
-19.36
-19.336
-19.482
-19.482
-19.482
-19.507
-19.36
-19.507
-19.604
-19.531
-19.678
-19.58
-19.678
-19.727
-19.629
-18.091
-6.7627
0.68359
5.4932
8.5205
12.061
13.525
14.819
15.356
15.674
15.82
15.845
15.918
15.894
16.016
16.064
15.942
16.113
16.187
16.138
16.211
16.309
16.138
16.187
16.187
16.187
16.211
16.138
16.187
16.211
14.429
4.6387
-1.5381
-6.3232
-9.0088
-11.841
-14.063
-15.137
-15.454
-15.918
-16.016
-16.162
-16.406
-16.382
-16.504
-16.528
-16.602
-16.553
-16.675
-16.748
-16.846
-16.724
-16.772
-16.797
-16.772
-16.772
-16.87
-16.748
-16.87
-16.919
-15.894
-5.4688
0.14648
3.833
6.8115
9.9121
10.938
11.768
11.841
12.061
12.207
12.354
12.524
12.622
12.744
12.646
12.793
12.622
12.769
12.769
12.769
12.72
12.866
12.842
12.744
12.842
12.842
13.013
12.891
12.842
12.988
12.549
12.012
11.694
11.475
11.133
10.913
10.767
10.718
10.62
10.547
10.474
10.352
10.278
10.278
10.278
10.132
10.083
10.083
9.9854
10.059
9.9854
9.9609
9.8633
9.8389
10.034
9.9121
9.9609
10.083
10.059
9.8389
2.124
-2.0996
-5.249
-8.7646
-10.767
-11.768
-12.231
-12.451
-12.524
-12.524
-12.476
-12.769
-12.695
-12.842
-12.769
-12.939
-12.842
-12.793
-12.842
-12.769
-12.842
-12.866
-12.744
-12.866
-12.866
-12.817
-12.866
-12.964
-12.939
-12.891
-9.9854
-7.0313
-5.2246
-4.4922
-4.0771
-3.7354
-3.4912
-3.1982
-3.0273
-2.7832
-2.6855
-2.4902
-2.3682
-1.9043
-2.0996
-2.0264
-1.4648
-1.9775
-1.9287
-1.4404
-1.9531
-1.9531
-1.6113
-1.7822
-1.9287
-1.8555
-1.5625
-1.9531
-1.9043
-1.4893
-2.4414
-2.7344
-4.4922
-5.0293
-5.2979
-5.1758
-5.2002
-5.249
-5.3711
-5.2979
-5.3223
-5.3467
-5.3955
-5.4932
-5.4688
-5.5908
-5.5908
-5.4443
-5.4199
-5.4199
-5.3467
-5.4443
-5.3223
-5.4443
-5.4199
-5.3467
-5.4443
-5.3711
-5.5176
-5.4688
-2.0996
-0.56152
-0.024414
0.53711
0.68359
0.43945
0.90332
0.95215
0.95215
0.97656
1.001
0.68359
0.73242
1.001
0.97656
1.001
0.97656
0.83008
0.61035
0.97656
1.001
1.001
0.97656
1.001
0.53711
0.97656
0.97656
1.001
1.0254
0.97656
-0.65918
-3.2227
-4.9072
-7.373
-8.4961
-8.5205
-9.082
-8.8867
-9.1553
-9.2041
-9.4482
-9.4238
-9.4482
-9.3262
-9.4971
-9.4238
-9.375
-9.4727
-9.4727
-9.5215
-9.5459
-9.6436
-9.4971
-9.4727
-9.4482
-9.5947
-9.5459
-9.5459
-9.4482
-9.5215
-7.2754
-3.8818
-1.9287
-0.90332
-0.36621
-0.097656
0.024414
0.1709
0.14648
0.073242
0.024414
-0.024414
-0.024414
-0.024414
0
0.024414
0
0
0
0
0
0
0
0
0
0
0
0
0
-0.97656
-2.6367
-4.4189
-5.1025
-5.3955
-5.5176
-5.6152
-5.6641
-5.7129
-5.7373
-5.7373
-5.7373
-5.7373
-5.7129
-5.7373
-5.7373
-5.7617
-5.7861
-5.7617
-5.8105
-5.7617
-5.7617
-5.7617
-5.7617
-5.835
-5.835
-5.8105
-5.8105
-5.7617
-5.7617
0.41504
7.4463
11.377
14.844
17.651
19.116
19.849
20.581
20.728
21.118
21.143
21.411
21.387
21.533
21.729
21.484
21.875
21.899
21.851
21.948
21.875
22.046
21.875
21.973
21.973
22.021
22.095
22.021
21.924
21.924
20.41
17.651
15.698
14.551
13.794
13.184
12.744
12.524
12.231
11.938
11.792
11.719
11.597
11.499
11.377
11.426
11.377
11.328
11.23
11.206
11.182
11.133
10.986
10.938
11.06
11.011
11.011
10.913
10.962
11.108
8.9355
6.25
4.6143
3.6133
3.0273
2.7832
2.5391
2.3926
2.2461
2.0996
1.9531
1.8311
1.7334
1.5625
1.416
1.2939
1.0742
0.73242
1.0986
1.0254
1.001
1.001
0.85449
0.61035
1.001
0.97656
1.001
0.95215
0.97656
0.5127
0.68359
0.29297
0.024414
0
-0.048828
0
0
0
0
0
0
0
0
0
0
0
0
0
0
0
0
0
0
0
0
0
0
0
0
0
-0.24414
-1.1475
-1.5137
-1.4404
-1.8311
-1.9043
-1.8799
-1.6846
-1.9531
-1.9287
-1.6357
-1.9775
-1.9775
-1.6602
-2.002
-1.9775
-1.6113
-2.002
-2.0264
-1.6846
-1.8799
-2.002
-1.7578
-1.7822
-2.002
-1.8799
-1.6357
-2.0508
-1.9775
-1.4648
-3.0518
-7.8857
-11.157
-14.673
-16.919
-18.311
-18.75
-19.287
-19.653
-19.824
-19.946
-19.946
-20.093
-20.068
-20.361
-20.361
-20.386
-20.508
-20.41
-20.483
-20.557
-20.508
-20.654
-20.557
-20.483
-20.459
-20.654
-20.581
-20.532
-20.532
-15.625
-6.5918
-2.2461
0.097656
2.2705
3.0762
3.54
3.833
4.126
4.0527
4.0283
4.248
4.0283
4.126
4.2969
4.1016
4.0527
4.1992
4.248
4.1748
4.0527
4.3213
4.1504
4.1016
4.3213
4.1992
4.1748
4.3701
4.1748
4.3213
3.3936
6.2256
7.7393
8.5205
8.7646
9.1797
9.082
9.2773
9.1553
9.3506
9.3018
9.4482
9.4482
9.3018
9.3994
9.3018
9.5215
9.375
9.4727
9.375
9.668
9.5459
9.5703
9.4238
9.4727
9.4238
9.4727
9.3994
9.375
9.4482
8.9355
10.425
11.328
11.548
12.061
12.158
12.476
12.524
12.524
12.598
12.744
12.72
12.695
12.646
12.72
12.72
12.744
12.793
12.817
12.842
12.939
12.866
12.817
12.695
12.939
12.793
12.891
12.866
12.817
12.769
9.0576
0.80566
-1.5869
-4.7607
-6.4941
-9.3506
-9.79
-10.083
-10.376
-10.352
-10.4
-10.742
-10.62
-10.718
-10.791
-11.035
-10.889
-10.815
-10.938
-10.962
-10.986
-10.938
-10.864
-11.011
-10.986
-10.938
-10.938
-10.815
-10.962
-11.06
-7.4463
0
2.3438
5.3955
8.2031
9.2529
9.8389
10.205
10.327
10.596
10.449
10.62
10.693
10.693
10.889
10.815
10.889
10.938
10.962
10.913
10.84
10.938
10.815
10.962
10.889
10.913
10.815
10.938
10.938
10.962
10.84
11.45
11.987
12.305
12.622
12.402
12.793
12.964
12.939
13.062
13.062
13.184
13.135
13.281
13.281
13.281
13.403
13.354
13.281
13.232
13.281
13.281
13.281
13.208
13.281
13.428
13.257
13.379
13.501
13.281
10.693
4.1992
2.0508
0.92773
-0.14648
-0.63477
-0.87891
-0.87891
-0.95215
-0.97656
-0.87891
-0.63477
-1.0254
-1.0254
-1.001
-1.0254
-0.97656
-0.58594
-1.001
-1.0254
-1.0254
-1.001
-1.0254
-1.0254
-1.001
-1.0498
-1.0254
-1.0254
-1.0254
-1.0254
-1.8066
-6.4941
-10.4
-14.331
-17.188
-18.921
-19.678
-20.313
-20.605
-20.728
-20.825
-20.801
-20.898
-20.972
-21.191
-21.289
-21.338
-21.484
-21.387
-21.533
-21.387
-21.509
-21.46
-21.387
-21.606
-21.216
-21.411
-21.289
-21.533
-21.558
-18.164
-8.7891
-2.3193
1.6357
3.2471
6.3232
6.8115
7.6172
7.959
7.9102
8.2031
8.3496
8.252
8.5693
8.5205
8.4961
8.667
8.6182
8.6426
8.5205
8.3984
8.5449
8.5693
8.4717
8.4717
8.2764
8.4473
8.5205
8.4717
8.5938
8.0322
9.4971
13.525
15.869
17.456
18.384
18.652
18.896
19.287
19.385
19.507
19.556
19.727
19.971
19.702
19.775
19.824
19.897
20.117
19.946
19.824
20.068
20.02
20.068
20.02
20.068
19.946
19.922
20.215
20.02
18.359
10.01
3.5645
0.80566
-0.63477
-1.9531
-2.3193
-2.1729
-2.7588
-2.3193
-2.8809
-2.4658
-2.8564
-2.5146
-2.9053
-2.7344
-2.7344
-2.9297
-2.6123
-2.9053
-2.6611
-2.9785
-2.6611
-2.9541
-2.6611
-2.9297
-2.6123
-2.9053
-2.6611
-2.9785
-2.2705
0.83008
2.7832
4.5898
5.3711
5.7617
6.0303
6.0059
6.25
6.25
6.25
6.3477
6.3965
6.2744
6.4453
6.4453
6.5674
6.543
6.543
6.4941
6.3477
6.665
6.5918
6.6406
6.6406
6.6895
6.7383
6.7383
6.7627
6.7627
6.2988
7.7393
10.913
13.574
14.941
15.698
16.162
16.333
16.675
16.797
16.992
17.139
17.114
17.114
17.114
17.139
17.212
17.285
17.188
17.261
17.31
17.285
17.383
17.261
17.212
17.334
17.261
17.261
17.31
17.31
16.187
9.375
4.2236
2.2461
0.85449
0.073242
-0.29297
-0.43945
-0.46387
-0.53711
-0.56152
-0.53711
-0.56152
-0.53711
-0.53711
-0.53711
-0.56152
-0.5127
-0.56152
-0.58594
-0.53711
-0.56152
-0.56152
-0.53711
-0.5127
-0.58594
-0.58594
-0.58594
-0.58594
-0.58594
-0.68359
-4.6875
-8.1055
-12.402
-15.796
-17.48
-18.14
-18.75
-18.896
-19.189
-19.287
-19.312
-19.482
-19.482
-19.58
-19.604
-19.556
-19.653
-19.629
-19.629
-19.751
-19.653
-19.751
-19.751
-19.727
-19.727
-19.653
-19.8
-19.751
-19.629
-18.481
-10.156
-2.8076
0.048828
1.5869
3.8086
4.0283
4.3701
4.6143
5.0293
5.0293
5.0049
5.0537
5.1514
5.2979
5.2979
5.3223
5.2734
5.1514
5.1514
5.249
5.127
5.249
5.1025
5.1025
5.0781
5.1025
5.1025
5.2002
5.249
3.9307
-0.19531
-2.9053
-6.1035
-8.7402
-10.864
-11.841
-11.865
-12.109
-12.354
-12.598
-12.817
-12.744
-12.842
-12.817
-12.891
-12.793
-12.842
-12.939
-12.939
-12.866
-12.939
-12.988
-13.013
-13.013
-12.988
-13.062
-13.037
-12.964
-13.013
-12.28
-6.0791
-1.0742
0.5127
1.8799
2.5879
2.6123
3.1006
2.8076
3.1494
2.9541
2.9785
3.2227
2.7832
3.3691
2.832
3.3691
2.832
3.3691
2.8809
3.3447
2.8564
3.3203
2.9785
3.1006
3.2471
2.8809
3.418
2.8809
3.418
2.9053
1.5869
0.90332
0.24414
-0.048828
-0.24414
-0.26855
-0.21973
-0.1709
-0.097656
-0.097656
-0.14648
-0.12207
-0.1709
-0.14648
-0.048828
-0.024414
-0.024414
-0.024414
-0.048828
-0.024414
-0.073242
-0.097656
-0.097656
-0.14648
-0.097656
-0.097656
-0.097656
-0.14648
-0.19531
-0.19531
-4.0527
-9.2773
-13.55
-16.284
-18.457
-19.507
-20.068
-20.63
-20.605
-20.801
-20.874
-20.996
-21.289
-21.265
-21.411
-21.265
-21.289
-21.338
-21.338
-21.533
-21.411
-21.533
-21.533
-21.606
-21.582
-21.558
-21.68
-21.46
-21.509
-21.509
-21.338
-21.509
-21.851
-22.095
-22.07
-22.705
-22.681
-22.876
-22.827
-22.729
-22.729
-23.047
-22.705
-22.852
-22.827
-23.022
-22.974
-22.925
-23.022
-23.047
-23.096
-23.047
-23.12
-22.925
-23.096
-22.974
-23.12
-23.047
-23.12
-22.925
-17.041
-12.134
-8.8135
-6.4453
-5.1514
-4.3213
-3.8818
-3.5889
-3.3447
-3.1494
-2.9785
-2.7588
-2.6855
-2.4658
-2.3682
-1.9043
-2.1729
-2.0996
-1.5381
-2.0508
-1.9531
-1.4893
-1.9531
-1.9531
-1.6357
-1.7822
-1.9531
-1.8555
-1.5869
-1.9287
-0.95215
-4.4189
-4.8828
-5.3467
-5.4932
-5.6396
-5.7129
-5.8105
-5.7861
-5.7617
-5.8594
-5.835
-5.9082
-5.9814
-5.8838
-5.835
-5.8594
-5.9082
-5.9082
-5.8838
-5.8594
-5.957
-5.9326
-5.9082
-5.8594
-5.835
-5.9082
-5.8594
-5.8838
-5.8105
0.31738
5.4443
9.6924
13.77
16.357
17.48
18.164
18.677
19.189
19.312
19.434
19.434
19.629
19.702
19.702
19.702
20.02
19.751
20.044
19.8
19.971
19.897
19.897
20.02
19.873
20.068
19.971
20.044
20.02
19.971
19.507
19.165
18.97
18.701
18.604
18.384
18.237
18.262
18.115
18.042
18.042
17.993
17.993
17.969
17.847
17.847
17.871
17.749
17.798
17.847
17.798
17.847
17.847
17.676
17.822
17.676
17.749
17.896
17.627
17.432
18.066
18.408
18.53
18.726
18.872
19.043
18.994
19.214
19.36
19.36
19.556
19.336
19.507
19.556
19.434
19.556
19.531
19.556
19.58
19.58
19.604
19.556
19.482
19.604
19.604
19.507
19.629
19.653
19.604
12.134
3.0029
-2.832
-3.9795
-7.1533
-9.5703
-11.108
-11.23
-11.401
-11.865
-11.865
-12.134
-11.914
-11.89
-12.231
-12.28
-12.207
-12.378
-12.329
-12.305
-12.329
-12.378
-12.354
-12.378
-12.5
-12.378
-12.5
-12.549
-12.476
-12.329
-4.6631
2.6123
7.8369
12.134
15.43
17.578
18.75
19.482
19.775
19.946
20.142
20.142
20.337
20.288
20.264
20.337
20.41
20.508
20.459
20.435
20.508
20.483
20.532
20.483
20.605
20.703
20.361
20.532
20.459
20.605
13.159
2.5879
-4.9072
-8.0811
-12.573
-15.063
-17.432
-18.481
-19.019
-19.434
-19.507
-19.8
-19.946
-20.093
-20.166
-20.19
-20.361
-20.361
-20.288
-20.313
-20.557
-20.605
-20.63
-20.581
-20.557
-20.459
-20.459
-20.581
-20.581
-20.679
-17.749
-12.671
-9.668
-7.5195
-6.5186
-5.7373
-5.3467
-5.0781
-4.834
-4.6143
-4.4434
-4.2969
-4.126
-4.0283
-3.9063
-3.7354
-3.6865
-3.5645
-3.5889
-3.5156
-3.5156
-3.418
-3.4424
-3.4424
-3.418
-3.3936
-3.3691
-3.3936
-3.3691
-3.3447
-3.2715
-3.0029
-2.832
-2.6123
-2.417
-2.2705
-2.1484
-1.9775
-1.8555
-1.709
-1.6602
-1.5625
-1.5625
-1.5137
-1.4893
-1.5137
-1.5137
-1.4893
-1.4893
-1.5137
-1.4648
-1.5137
-1.4893
-1.4648
-1.4893
-1.4648
-1.5137
-1.5137
-1.4648
-1.5137
-0.41504
0.61035
1.6357
2.002
2.1729
2.2705
2.3438
2.3682
2.417
2.3682
2.4414
2.417
2.3926
2.4414
2.417
2.4658
2.417
2.4414
2.4414
2.4414
2.3682
2.417
2.3193
2.4414
2.4414
2.3438
2.4414
2.2705
2.2461
2.4658
1.4648
4.5654
6.4697
7.2021
7.6172
7.5439
8.2031
8.1787
7.9346
8.2764
8.4229
8.1543
8.3252
8.1543
8.4229
8.4717
8.1787
8.4473
8.3984
8.5205
8.4229
8.374
8.5205
8.5449
8.4717
8.6426
8.5693
8.5205
8.4961
8.4229
8.3008
7.0801
6.3232
5.835
5.4932
5.2246
5.0049
4.834
4.6387
4.5166
4.2969
4.2969
4.0283
3.833
4.0039
3.7109
3.6377
3.7842
3.4912
3.9063
3.418
3.3936
3.9551
3.4912
3.5156
3.8818
3.54
3.9063
3.54
3.4912
1.4404
0
-0.12207
-1.6113
-2.4658
-2.1729
-2.7588
-2.5879
-2.6123
-2.8564
-2.417
-2.9297
-2.4658
-2.9541
-2.4902
-2.9541
-2.4658
-2.9297
-2.417
-2.8809
-2.417
-2.8809
-2.5879
-2.6855
-2.8076
-2.3926
-2.8809
-2.3926
-2.8564
-2.3926
-3.1738
-4.0771
-7.8857
-9.8633
-11.963
-12.646
-12.793
-12.988
-13.33
-13.452
-13.501
-13.647
-13.696
-13.794
-13.77
-13.794
-13.745
-13.745
-13.843
-13.892
-13.794
-13.867
-13.965
-13.892
-13.892
-13.745
-13.867
-13.843
-13.892
-13.94
-12.622
-13.354
-16.357
-18.262
-19.287
-19.971
-20.093
-20.288
-20.581
-20.679
-20.874
-20.85
-20.898
-20.972
-20.923
-21.118
-21.021
-21.118
-21.118
-21.094
-21.167
-20.923
-21.069
-21.045
-21.143
-21.118
-21.118
-21.191
-21.143
-21.24
-17.7
-6.958
-1.6357
3.0273
4.0039
7.1777
8.4473
8.6914
9.4238
9.3262
9.668
9.6436
9.8633
9.9609
9.8633
9.9365
9.8633
9.7412
9.9854
9.8389
9.9609
9.79
9.8145
9.9609
9.79
9.9365
9.8145
9.8633
9.9854
9.8633
9.1309
10.034
14.331
16.113
17.334
18.115
18.384
18.652
18.872
18.848
19.141
19.287
19.165
19.312
19.189
19.409
19.458
19.434
19.482
19.434
19.58
19.482
19.434
19.653
19.434
19.507
19.678
19.482
19.629
19.507
18.701
12.402
6.8604
3.5156
1.6602
0.70801
0.24414
0.024414
-0.12207
-0.073242
-0.024414
0
0
0
0
0
0
0
0
0
0
0
0
0
0
0
0
0
0
0
0.85449
4.2969
7.7637
11.328
13.428
14.307
15.112
15.283
15.601
15.356
15.82
15.82
15.918
15.967
15.894
16.089
16.113
16.113
16.04
16.138
16.113
16.064
16.284
16.138
16.113
16.26
16.138
16.211
16.284
16.187
14.014
5.127
-0.85449
-2.2949
-5.4688
-7.3975
-9.1797
-9.3994
-9.8145
-9.8633
-9.8877
-10.059
-10.083
-10.327
-10.278
-10.425
-10.254
-10.4
-10.449
-10.303
-10.278
-10.4
-10.4
-10.278
-10.303
-10.449
-10.352
-10.547
-10.571
-10.522
-8.3984
-0.95215
5.0293
8.3252
11.206
13.135
14.209
14.722
14.966
15.234
15.381
15.43
15.625
15.552
15.601
15.771
15.723
15.723
15.82
15.771
15.723
15.82
15.82
15.747
15.845
15.82
15.796
15.894
15.942
15.82
14.404
5.7861
0
-2.9785
-5.6885
-7.9834
-9.0576
-9.4238
-9.7412
-9.8389
-9.9365
-9.9365
-9.9854
-10.034
-10.083
-10.059
-10.01
-10.034
-10.107
-10.107
-10.034
-10.034
-10.083
-10.156
-10.156
-10.107
-10.107
-10.132
-10.156
-10.156
-8.1787
0.19531
6.4941
10.547
14.282
16.748
18.14
18.652
18.97
19.482
19.482
19.824
19.849
19.873
20.166
20.264
20.215
20.264
20.337
20.41
20.239
20.361
20.361
20.459
20.532
20.459
20.605
20.41
20.435
20.337
20.166
16.357
13.354
11.377
10.181
9.3506
8.8379
8.4229
8.0811
7.8857
7.7148
7.5928
7.3975
7.2998
7.1045
7.1533
7.1045
7.0801
6.958
6.8604
6.7627
6.6162
6.543
6.4697
6.4697
6.3965
6.3477
6.4453
6.3477
6.4697
4.7852
2.5879
-0.26855
-1.8311
-2.4414
-2.5879
-3.1006
-2.8076
-3.1006
-3.0273
-2.9297
-3.2715
-2.8809
-3.3936
-2.8809
-3.3936
-2.9053
-3.4424
-2.8564
-3.3691
-2.9541
-3.0518
-3.2959
-2.9297
-3.418
-2.9297
-3.3936
-2.9297
-3.418
-2.9541
-2.71
-3.8818
-7.1289
-9.4482
-10.962
-11.719
-12.061
-11.89
-12.231
-12.451
-12.524
-12.695
-12.622
-12.817
-12.622
-12.671
-12.744
-12.793
-12.842
-12.817
-12.939
-12.939
-12.842
-12.769
-12.964
-12.891
-12.915
-12.817
-12.915
-12.988
-12.866
-10.303
-15.259
-17.505
-18.726
-19.751
-20.044
-20.508
-20.679
-20.825
-21.069
-21.167
-21.362
-21.167
-21.436
-21.411
-21.436
-21.411
-21.436
-21.509
-21.509
-21.655
-21.631
-21.655
-21.606
-21.606
-21.631
-21.606
-21.68
-21.582
-21.265
-15.747
-11.646
-8.6426
-6.8115
-5.9326
-5.2002
-4.8096
-4.4189
-4.2236
-4.0039
-3.8086
-3.6865
-3.54
-3.418
-3.2959
-3.1982
-2.9785
-2.9053
-3.0029
-2.8564
-2.9297
-2.8564
-2.8809
-2.8809
-2.8809
-2.832
-2.9053
-2.9053
-2.9297
-2.7344
-5.4932
-9.668
-12.988
-15.503
-17.09
-17.847
-18.286
-18.555
-18.652
-18.774
-18.872
-18.823
-18.896
-18.945
-19.019
-19.141
-19.067
-19.214
-19.043
-19.092
-19.043
-18.994
-19.141
-19.214
-19.141
-19.336
-19.116
-19.263
-19.336
-18.872
-8.8623
0.19531
3.7354
7.2998
11.06
12.915
13.696
14.453
14.722
14.941
14.99
15.015
15.332
15.405
15.479
15.503
15.674
15.527
15.527
15.625
15.625
15.576
15.723
15.601
15.479
15.747
15.625
15.723
15.625
15.771
14.722
13.574
12.817
12.207
11.816
11.548
11.328
11.133
10.889
10.791
10.669
10.596
10.352
10.327
10.278
10.181
10.132
10.107
10.01
10.156
9.9854
9.9609
9.9121
9.9121
10.083
9.9365
9.8389
9.9121
9.7412
9.9121
9.3262
8.2275
7.5439
7.1533
6.8115
6.5918
6.4209
6.2012
6.0303
5.9082
5.7373
5.6396
5.5908
5.4688
5.4443
5.4932
5.4443
5.2979
5.249
5.127
5.1758
5.127
4.8584
4.8584
4.9072
4.7852
4.9072
5.2246
4.7852
4.8828
4.4189
4.0771
3.8818
3.6377
3.4424
3.2715
3.1006
2.9785
2.8809
2.7588
2.5879
2.5635
1.9775
2.5146
2.417
2.0264
2.4414
1.9043
2.417
2.4658
1.9287
2.4658
2.0264
2.4902
2.5146
1.9531
2.4902
2.002
2.4658
2.2461
1.8066
1.5869
1.416
1.2939
1.123
1.0254
0.87891
0.78125
0.65918
0.53711
0.48828
0.43945
0.3418
0.29297
0.29297
0.21973
0.14648
0.097656
0.14648
0.19531
0.21973
0.1709
0.12207
0.097656
0.14648
0.19531
0.19531
0.19531
0.1709
-2.9297
-4.9805
-8.5938
-10.693
-12.378
-13.013
-13.159
-13.623
-13.77
-13.818
-13.965
-14.111
-14.063
-14.136
-14.185
-14.233
-14.185
-14.233
-14.331
-14.258
-14.307
-14.331
-14.355
-14.307
-14.429
-14.38
-14.282
-14.355
-14.453
-14.307
-13.525
-12.354
-11.475
-10.864
-10.474
-10.205
-9.9854
-9.7168
-9.5459
-9.375
-9.2529
-9.2041
-9.1797
-9.0088
-8.8867
-8.7646
-8.8135
-8.7158
-8.5938
-8.6426
-8.667
-8.6182
-8.6426
-8.667
-8.6426
-8.6426
-8.5693
-8.6914
-8.6182
-8.6914
-4.248
0.12207
1.5869
3.9063
4.4922
5.2979
5.5176
5.5908
5.7129
5.7373
5.6885
5.6885
5.7373
5.7617
5.7373
5.7861
5.7129
5.7129
5.7373
5.6885
5.7129
5.7129
5.7129
5.7373
5.7129
5.6152
5.6885
5.6885
5.6641
5.5908
2.3682
-1.6602
-4.3701
-7.3242
-9.1797
-10.254
-10.718
-10.864
-10.913
-11.182
-11.157
-11.377
-11.206
-11.401
-11.499
-11.401
-11.475
-11.499
-11.548
-11.621
-11.499
-11.499
-11.523
-11.621
-11.548
-11.523
-11.548
-11.621
-11.597
-11.548
-9.8145
-14.087
-16.797
-19.287
-20.874
-21.484
-22.046
-22.095
-22.388
-22.583
-22.632
-22.729
-22.656
-22.534
-22.217
-22.852
-22.778
-22.949
-22.827
-22.974
-22.681
-22.974
-23.022
-22.998
-22.876
-22.925
-22.949
-22.852
-22.998
-22.9
-16.211
-6.2012
-0.024414
4.2725
7.6904
10.132
11.694
12.427
12.793
13.037
13.062
13.159
13.281
13.281
13.281
13.33
13.403
13.428
13.379
13.452
13.525
13.428
13.403
13.477
13.452
13.428
13.379
13.477
13.379
13.354
13.354
13.525
13.477
13.403
13.452
13.477
13.403
13.354
13.477
13.428
13.257
13.354
13.501
13.452
13.403
13.501
13.574
13.428
13.379
13.55
13.501
13.403
13.403
13.525
13.501
13.452
13.452
13.623
13.477
13.428
9.7168
2.3926
-2.2217
-3.4912
-6.1523
-7.8125
-8.6426
-8.8867
-9.1309
-9.1309
-9.3262
-9.2041
-9.4238
-9.3994
-9.4727
-9.3506
-9.3994
-9.4727
-9.5215
-9.5947
-9.3994
-9.5459
-9.6191
-9.6924
-9.668
-9.6436
-9.5947
-9.5947
-9.6924
-9.7168
-4.6387
2.0752
8.6914
11.67
15.186
16.919
18.042
18.726
19.238
19.385
19.629
19.727
19.751
19.922
19.946
19.995
20.044
19.922
20.117
20.044
19.995
20.19
20.093
20.142
20.117
20.117
20.19
19.995
20.142
20.093
17.896
12.695
9.5947
7.3486
6.0791
5.3467
4.7852
4.5166
4.3213
4.0283
3.8818
3.7109
3.5156
3.418
3.2715
3.1738
3.0518
3.0273
2.9785
2.9297
2.9297
2.9297
2.9297
2.9053
2.9297
2.9297
2.8076
2.9541
2.7832
2.9541
2.8809
2.7344
2.5879
2.4658
2.3193
2.1729
2.0996
1.9775
1.8311
1.6113
1.7334
1.6846
1.1475
1.5869
1.5869
1.6113
1.001
1.5137
1.5137
1.4893
1.0498
1.3916
1.4893
1.4893
1.1719
1.2939
1.4648
1.5137
1.2939
1.123
2.0752
3.0029
5.8838
7.2998
7.7637
8.0811
8.4717
8.1787
8.6426
8.3496
8.7402
8.8379
8.6914
8.8867
8.8379
9.0332
8.8867
9.082
8.8867
8.9355
8.7646
9.0088
8.9111
8.96
8.96
8.7402
9.0088
8.7158
8.8623
8.7891
6.7383
0.073242
-2.124
-4.8828
-6.7383
-8.7402
-8.96
-9.3994
-9.2529
-9.6924
-9.4727
-9.79
-9.668
-9.7168
-9.8877
-9.6924
-9.8877
-9.9121
-9.7168
-9.9365
-9.8145
-9.8145
-9.9854
-9.6924
-9.9365
-9.8877
-9.9609
-10.059
-9.9609
-10.059
-7.0313
1.2451
7.0068
10.449
15.039
17.31
18.481
19.165
19.556
19.995
20.166
20.288
20.483
20.459
20.581
20.776
20.874
20.947
20.85
21.069
20.947
20.972
21.021
20.923
21.069
20.898
21.118
21.021
21.045
21.069
18.408
8.9844
2.2705
-2.417
-3.5889
-6.4453
-7.5928
-7.9346
-8.252
-8.3984
-8.5205
-8.5449
-8.5449
-8.5938
-8.6182
-8.6426
-8.7158
-8.6914
-8.667
-8.6914
-8.7158
-8.7158
-8.667
-8.667
-8.6426
-8.6182
-8.6182
-8.6914
-8.6914
-8.6182
-8.1299
-8.96
-11.621
-13.159
-13.794
-14.136
-14.429
-14.502
-14.478
-14.575
-14.6
-14.575
-14.771
-14.819
-14.844
-14.771
-14.893
-14.941
-14.819
-14.746
-14.893
-14.795
-14.722
-14.746
-14.648
-14.722
-14.697
-14.844
-14.844
-14.771
-13.794
-14.429
-17.09
-18.823
-19.604
-19.995
-20.435
-20.728
-20.801
-20.85
-20.972
-21.069
-21.338
-21.143
-21.289
-21.411
-21.338
-21.631
-21.313
-21.509
-21.436
-21.533
-21.533
-21.509
-21.606
-21.509
-21.606
-21.484
-21.606
-21.655
-19.434
-8.3496
-1.5625
3.7354
6.3965
9.5215
10.962
12.061
12.354
12.817
12.769
12.842
13.184
13.135
13.135
13.257
13.281
13.306
13.354
13.477
13.477
13.33
13.33
13.477
13.403
13.379
13.379
13.452
13.403
13.379
13.281
11.255
9.4238
8.252
7.5439
7.1289
6.8359
6.6406
6.3721
6.1768
6.0303
5.8105
5.7373
5.6396
5.6152
5.4443
5.4443
5.3467
5.2734
5.2002
5.2002
5.2979
5.1758
5.2734
5.2734
5.2246
5.3467
5.249
5.3467
5.2734
5.3467
5.4932
8.3984
10.327
10.962
11.377
11.792
12.085
12.134
12.158
12.231
12.402
12.402
12.402
12.476
12.524
12.402
12.378
12.476
12.549
12.451
12.427
12.451
12.5
12.476
12.451
12.5
12.598
12.524
12.549
12.476
12.061
11.597
11.206
10.938
10.767
10.571
10.352
10.205
10.132
10.132
10.059
10.01
9.9365
9.8633
9.8145
9.6191
9.6924
9.4482
9.668
9.5215
9.5459
9.6436
9.4482
9.5215
9.3506
9.5215
9.5215
9.5459
9.4971
9.2773
2.6611
0.21973
-1.2695
-1.8555
-3.5889
-3.5889
-3.6133
-4.2236
-3.7842
-3.8818
-4.0771
-4.1992
-3.7842
-3.8574
-4.3213
-3.9307
-3.8086
-4.2969
-3.8086
-3.7842
-4.2969
-3.8086
-3.7842
-4.126
-4.0283
-3.8086
-3.9063
-4.2725
-3.9551
-3.7354
-6.2012
-9.0088
-12.524
-14.502
-15.674
-16.26
-16.626
-16.748
-17.188
-17.236
-17.09
-17.456
-17.334
-17.48
-17.554
-17.529
-17.627
-17.676
-17.676
-17.651
-17.773
-17.725
-17.822
-17.822
-17.7
-17.822
-17.798
-17.7
-17.822
-16.846
-4.8828
2.124
8.374
11.304
15.161
17.188
18.506
19.263
19.653
20.142
19.995
20.19
20.41
20.581
20.728
20.654
20.776
20.728
20.728
20.874
20.947
20.972
20.898
21.045
20.898
20.898
21.069
20.947
21.069
19.873
10.156
1.8311
-3.9795
-7.0068
-10.62
-13.354
-14.771
-15.771
-15.967
-16.455
-16.553
-16.699
-16.943
-16.895
-17.041
-16.992
-17.041
-17.139
-17.188
-17.09
-17.212
-17.236
-17.236
-17.334
-17.261
-17.31
-17.407
-17.334
-17.358
-17.407
-17.163
-16.968
-16.797
-16.553
-16.479
-16.455
-16.26
-16.211
-16.26
-16.162
-16.064
-16.138
-16.113
-15.991
-16.113
-15.991
-15.991
-16.016
-16.016
-15.918
-16.04
-15.942
-15.918
-15.967
-15.991
-15.918
-15.918
-16.016
-15.894
-15.723
-5.0293
2.0264
6.4941
10.962
14.355
16.406
17.407
17.969
18.359
18.53
18.75
19.019
19.116
19.214
19.116
19.238
19.36
19.36
19.482
19.482
19.409
19.482
19.336
19.556
19.531
19.482
19.604
19.458
19.604
19.678
19.604
19.629
19.482
19.507
19.409
19.336
19.409
19.238
19.189
19.336
19.189
19.238
19.092
19.189
19.214
19.092
19.116
19.092
19.019
19.043
19.067
19.067
19.141
19.019
19.092
19.141
19.116
19.141
19.165
19.092
19.165
19.043
19.116
18.945
19.043
18.945
18.799
18.872
18.799
18.872
18.774
18.799
18.799
18.652
18.652
18.604
18.652
18.701
18.652
18.652
18.677
18.628
18.652
18.677
18.628
18.726
18.579
18.652
18.75
17.261
14.844
13.574
12.524
11.914
11.523
11.23
10.864
10.596
10.449
10.352
10.303
10.156
10.107
10.059
9.9365
9.8389
9.7168
9.6924
9.5703
9.5703
9.6191
9.4482
9.5459
9.3018
9.5459
9.5215
9.5215
9.4971
9.5703
4.6875
0.97656
0.19531
-0.19531
-1.8555
-2.1729
-1.7578
-2.417
-2.3926
-2.0264
-2.4658
-2.0996
-2.3926
-2.4658
-2.002
-2.4902
-2.124
-2.2949
-2.417
-1.9531
-2.4414
-2.2217
-2.0996
-2.4414
-1.9043
-2.4658
-2.3926
-1.9531
-2.417
-1.8799
1.0986
3.6621
7.3975
10.498
11.719
12.451
12.891
13.062
13.208
13.354
13.477
13.501
13.599
13.696
13.77
13.647
13.696
13.843
13.843
13.794
13.867
13.867
13.745
13.721
13.794
13.818
13.818
13.867
13.867
13.892
13.33
12.085
11.353
10.791
10.4
10.034
9.8145
9.6436
9.4482
9.3018
9.1309
9.0088
8.9844
8.8623
8.9355
8.7891
8.8135
8.8379
8.8623
8.7402
8.6426
8.5205
8.5449
8.4961
8.5449
8.5693
8.3984
8.4961
8.374
8.6426
4.6387
-2.6611
-4.1748
-6.5674
-9.7412
-10.962
-11.304
-11.475
-11.841
-11.987
-11.963
-12.183
-12.183
-12.329
-12.354
-12.378
-12.329
-12.231
-12.207
-12.354
-12.329
-12.354
-12.329
-12.402
-12.476
-12.427
-12.476
-12.427
-12.427
-12.427
-7.9834
-1.2451
2.2217
4.1748
6.2744
7.373
7.8613
8.3252
8.4473
8.5205
8.5693
8.5938
8.6426
8.667
8.6914
8.6426
8.5938
8.5938
8.6182
8.667
8.5938
8.6182
8.5693
8.5938
8.6182
8.5205
8.6182
8.667
8.667
8.6914
4.248
-0.24414
-3.4424
-5.127
-8.4961
-9.082
-9.7412
-9.668
-10.083
-10.059
-10.059
-10.4
-10.376
-10.352
-10.449
-10.522
-10.571
-10.547
-10.547
-10.547
-10.547
-10.596
-10.547
-10.449
-10.498
-10.498
-10.547
-10.4
-10.522
-10.425
-5.2979
1.2939
7.1289
10.352
12.793
14.16
15.234
15.527
16.04
16.187
16.26
16.479
16.577
16.406
16.626
16.675
16.577
16.748
16.724
16.699
16.846
16.846
16.772
16.797
16.772
16.65
16.821
16.846
16.724
16.895
16.309
14.526
13.428
12.72
12.158
11.719
11.475
11.255
11.035
10.815
10.669
10.693
10.547
10.522
10.425
10.425
10.449
10.352
10.254
10.181
10.205
10.205
10.156
10.107
10.083
10.107
10.156
10.107
10.132
10.107
7.1289
0.26855
-3.2959
-5.8838
-8.96
-9.9609
-10.547
-10.889
-11.06
-11.035
-11.133
-11.23
-11.279
-11.353
-11.377
-11.475
-11.45
-11.475
-11.523
-11.572
-11.597
-11.45
-11.475
-11.548
-11.523
-11.499
-11.548
-11.572
-11.621
-11.572
-6.958
-0.29297
3.8086
7.4463
9.4971
10.913
11.963
12.231
12.524
12.671
12.72
12.695
12.842
12.891
12.915
12.915
13.037
12.988
12.939
12.939
12.964
13.037
12.915
12.939
13.013
12.988
12.988
12.964
13.086
13.086
9.2773
-0.073242
-5.1758
-8.96
-12.671
-14.697
-15.942
-16.626
-16.968
-17.188
-17.407
-17.407
-17.432
-17.603
-17.505
-17.578
-17.7
-17.627
-17.627
-17.749
-17.676
-17.798
-17.773
-17.749
-17.798
-17.773
-17.822
-17.896
-17.773
-17.773
-16.235
-11.743
-8.4229
-6.2744
-5.3711
-4.7363
-4.3457
-4.126
-3.8574
-3.6865
-3.5156
-3.3203
-3.2227
-3.1006
-3.0029
-2.832
-2.5879
-2.6855
-2.0996
-2.5146
-2.2217
-2.3193
-2.4658
-2.002
-2.4414
-2.2705
-2.124
-2.4658
-1.9531
-2.4414
-1.3672
2.1484
5.6396
9.0576
10.815
11.206
11.914
12.109
12.207
12.256
12.5
12.5
12.573
12.793
12.598
12.72
12.72
12.793
12.769
12.866
12.891
12.891
12.915
12.817
12.915
12.866
12.842
12.939
12.915
12.793
12.329
13.525
15.088
15.918
16.528
16.602
16.846
17.017
17.236
17.383
17.505
17.578
17.676
17.725
17.627
17.676
17.676
17.651
17.725
17.676
17.725
17.798
17.7
17.773
17.798
17.7
17.798
17.725
17.627
17.822
15.43
5.3467
-1.5137
-4.0527
-7.1533
-10.034
-11.108
-11.621
-11.938
-12.085
-12.256
-12.28
-12.28
-12.329
-12.451
-12.427
-12.427
-12.5
-12.549
-12.549
-12.476
-12.5
-12.549
-12.524
-12.5
-12.524
-12.573
-12.524
-12.476
-12.573
-10.791
-4.7119
-1.3184
-0.31738
0.63477
0.53711
1.2695
1.3916
1.4404
1.2939
1.1963
1.5625
1.5137
1.3672
1.1719
1.5625
1.5381
1.4404
1.123
1.5625
1.5625
1.416
1.0986
1.4893
1.4893
1.5137
0.92773
1.4893
1.4648
1.4648
0.19531
-5.542
-9.4482
-14.209
-16.895
-18.97
-20.044
-20.728
-20.947
-21.118
-21.387
-21.24
-21.509
-21.533
-21.704
-21.631
-21.826
-21.899
-21.802
-21.948
-21.802
-21.753
-22.021
-21.729
-21.924
-21.899
-22.095
-21.826
-22.095
-21.997
-21.533
-19.312
-17.725
-16.724
-15.796
-15.234
-14.917
-14.526
-14.233
-13.965
-13.867
-13.672
-13.525
-13.501
-13.501
-13.33
-13.306
-13.257
-13.306
-13.232
-13.159
-13.11
-13.013
-13.013
-12.988
-13.037
-12.939
-12.939
-12.964
-13.062
-11.401
-3.9307
0.75684
3.8574
6.8359
8.252
9.1309
9.5459
9.6924
9.8145
9.8877
9.9609
9.9609
9.9609
9.9365
10.01
10.034
10.034
10.01
10.01
10.083
10.156
10.156
10.132
10.083
10.107
10.107
10.083
10.034
10.034
8.2031
0.048828
-4.9561
-8.9844
-12.378
-14.746
-16.162
-17.139
-17.725
-17.92
-18.213
-18.359
-18.335
-18.433
-18.506
-18.555
-18.604
-18.579
-18.628
-18.701
-18.579
-18.726
-18.75
-18.677
-18.823
-18.701
-18.701
-18.799
-18.652
-18.677
-18.286
-13.525
-10.376
-7.7393
-6.1768
-5.4688
-4.9316
-4.6387
-4.3701
-4.1748
-3.9551
-3.8086
-3.6621
-3.4912
-3.4424
-3.2715
-3.1738
-3.0518
-3.125
-2.9541
-2.9785
-2.9541
-2.9053
-2.9053
-2.9053
-2.8809
-2.832
-2.9053
-2.8809
-2.832
-2.9541
-2.9297
-5.8105
-7.0068
-7.4463
-7.7393
-7.8857
-8.0078
-8.0566
-8.0811
-8.0322
-8.0811
-8.1055
-8.0811
-8.1787
-8.1787
-8.0322
-8.1543
-8.1543
-8.1299
-8.1543
-8.1299
-8.0078
-8.0811
-8.1299
-8.0811
-8.0078
-8.0811
-8.0566
-7.8857
-8.0322
-9.668
-13.257
-16.724
-19.263
-20.605
-21.436
-21.851
-21.802
-22.29
-22.388
-22.656
-22.583
-22.729
-22.803
-22.632
-22.681
-22.827
-22.876
-22.729
-22.974
-22.778
-22.876
-22.9
-22.974
-22.876
-22.974
-22.949
-22.681
-22.852
-22.729
-20.337
-18.408
-17.212
-16.187
-15.454
-15.063
-14.697
-14.307
-14.087
-13.94
-13.721
-13.599
-13.574
-13.477
-13.379
-13.232
-13.281
-13.281
-13.184
-13.184
-13.208
-13.159
-13.086
-13.11
-13.135
-13.159
-13.037
-13.037
-13.086
-12.622
-12.109
-15.552
-17.7
-19.043
-19.849
-20.044
-20.435
-20.557
-20.581
-20.825
-20.703
-20.874
-20.801
-20.874
-20.825
-20.85
-20.996
-20.947
-21.021
-21.094
-21.045
-21.191
-21.045
-21.191
-21.118
-21.118
-21.094
-20.947
-21.216
-20.898
-20.898
-21.094
-21.094
-21.313
-21.265
-21.533
-21.313
-21.533
-21.362
-21.484
-21.582
-21.509
-21.606
-21.338
-21.606
-21.509
-21.558
-21.362
-21.558
-21.484
-21.46
-21.753
-21.631
-21.558
-21.582
-21.46
-21.704
-21.509
-21.606
-21.313
-11.694
-3.0029
2.002
4.7607
8.4473
10.229
11.499
12.158
12.207
12.231
12.402
12.451
12.622
12.549
12.695
12.891
12.915
12.817
12.793
12.793
12.793
12.769
12.842
12.866
12.866
12.72
12.744
12.915
12.915
12.769
4.1016
-3.1982
-7.3486
-10.059
-12.573
-15.161
-16.479
-17.212
-17.432
-17.627
-17.896
-17.896
-18.262
-18.311
-18.213
-18.408
-18.408
-18.408
-18.652
-18.555
-18.677
-18.726
-18.652
-18.701
-18.604
-18.604
-18.701
-18.555
-18.677
-18.799
-11.621
-4.541
-1.4893
0.61035
1.9531
2.2949
2.9297
2.9297
3.0762
3.3203
3.1738
3.1738
3.2715
3.1006
3.418
2.9053
3.3691
2.8564
3.3447
2.8809
3.3447
2.7832
3.3447
2.8809
3.1982
2.9785
3.0029
3.1982
2.8564
2.9785
2.4902
2.1729
1.9287
1.7578
1.5625
1.3672
1.2207
1.0742
0.90332
0.73242
0.48828
0.63477
0.58594
0.56152
0.53711
0.56152
0.48828
0.56152
0.5127
0.5127
0.5127
0.53711
0.48828
0.53711
0.53711
0.5127
0.48828
0.56152
0.5127
1.5869
5.5176
8.9111
10.864
11.743
12.573
12.915
13.159
13.135
13.159
13.232
13.306
13.306
13.257
13.33
13.306
13.159
13.281
13.428
13.33
13.33
13.354
13.354
13.379
13.306
13.403
13.33
13.306
13.257
13.33
13.11
14.648
15.112
15.796
15.82
15.942
16.284
16.26
16.284
16.431
16.455
16.602
16.528
16.528
16.553
16.675
16.626
16.602
16.675
16.528
16.675
16.772
16.748
16.65
16.65
16.626
16.675
16.748
16.65
16.65
14.087
8.1299
4.3213
2.0508
0.92773
0.36621
0.048828
0
-0.048828
-0.073242
-0.048828
-0.024414
-0.024414
0
-0.024414
0
0
0
0
0
0
0
0
0
0
0
0
0
0
0
-1.2451
-2.4902
-5.5908
-7.2998
-8.8379
-8.9844
-9.4482
-9.2041
-9.5947
-9.5215
-9.5703
-9.7168
-9.668
-9.9121
-9.8389
-9.8389
-9.9365
-9.8145
-9.8877
-9.8633
-9.9121
-9.9121
-9.79
-9.9854
-9.9854
-9.9365
-9.9121
-9.8633
-9.9121
-10.01
-8.5205
-5.6396
-3.7354
-3.0273
-2.5635
-2.2217
-2.0508
-1.8555
-1.7578
-1.5869
-1.4893
-1.3184
-1.2451
-1.0986
-0.78125
-0.73242
-0.80566
-0.70801
-0.65918
-0.63477
-0.61035
-0.56152
-0.53711
-0.31738
-0.26855
-0.53711
-0.56152
-0.58594
-0.53711
-0.5127
-0.12207
2.9297
4.8584
6.0791
6.5674
6.7627
6.6162
7.1289
7.1777
7.2754
7.2266
7.0557
7.1533
7.1777
7.251
6.9092
7.2998
7.4463
7.3242
7.3242
7.3486
7.4951
7.6172
7.6172
7.3486
7.4219
7.4219
7.4219
7.2266
7.373
7.3486
6.4209
5.9326
5.5908
5.2979
5.0537
4.9072
4.6875
4.4922
4.4678
4.1992
4.0527
4.0527
3.9307
3.6133
3.9551
3.5889
3.4424
3.9307
3.4668
3.5645
3.9063
3.4912
3.833
3.5645
3.4424
3.9307
3.4424
3.418
3.8818
2.9297
5.6396
8.2764
9.7412
9.9365
10.376
10.767
10.889
10.815
10.864
11.206
11.206
11.255
11.206
11.45
11.475
11.353
11.304
11.377
11.426
11.401
11.133
11.304
11.45
11.353
11.353
11.23
11.475
11.353
11.426
11.401
10.84
10.522
10.132
9.8633
9.668
9.4727
9.3506
9.2285
9.082
9.0332
8.9844
8.9844
8.8867
8.8867
8.7891
8.6426
8.7402
8.5205
8.5693
8.5205
8.3984
8.4961
8.4473
8.4961
8.4717
8.4229
8.374
8.4961
8.3496
7.9102
6.4209
5.249
4.6631
4.2725
4.0039
3.8086
3.5889
3.4668
3.3691
3.2227
3.125
2.9541
2.8564
2.4658
2.5879
2.1729
2.417
2.4902
1.9043
2.4414
2.0996
2.1973
2.417
1.8799
2.417
2.3193
1.9775
2.417
1.8555
1.9531
0.21973
-0.19531
-0.70801
-0.92773
-0.95215
-0.92773
-1.0254
-0.90332
-0.58594
-1.0254
-1.0254
-1.0254
-1.0254
-1.001
-0.56152
-1.0254
-1.0498
-1.0498
-1.0254
-1.0254
-0.61035
-1.0498
-1.0742
-1.0742
-1.0742
-1.001
-0.63477
-1.123
-1.0742
-0.43945
0.83008
2.7832
3.418
3.9307
3.9063
4.0283
4.2725
4.0771
4.1992
4.2725
4.1992
4.1992
4.2725
4.248
4.2969
4.2725
4.2969
4.2725
4.3457
4.3213
4.3701
4.3213
4.3213
4.3213
4.3457
4.3701
4.3457
4.3945
4.3701
4.2236
5.542
6.665
7.7148
8.0566
8.2031
8.1787
8.3984
8.5449
8.4961
8.5449
8.5449
8.5938
8.6182
8.5938
8.6182
8.5693
8.5938
8.6182
8.6914
8.6914
8.7158
8.6914
8.6914
8.7402
8.7158
8.667
8.667
8.5938
8.6182
7.5684
9.8633
13.013
14.624
15.674
16.357
16.528
16.895
16.87
16.919
17.09
17.017
17.09
17.188
17.041
17.041
17.139
17.212
17.163
17.188
17.139
17.188
17.261
17.188
17.261
17.261
17.212
17.212
17.188
17.139
17.114
17.017
17.456
17.456
17.627
17.725
17.969
18.066
17.92
18.042
17.944
18.091
18.018
18.042
18.213
18.066
18.188
18.188
18.188
18.091
18.164
18.066
18.188
18.237
18.115
18.237
18.213
18.188
18.188
18.091
16.162
7.4951
0.73242
-1.3428
-4.0039
-5.2002
-6.3232
-6.543
-6.8848
-7.0557
-7.1777
-7.2754
-6.958
-7.373
-7.3242
-7.3486
-7.2754
-7.4219
-7.5684
-7.4707
-7.3242
-7.2266
-7.3486
-7.4951
-7.4951
-7.251
-7.4219
-7.4463
-7.3242
-7.251
-6.0303
-7.3975
-10.132
-12.817
-14.014
-14.575
-14.771
-15.063
-15.112
-15.405
-15.308
-15.576
-15.479
-15.576
-15.698
-15.698
-15.674
-15.796
-15.796
-15.649
-15.869
-15.82
-15.698
-15.845
-15.869
-15.698
-15.747
-15.869
-15.698
-15.869
-15.625
-14.185
-13.037
-12.329
-11.792
-11.401
-11.035
-10.815
-10.669
-10.474
-10.278
-10.205
-10.132
-10.107
-10.034
-9.9121
-9.7656
-9.8389
-9.79
-9.7412
-9.668
-9.668
-9.6924
-9.7412
-9.668
-9.6436
-9.5947
-9.6436
-9.7168
-9.6924
-8.5693
-1.0254
2.2705
5.1025
7.2754
8.4229
9.2285
9.4238
9.668
9.7412
9.8877
9.9365
9.9854
9.9121
9.9854
10.034
10.01
10.059
10.01
10.059
10.132
10.156
10.132
10.083
10.083
10.083
10.107
10.059
10.083
10.034
9.7656
10.62
11.694
12.354
12.915
13.037
13.159
13.257
13.33
13.281
13.306
13.379
13.452
13.379
13.33
13.379
13.354
13.33
13.452
13.525
13.525
13.452
13.452
13.452
13.501
13.428
13.477
13.403
13.379
13.354
12.5
6.7139
2.124
0.90332
-0.29297
-0.95215
-0.97656
-1.2207
-1.416
-1.4648
-1.4404
-1.0742
-1.5381
-1.5381
-1.4893
-1.0498
-1.5625
-1.5381
-1.5625
-1.0498
-1.5625
-1.5625
-1.5381
-1.0498
-1.5137
-1.4893
-1.4893
-1.0254
-1.4404
-1.4893
-1.4648
-1.1719
-1.2695
-1.4893
-1.4893
-1.3428
-1.0986
-1.4404
-1.5137
-1.4404
-0.97656
-1.4648
-1.4893
-1.4404
-0.97656
-1.4404
-1.4648
-1.4893
-1.1475
-1.2695
-1.4648
-1.4893
-1.3428
-1.0742
-1.4648
-1.4893
-1.4648
-1.001
-1.4648
-1.5137
-1.1719
-3.1738
-6.1035
-10.303
-11.963
-13.013
-13.379
-13.623
-13.843
-13.794
-14.111
-14.185
-14.063
-14.063
-14.209
-14.233
-14.111
-14.307
-14.478
-14.233
-14.38
-14.429
-14.478
-14.38
-14.404
-14.478
-14.404
-14.453
-14.404
-14.453
-13.184
-8.2275
-1.9043
-1.0254
0.1709
0.87891
1.1475
1.3184
1.2451
1.0254
1.4404
1.4648
1.4648
0.90332
1.4893
1.4893
1.4404
1.0254
1.3916
1.4404
1.4648
1.1963
1.1963
1.4404
1.4648
1.416
0.95215
1.4648
1.4648
1.4648
0.97656
-1.123
-2.2949
-5.1514
-7.0068
-8.3984
-8.7646
-8.7646
-9.1797
-9.0332
-9.2285
-9.2773
-9.2529
-9.4238
-9.2529
-9.4727
-9.3262
-9.5459
-9.3506
-9.4482
-9.375
-9.5703
-9.4238
-9.5947
-9.3994
-9.4238
-9.4727
-9.4238
-9.5459
-9.4238
-9.0088
-2.71
1.3428
4.6631
7.2998
8.5449
9.6924
10.059
10.205
10.327
10.449
10.498
10.498
10.474
10.425
10.547
10.547
10.522
10.474
10.498
10.547
10.571
10.547
10.547
10.571
10.669
10.669
10.596
10.571
10.571
10.522
5.1025
1.8066
0.61035
-0.61035
-1.001
-1.123
-1.2207
-1.416
-1.4648
-1.416
-1.2695
-1.4893
-1.4648
-1.4893
-1.0254
-1.4648
-1.5137
-1.4648
-1.1963
-1.3184
-1.5137
-1.4893
-1.3184
-1.2207
-1.4648
-1.4893
-1.4404
-1.0742
-1.5137
-1.4893
1.3428
5.9326
9.5459
12.5
13.818
14.648
14.844
15.259
15.356
15.796
15.674
15.942
15.991
15.967
16.04
16.04
16.138
16.016
16.089
16.138
16.138
16.309
16.26
16.089
16.235
16.187
16.162
16.187
16.113
16.138
16.187
15.869
15.576
15.308
15.186
14.99
14.868
14.819
14.795
14.575
14.673
14.624
14.551
14.551
14.478
14.502
14.355
14.551
14.478
14.355
14.355
14.404
14.355
14.331
14.429
14.307
14.355
14.209
14.307
12.695
16.162
18.311
19.482
20.239
20.386
20.728
20.703
21.191
21.167
21.362
21.655
21.729
21.753
21.68
21.68
21.851
21.753
21.68
21.631
21.924
21.851
21.899
21.875
21.997
21.997
22.021
21.924
21.997
21.753
14.624
6.1523
0.097656
-0.26855
-3.4912
-4.8828
-6.0303
-6.1279
-6.25
-6.6895
-6.7871
-6.7627
-6.8359
-6.8848
-6.8359
-6.8115
-7.0557
-7.0313
-7.0557
-7.0313
-6.8848
-6.6895
-6.9092
-6.958
-7.0068
-6.8115
-6.8848
-6.7383
-6.7871
-6.9092
-5.0537
-2.71
-2.0264
-1.5625
-1.1963
-1.0254
-0.83008
-0.63477
-0.48828
-0.31738
-0.19531
-0.12207
0
0.048828
0.048828
0
0
0
0
0
0
0
0
0
0
0
0
0
0
0
-0.90332
-2.9297
-5.6396
-7.7148
-9.2041
-9.3506
-9.8145
-9.8145
-9.9121
-10.156
-10.205
-10.205
-10.181
-10.278
-10.376
-10.327
-10.425
-10.205
-10.474
-10.571
-10.596
-10.498
-10.596
-10.596
-10.693
-10.449
-10.522
-10.425
-10.474
-10.62
-6.2744
-1.1963
-1.3672
-0.39063
0.1709
0.41504
0.48828
0.53711
0.48828
0.56152
0.5127
0.5127
0.53711
0.56152
0.36621
0.46387
0.56152
0.5127
0.5127
0.53711
0.53711
0.5127
0.56152
0.56152
0.56152
0.53711
0.56152
0.5127
0.53711
0.56152
3.2227
9.5215
13.306
16.333
18.799
20.044
20.386
21.094
21.24
21.68
21.582
21.899
21.948
22.241
22.241
22.363
22.314
22.144
22.388
22.266
22.461
22.314
22.461
22.412
22.51
22.437
22.461
22.534
22.485
22.607
17.993
9.6924
3.5889
0.70801
-0.63477
-1.8311
-2.0996
-2.6367
-2.71
-2.5635
-2.8076
-2.5635
-2.8809
-2.5635
-2.8809
-2.6123
-2.9053
-2.6123
-2.8809
-2.832
-2.7588
-2.9053
-2.6855
-2.9541
-2.6855
-2.9541
-2.5635
-3.0029
-2.5879
-2.9297
-2.9053
-2.8564
-2.6367
-2.6611
-2.6367
-2.0996
-2.5391
-1.9775
-2.4414
-2.4414
-1.9775
-2.4414
-1.9531
-2.4414
-2.4414
-1.8799
-2.4658
-2.0996
-2.2705
-2.3926
-1.9287
-2.4414
-2.2705
-2.0508
-2.417
-1.9287
-2.417
-2.4414
-1.9287
-2.417
-2.3682
-2.2461
-2.0264
-1.8799
-1.8311
-1.6846
-1.6357
-1.0986
-1.5137
-1.5381
-1.5137
-1.001
-1.4893
-1.4893
-1.4893
-1.0254
-1.4404
-1.4648
-1.4893
-1.2207
-1.2451
-1.5137
-1.4893
-1.3672
-1.123
-1.4648
-1.4893
-1.5137
-0.97656
-1.4893
-2.2949
-5.2002
-9.2529
-12.378
-14.282
-15.625
-15.869
-16.235
-16.528
-16.504
-16.699
-16.943
-16.772
-16.895
-17.041
-16.968
-17.065
-17.09
-17.114
-17.236
-17.31
-17.261
-17.383
-17.285
-17.31
-17.432
-17.285
-17.212
-17.358
-17.236
-11.816
-1.6113
5.0537
9.8877
14.111
16.333
17.749
18.872
19.556
19.849
20.093
20.093
20.215
20.313
20.313
20.386
20.239
20.313
20.386
20.313
20.41
20.215
20.313
20.459
20.483
20.532
20.483
20.654
20.483
20.532
20.41
20.41
20.532
20.679
20.679
20.752
20.776
20.923
20.898
20.947
20.898
20.898
21.094
20.996
21.045
20.898
21.069
20.874
21.021
21.045
21.021
21.216
20.996
21.094
21.045
20.972
21.069
20.923
21.118
20.996
20.996
20.605
20.264
20.02
19.702
19.531
19.434
19.287
19.263
19.043
18.921
18.945
18.848
18.921
18.823
18.774
18.896
18.726
18.75
18.774
18.726
18.726
18.774
18.726
18.872
18.799
18.726
18.652
18.652
18.701
16.382
8.0322
2.7588
1.416
0.048828
-0.80566
-1.1475
-1.3184
-1.3916
-0.92773
-1.4648
-1.4648
-1.4893
-0.97656
-1.5137
-1.4648
-1.4893
-1.123
-1.3428
-1.5137
-1.4648
-1.2939
-1.1963
-1.4648
-1.5137
-1.416
-1.001
-1.5137
-1.4648
-1.4648
-1.6357
-7.4219
-11.401
-15.088
-17.969
-19.458
-20.361
-21.143
-21.289
-21.558
-21.655
-21.973
-21.948
-22.217
-22.192
-22.363
-22.437
-22.217
-22.363
-22.07
-22.339
-22.437
-22.485
-22.388
-22.412
-22.534
-22.461
-22.583
-22.485
-22.607
-20.996
-14.673
-10.059
-7.2998
-5.0781
-4.7119
-4.1016
-3.7109
-3.4912
-3.2227
-3.0273
-2.8809
-2.71
-2.5391
-2.3926
-2.2949
-2.1973
-2.0996
-2.0264
-1.9775
-1.9775
-1.9531
-1.9043
-1.9531
-1.9531
-1.9287
-1.8555
-1.9531
-1.9531
-1.8555
-1.9287
-1.8066
-1.6113
-1.4404
-1.3428
-1.1963
-0.90332
-0.61035
-0.90332
-0.83008
-0.73242
-0.73242
-0.65918
-0.70801
-0.53711
-0.31738
-0.56152
-0.63477
-0.61035
-0.63477
-0.65918
-0.61035
-0.63477
-0.61035
-0.48828
-0.31738
-0.58594
-0.63477
-0.63477
-0.65918
-0.63477
-1.3916
-3.3936
-6.25
-7.0068
-7.3486
-7.5195
-7.3486
-7.6416
-7.666
-7.4219
-7.7637
-7.8857
-7.7393
-7.8125
-7.8369
-7.8613
-7.666
-7.9102
-8.0322
-7.7881
-8.0566
-7.9346
-7.9346
-8.0566
-8.0566
-7.9346
-8.1055
-8.0811
-7.959
-6.8359
-0.61035
2.9053
5.3467
8.1055
8.9355
9.5703
9.6924
10.083
10.132
10.083
10.352
10.327
10.376
10.352
10.181
10.229
10.425
10.352
10.4
10.449
10.449
10.449
10.474
10.449
10.425
10.425
10.498
10.449
10.278
9.668
10.205
13.965
16.65
18.091
18.823
19.165
19.507
19.629
19.897
19.8
20.068
20.117
20.215
20.361
20.337
20.41
20.435
20.386
20.386
20.483
20.508
20.41
20.459
20.557
20.532
20.508
20.532
20.41
20.557
20.386
18.555
16.919
15.82
15.137
14.624
14.136
13.843
13.647
13.379
13.257
13.208
13.135
12.915
12.915
12.866
12.72
12.573
12.573
12.573
12.622
12.402
12.5
12.573
12.549
12.524
12.524
12.5
12.476
12.476
10.767
12.427
14.893
16.797
17.7
18.091
18.433
18.652
18.75
19.019
19.116
19.067
19.287
19.238
19.409
19.458
19.238
19.507
19.507
19.507
19.507
19.482
19.556
19.556
19.58
19.629
19.434
19.678
19.604
19.531
17.896
6.5186
-1.8799
-8.0811
-12.402
-15.747
-17.749
-19.458
-19.897
-20.679
-20.898
-20.898
-21.411
-21.411
-21.68
-21.509
-21.704
-21.826
-21.826
-21.777
-21.777
-21.729
-21.851
-21.948
-21.924
-22.046
-21.997
-22.021
-22.119
-21.826
-21.606
-16.577
-12.427
-9.6436
-7.6904
-7.2266
-6.6162
-6.2256
-5.957
-5.7373
-5.4932
-5.2979
-5.1758
-5.0049
-4.8584
-4.7607
-4.5898
-4.5898
-4.4678
-4.4434
-4.3701
-4.3457
-4.3701
-4.2969
-4.3701
-4.2969
-4.3213
-4.2969
-4.3213
-4.3213
-4.1016
-5.2002
-8.8135
-12.28
-14.551
-15.82
-16.309
-16.602
-16.797
-16.895
-16.943
-17.09
-17.065
-17.114
-17.261
-17.163
-17.261
-17.358
-17.212
-17.261
-17.358
-17.188
-17.261
-17.334
-17.212
-17.334
-17.334
-17.285
-17.31
-17.358
-16.504
-9.9365
-3.7354
-1.1719
0.048828
1.0986
1.416
1.1963
1.8066
1.8799
1.3428
1.9043
1.9287
1.6113
1.7334
1.9287
1.8555
1.4648
1.9287
1.9287
1.3916
1.9287
1.9287
1.4404
1.9287
1.9531
1.5381
1.7822
1.9043
1.9531
1.7578
-2.4658
-7.5439
-10.547
-14.111
-16.602
-17.651
-18.53
-18.896
-19.116
-19.434
-19.385
-19.727
-19.702
-19.849
-19.824
-19.824
-20.093
-19.849
-19.897
-20.093
-19.897
-20.142
-20.044
-20.068
-20.142
-20.093
-20.166
-20.044
-20.166
-20.142
-19.873
-19.434
-18.945
-18.701
-18.433
-18.164
-18.066
-17.92
-17.798
-17.773
-17.676
-17.651
-17.651
-17.529
-17.529
-17.554
-17.456
-17.456
-17.529
-17.383
-17.432
-17.505
-17.407
-17.407
-17.456
-17.358
-17.407
-17.407
-17.383
-17.432
-12.012
-7.2754
-4.4189
-2.4658
-1.8066
-1.416
-1.123
-0.87891
-0.68359
-0.48828
-0.3418
-0.21973
-0.097656
-0.024414
0.073242
0.024414
0
0
0
0
0
0
0
0
0
0
0
0
0
0
1.709
6.0303
9.1064
11.572
12.451
13.037
13.232
13.477
13.745
13.721
13.916
13.965
14.063
14.209
14.185
14.404
14.355
14.258
14.282
14.355
14.307
14.258
14.404
14.307
14.355
14.404
14.429
14.404
14.331
14.429
9.8633
6.3965
4.0039
2.2217
1.709
1.2939
0.97656
0.80566
0.43945
0.31738
0.048828
-0.024414
-0.12207
-0.073242
-0.024414
0
0.024414
0
0
0
0
0
0
0
0
0
0
0
0
1.001
3.6865
5.9814
6.7627
7.3242
7.8613
7.8857
7.7637
8.2275
8.1543
8.3008
8.4473
8.2764
8.4229
8.5205
8.3984
8.5205
8.252
8.4961
8.5449
8.2764
8.4473
8.2031
8.3252
8.3984
8.2275
8.4961
8.4229
8.2031
8.4229
8.5693
8.5693
8.4717
8.4229
8.4229
8.3496
8.3008
8.2031
8.1055
7.8613
8.0322
8.0322
7.8125
7.8613
7.9834
7.7148
7.7637
7.9346
7.9346
7.7637
8.0322
8.0811
8.0078
8.1299
8.1543
7.7148
8.0078
7.9834
7.7881
7.8369
7.2266
9.4727
11.182
11.89
12.378
12.5
12.573
12.695
13.013
13.062
13.159
13.11
13.135
13.257
13.135
13.086
13.257
13.232
13.257
13.232
13.306
13.354
13.281
13.208
13.477
13.403
13.354
13.428
13.403
13.257
13.184
14.16
14.453
14.771
15.112
14.941
15.259
15.137
15.454
15.356
15.527
15.552
15.552
15.503
15.723
15.649
15.649
15.674
15.723
15.674
15.698
15.698
15.649
15.771
15.747
15.771
15.771
15.723
15.747
15.698
10.01
1.6113
-0.75684
-3.8574
-6.3965
-7.959
-8.2764
-8.8623
-8.7158
-9.2041
-8.8623
-9.2285
-9.1553
-9.4238
-9.3506
-9.5947
-9.3262
-9.3262
-9.2529
-9.4238
-9.4727
-9.375
-9.3994
-9.1309
-9.4727
-9.3262
-9.4238
-9.4727
-9.5703
-9.4727
-8.8867
-12.72
-15.527
-17.944
-19.482
-20.483
-21.069
-21.411
-21.606
-21.558
-21.948
-21.826
-22.046
-22.144
-22.095
-22.437
-22.144
-22.266
-22.266
-22.388
-22.461
-22.461
-22.51
-22.266
-22.388
-22.51
-22.534
-22.412
-22.583
-22.51
-19.995
-14.575
-11.548
-9.3262
-8.1299
-7.4219
-6.8848
-6.543
-6.2256
-6.0303
-5.835
-5.6396
-5.5176
-5.3955
-5.249
-5.1025
-5.0537
-4.9561
-4.834
-4.9316
-4.7852
-4.6387
-4.7119
-4.8828
-4.7363
-4.6143
-4.6631
-4.6631
-4.8828
-4.6631
-3.9551
-5.4688
-6.2012
-6.4209
-6.7383
-6.7627
-6.6895
-6.6162
-6.9092
-7.0557
-6.958
-6.9824
-6.9336
-6.8604
-7.0313
-7.1533
-7.1533
-7.0557
-7.0801
-7.0801
-6.958
-7.1045
-7.2266
-7.1777
-7.1289
-7.1777
-7.1533
-7.2021
-7.2266
-7.2021
-3.8818
2.6367
5.3711
9.2041
11.255
12.231
12.964
13.11
13.257
13.55
13.647
13.745
13.721
13.77
13.843
13.794
13.867
13.916
13.965
13.867
13.916
13.892
13.892
13.892
13.965
13.916
13.843
13.916
13.965
13.965
13.989
14.038
13.965
13.94
13.965
13.94
13.892
13.818
13.965
13.916
13.892
13.94
14.063
13.989
13.965
13.989
14.014
13.916
13.94
13.989
13.965
13.892
13.965
14.063
13.965
13.965
13.94
13.843
13.794
13.818
10.01
3.1982
-1.4404
-3.833
-6.1523
-7.4463
-8.0078
-8.2275
-8.3984
-8.4961
-8.5693
-8.6182
-8.6182
-8.6182
-8.667
-8.7158
-8.7158
-8.7402
-8.6914
-8.6426
-8.6914
-8.6914
-8.7158
-8.667
-8.6182
-8.6182
-8.6426
-8.6426
-8.6426
-8.6426
-8.2031
-11.865
-15.21
-18.237
-20.093
-21.045
-21.704
-22.07
-22.168
-22.412
-22.412
-22.705
-22.705
-22.656
-22.681
-22.827
-22.9
-22.754
-22.754
-22.778
-22.876
-22.949
-22.974
-22.876
-23.096
-22.925
-23.071
-23.047
-22.803
-23.047
-18.237
-5.5664
1.3672
7.0801
10.693
14.526
16.797
17.871
18.726
19.141
19.165
19.531
19.507
19.434
19.678
19.653
19.873
19.873
19.824
19.922
19.849
20.02
19.873
20.02
20.117
19.995
20.068
20.02
20.068
20.264
17.383
7.8857
2.0264
-0.87891
-2.2461
-5.1758
-6.3477
-6.7139
-6.9336
-7.1045
-7.0068
-7.251
-7.2754
-7.373
-7.4707
-7.3242
-7.5928
-7.5684
-7.5439
-7.2021
-7.4707
-7.4951
-7.4463
-7.3486
-7.373
-7.4951
-7.4951
-7.4219
-7.2266
-7.4707
-6.6406
-7.1533
-9.4238
-9.7168
-10.181
-10.449
-10.327
-10.229
-10.571
-10.791
-10.767
-10.791
-10.889
-10.938
-10.938
-10.962
-10.84
-11.011
-11.011
-11.011
-11.011
-10.962
-11.108
-11.06
-10.962
-10.938
-11.035
-10.938
-11.011
-10.864
-8.7891
-2.6123
-1.2939
-0.024414
-0.048828
0.29297
0.26855
0.43945
0.53711
0.56152
0.53711
0.53711
0.53711
0.5127
0.58594
0.56152
0.56152
0.46387
0.36621
0.53711
0.53711
0.5127
0.53711
0.5127
0.53711
0.5127
0.5127
0.48828
0.53711
0.46387
0.1709
2.2217
4.5166
5.5908
6.3477
6.6406
6.8115
6.8359
6.8848
6.6895
6.958
7.0068
7.0557
7.0557
7.1045
7.0801
7.0557
7.2021
7.2021
7.2754
7.1533
7.2266
7.1045
7.1045
7.0801
7.1777
7.0801
7.0801
6.9336
7.0068
5.8838
2.1729
1.3672
0.68359
0.14648
-0.097656
-0.21973
-0.14648
-0.14648
-0.1709
-0.19531
-0.21973
-0.19531
-0.12207
-0.048828
-0.048828
-0.073242
-0.048828
-0.073242
-0.12207
-0.14648
-0.1709
-0.073242
-0.048828
0
0
0
0
0
0
0.048828
0.97656
1.709
2.0264
1.6602
2.3193
2.3193
1.9775
2.417
1.9043
2.417
2.4658
2.002
2.4658
2.0752
2.417
2.4902
2.0264
2.4658
2.2217
2.417
2.4902
2.1484
2.4658
2.2949
2.3926
2.5146
2.2217
2.5146
2.3926
1.9043
-2.5391
-3.6133
-6.7871
-9.4238
-10.669
-10.718
-11.157
-11.475
-11.45
-11.45
-11.743
-11.816
-11.768
-11.914
-11.816
-11.841
-11.89
-11.914
-12.036
-11.938
-11.865
-12.036
-12.061
-12.109
-11.987
-12.036
-12.012
-12.061
-12.012
-12.012
-11.255
-10.669
-10.181
-9.79
-9.5703
-9.3262
-9.1064
-8.9844
-8.7891
-8.667
-8.5938
-8.5938
-8.5205
-8.4473
-8.374
-8.3252
-8.3984
-8.374
-8.252
-8.2275
-8.1787
-8.0078
-8.1787
-8.1055
-8.0078
-8.1055
-8.0811
-7.9346
-8.0811
-8.1055
-8.5449
-9.2285
-9.375
-9.668
-9.8633
-9.9854
-9.9121
-9.9365
-10.059
-10.083
-10.132
-10.059
-10.034
-10.059
-10.107
-10.132
-10.083
-10.059
-10.083
-10.132
-10.156
-10.132
-10.132
-10.132
-10.156
-10.181
-10.156
-10.083
-10.107
-10.01
-7.2754
-5.7129
-4.7119
-4.1504
-3.7354
-3.4668
-3.2959
-3.0762
-2.9053
-2.7832
-2.6123
-2.4414
-2.3926
-2.2705
-2.1973
-2.124
-2.0996
-2.0752
-2.0508
-2.0508
-1.9043
-2.0264
-2.0264
-1.7578
-1.9775
-2.002
-1.6602
-2.002
-1.9775
-1.5381
2.2949
4.6875
8.7402
10.034
11.279
11.67
11.89
12.134
12.231
12.231
12.158
12.231
12.354
12.28
12.354
12.378
12.427
12.378
12.354
12.354
12.427
12.354
12.329
12.28
12.354
12.378
12.305
12.378
12.451
12.305
8.4717
5.1758
3.2959
2.6123
1.9287
1.6113
1.3916
1.1963
1.001
0.85449
0.68359
0.53711
0.31738
0.26855
0.24414
0.14648
0.073242
0.024414
0.073242
0.073242
0.12207
0.097656
0.1709
0.1709
0.12207
0.073242
0.024414
0.024414
0
0.073242
1.8799
5.1025
8.3008
10.059
11.035
11.353
11.597
11.646
11.719
11.89
11.987
11.841
11.89
12.012
12.012
11.89
11.89
11.865
11.865
11.841
11.792
11.792
11.987
11.938
11.987
12.012
11.89
11.938
11.768
11.841
5.5176
0.24414
-1.9775
-3.6621
-5.835
-6.6162
-6.8359
-6.6406
-7.1777
-7.251
-7.2266
-7.2021
-7.2021
-7.4463
-7.4951
-7.5439
-7.2998
-7.4219
-7.4219
-7.3975
-7.2266
-7.373
-7.5195
-7.5439
-7.4219
-7.4219
-7.5195
-7.4951
-7.5195
-7.1777
-6.3232
-8.6182
-10.425
-11.23
-11.523
-11.89
-11.89
-11.89
-12.256
-12.109
-12.085
-12.354
-12.329
-12.305
-12.427
-12.524
-12.549
-12.476
-12.476
-12.451
-12.524
-12.378
-12.476
-12.476
-12.451
-12.354
-12.451
-12.5
-12.598
-12.476
-12.451
-12.305
-12.207
-12.085
-11.963
-11.914
-11.914
-11.816
-11.743
-11.743
-11.792
-11.719
-11.67
-11.67
-11.743
-11.719
-11.621
-11.597
-11.67
-11.646
-11.621
-11.572
-11.597
-11.646
-11.572
-11.548
-11.597
-11.646
-11.572
-11.572
-11.597
-11.646
-11.646
-11.548
-11.548
-11.597
-11.621
-11.523
-11.548
-11.548
-11.646
-11.621
-11.523
-11.548
-11.572
-11.621
-11.572
-11.572
-11.548
-11.597
-11.548
-11.548
-11.523
-11.401
-11.45
-11.401
-11.572
-11.621
-11.621
-11.499
-2.832
4.0527
7.6172
11.768
15.674
17.114
17.969
18.506
18.823
18.97
19.092
19.409
19.58
19.8
19.727
19.678
19.824
19.897
19.922
19.775
19.971
19.897
20.068
20.068
20.044
20.166
20.02
20.117
20.239
13.086
4.5898
-0.31738
-1.416
-4.5898
-6.1523
-6.665
-7.0068
-7.2021
-7.4707
-7.4951
-7.5684
-7.5195
-7.5439
-7.4463
-7.5928
-7.5439
-7.4951
-7.6172
-7.3975
-7.5439
-7.5928
-7.5195
-7.4951
-7.6172
-7.4707
-7.5195
-7.4219
-7.5928
-7.6416
-6.0547
-3.1738
-1.5137
-0.68359
-0.26855
-0.12207
-0.024414
0.024414
0.073242
0
-0.024414
0
0
0
0
0
0
0
0
0
0
0
0
0
0
0
0
0
0
0
-0.58594
-2.0508
-2.2217
-3.0518
-2.8076
-3.2959
-2.9785
-3.3447
-3.0029
-3.3447
-3.1006
-3.3691
-3.0273
-3.1494
-3.3447
-3.0273
-3.3691
-3.0273
-3.3447
-3.0273
-3.3936
-2.9297
-3.3691
-3.0029
-3.2471
-3.125
-3.1006
-3.3203
-3.0029
-3.3936
-4.6875
-8.1543
-12.598
-15.43
-17.212
-18.164
-18.628
-18.848
-18.994
-19.092
-19.263
-19.287
-19.312
-19.531
-19.409
-19.58
-19.58
-19.507
-19.556
-19.409
-19.556
-19.556
-19.629
-19.604
-19.556
-19.604
-19.702
-19.58
-19.629
-19.702
-19.482
-19.971
-20.337
-20.679
-20.801
-20.776
-21.143
-21.094
-21.313
-21.118
-21.46
-21.265
-21.411
-21.24
-21.46
-21.582
-21.265
-21.509
-21.558
-21.484
-21.533
-21.582
-21.631
-21.484
-21.729
-21.533
-21.509
-21.631
-21.509
-21.704
-15.942
-6.1279
-2.124
1.5137
3.1006
4.9316
5.6641
6.0059
6.2256
6.2744
6.4453
6.4697
6.4209
6.4941
6.5186
6.4697
6.3232
6.3477
6.5674
6.4209
6.3477
6.4941
6.5186
6.4941
6.4453
6.6406
6.5918
6.5918
6.7139
6.665
5.3467
8.6426
11.255
12.744
13.159
13.672
14.16
14.087
14.233
14.526
14.429
14.453
14.722
14.722
14.551
14.746
14.868
14.819
14.722
14.722
14.819
14.673
14.746
14.819
14.819
14.795
14.844
14.648
14.844
14.722
8.9844
-0.46387
-4.9561
-9.2773
-12.402
-15.063
-16.748
-17.578
-17.871
-18.188
-18.262
-18.53
-18.677
-18.701
-18.896
-18.921
-18.848
-18.994
-18.97
-19.092
-19.067
-19.043
-19.263
-18.994
-19.165
-19.214
-19.092
-19.214
-19.214
-19.092
-19.189
-18.652
-18.384
-18.115
-17.822
-17.725
-17.48
-17.358
-17.407
-17.236
-17.163
-17.236
-17.065
-17.09
-17.09
-16.992
-17.017
-17.065
-16.895
-16.992
-17.017
-16.919
-16.919
-17.041
-16.895
-16.895
-16.968
-16.846
-16.87
-16.992
-16.748
-16.528
-16.235
-15.967
-15.796
-15.649
-15.454
-15.381
-15.381
-15.259
-15.161
-15.259
-15.112
-15.112
-15.161
-15.112
-15.039
-15.039
-14.966
-14.941
-14.819
-14.941
-14.917
-14.819
-14.941
-14.941
-14.868
-14.941
-14.99
-14.844
-10.425
-1.9043
3.1982
6.9824
10.498
12.061
13.062
13.672
14.014
14.209
14.136
14.16
14.6
14.526
14.502
14.624
14.648
14.648
14.648
14.771
14.746
14.673
14.722
14.819
14.697
14.722
14.893
14.795
14.795
14.819
11.768
2.0508
-0.85449
-3.1982
-6.958
-8.6914
-9.082
-9.5215
-9.9365
-9.8145
-10.059
-10.132
-10.01
-10.254
-10.376
-10.352
-10.376
-10.449
-10.449
-10.352
-10.4
-10.132
-10.01
-10.498
-10.229
-10.376
-10.352
-10.4
-10.352
-10.474
-10.571
-10.474
-10.449
-10.474
-10.352
-10.254
-10.229
-10.278
-10.156
-10.205
-10.107
-10.059
-10.059
-9.9609
-10.01
-9.9609
-9.9365
-9.9365
-9.9854
-10.01
-9.9121
-9.8633
-10.034
-9.8877
-9.8389
-9.9609
-9.8877
-10.034
-9.9365
-9.9609
-7.0068
0.1709
2.9053
6.3477
9.7168
10.571
11.523
11.743
12.061
12.207
12.231
12.134
12.134
12.28
12.256
12.207
12.305
12.402
12.402
12.231
12.329
12.427
12.427
12.378
12.378
12.329
12.378
12.305
12.256
12.378
8.8379
1.2207
-3.5889
-6.5918
-9.7412
-12.622
-13.818
-14.233
-14.746
-14.966
-15.112
-15.405
-15.381
-15.43
-15.625
-15.625
-15.723
-15.747
-15.796
-15.796
-15.869
-15.82
-15.796
-15.771
-15.845
-15.796
-15.894
-15.918
-15.869
-15.918
-13.086
-3.4668
1.123
3.5645
6.6406
8.8623
9.4727
9.9609
9.8877
9.9609
10.352
10.425
10.522
10.596
10.791
10.864
10.864
10.864
11.011
11.133
11.035
10.986
10.889
11.06
10.913
10.84
10.693
11.011
10.84
10.913
9.8389
11.304
14.697
16.333
17.261
17.7
18.042
18.506
18.701
18.726
18.896
18.945
18.994
19.141
18.994
19.116
19.092
19.116
19.165
19.165
19.116
19.263
19.189
19.263
19.214
19.116
19.238
19.141
19.214
19.263
18.408
15.259
12.671
10.742
9.7412
9.1064
8.7158
8.3008
8.0322
7.7637
7.5928
7.5195
7.373
7.2754
7.1045
7.0801
7.0557
7.0313
7.0313
7.0068
6.9092
6.8115
6.7871
6.7627
6.7383
6.7139
6.7871
6.6895
6.7383
6.665
4.8096
-2.2217
-8.3496
-13.33
-16.357
-18.921
-20.581
-21.362
-21.948
-22.119
-22.437
-22.461
-22.656
-22.607
-22.632
-22.852
-22.754
-22.949
-22.827
-22.949
-22.925
-22.852
-22.778
-23.022
-22.974
-22.974
-22.998
-23.022
-23.096
-23.022
-22.51
-18.359
-15.918
-13.794
-12.671
-11.865
-11.328
-10.962
-10.645
-10.303
-10.107
-9.9609
-9.8145
-9.6924
-9.5947
-9.4482
-9.4727
-9.3994
-9.3018
-9.2041
-9.2285
-9.1797
-9.2285
-9.1309
-9.1064
-9.1064
-9.1309
-9.1309
-9.1309
-9.082
-8.0811
0.073242
3.7598
6.7139
10.474
12.109
13.135
13.525
13.892
14.014
14.087
14.16
14.307
14.209
14.233
14.331
14.355
14.404
14.331
14.404
14.404
14.331
14.404
14.38
14.38
14.307
14.404
14.355
14.404
14.404
14.502
13.916
13.525
13.208
12.842
12.573
12.402
12.305
12.134
12.012
11.963
12.036
11.89
11.743
11.694
11.694
11.719
11.523
11.572
11.426
11.572
11.499
11.426
11.548
11.572
11.621
11.499
11.548
11.597
11.572
11.035
10.571
13.818
15.332
16.016
16.309
16.772
16.943
17.212
17.261
17.212
17.432
17.48
17.432
17.48
17.48
17.529
17.627
17.554
17.48
17.651
17.578
17.627
17.651
17.554
17.749
17.676
17.676
17.749
17.627
16.65
8.1055
0.56152
-1.6602
-4.9805
-7.1289
-9.4482
-9.8145
-10.254
-10.327
-10.425
-10.205
-10.571
-10.62
-10.791
-10.815
-10.938
-10.962
-10.889
-10.84
-10.962
-10.864
-10.864
-10.962
-10.889
-10.986
-10.938
-10.938
-10.938
-10.938
-9.8877
-1.0742
6.3721
10.059
14.087
17.065
18.872
19.849
20.337
20.654
20.605
21.167
21.387
21.313
21.533
21.558
21.777
21.802
21.777
21.899
21.826
22.046
21.924
21.826
21.924
21.997
21.753
21.948
21.875
21.777
21.509
10.327
0.92773
-4.7852
-8.3984
-12.329
-14.429
-15.942
-16.553
-16.919
-17.041
-17.163
-17.31
-17.383
-17.505
-17.529
-17.383
-17.48
-17.603
-17.603
-17.749
-17.676
-17.749
-17.7
-17.676
-17.798
-17.627
-17.676
-17.749
-17.7
-17.676
-16.943
-18.555
-19.653
-19.995
-20.435
-20.776
-20.654
-21.021
-20.947
-21.045
-21.338
-21.216
-21.387
-21.313
-21.338
-21.289
-21.582
-21.582
-21.558
-21.606
-21.411
-21.582
-21.509
-21.558
-21.606
-21.606
-21.68
-21.582
-21.655
-21.606
-17.114
-10.425
-5.7129
-2.9053
-1.4404
-0.58594
-0.21973
-0.024414
0.097656
0.12207
0.097656
0.024414
-0.048828
-0.048828
-0.024414
0
0.024414
0
0
0
0
0
0
0
0
0
0
0
0
0
-3.54
-8.96
-13.11
-16.65
-18.408
-19.946
-20.703
-21.021
-21.411
-21.533
-21.729
-21.924
-22.266
-21.948
-22.119
-22.095
-22.363
-22.266
-22.119
-22.437
-22.388
-22.437
-22.363
-22.534
-22.51
-22.388
-22.534
-22.607
-22.583
-12.402
-2.417
3.1494
7.3975
10.962
13.281
14.673
15.088
15.698
15.747
16.162
16.382
16.333
16.455
16.528
16.553
16.699
16.724
16.65
16.699
16.772
16.699
16.797
16.748
16.724
16.821
16.797
16.797
16.797
16.797
10.498
2.7344
-0.073242
-3.0273
-4.5898
-6.2988
-6.8604
-6.9336
-7.3486
-7.373
-7.4463
-7.4707
-7.3486
-7.5439
-7.5439
-7.5195
-7.4707
-7.5439
-7.6172
-7.6172
-7.6172
-7.5928
-7.666
-7.666
-7.6416
-7.6416
-7.6172
-7.7148
-7.7148
-7.7393
-6.2012
-9.5947
-11.694
-13.037
-13.501
-13.77
-14.014
-14.136
-14.111
-14.209
-14.331
-14.282
-14.233
-14.404
-14.331
-14.282
-14.282
-14.38
-14.404
-14.331
-14.478
-14.38
-14.282
-14.331
-14.307
-14.307
-14.282
-14.282
-14.404
-14.38
-9.2285
-3.6133
-1.416
-0.36621
0.68359
1.0742
1.2695
0.90332
1.3428
1.416
1.4893
1.2451
1.1963
1.5137
1.4648
1.3916
1.0742
1.4893
1.5137
1.4648
1.0254
1.5137
1.4648
1.5137
1.0986
1.5381
1.5381
1.5137
1.5381
1.5625
-0.65918
-3.6621
-7.0068
-8.7158
-10.645
-11.182
-11.523
-11.621
-12.061
-11.987
-11.987
-12.183
-12.134
-12.183
-12.183
-12.134
-12.207
-12.378
-12.207
-12.329
-12.451
-12.378
-12.378
-12.378
-12.402
-12.451
-12.329
-12.329
-12.427
-12.476
-11.768
-10.571
-9.8145
-9.3262
-8.9844
-8.6426
-8.374
-8.2031
-8.0811
-7.9834
-7.8369
-7.7148
-7.6416
-7.5684
-7.4463
-7.373
-7.3486
-7.1289
-7.1289
-7.1045
-7.0801
-7.0801
-7.1533
-6.8359
-6.9336
-6.8115
-6.8604
-7.0313
-7.0068
-6.8848
-2.1729
3.54
7.4219
11.084
14.258
16.04
16.528
16.968
17.358
17.432
17.578
17.627
17.725
17.847
17.944
17.896
17.92
18.018
18.018
18.14
18.091
18.091
18.14
18.091
17.993
17.993
17.969
18.066
18.14
18.115
17.432
18.97
20.19
20.654
20.947
21.411
21.362
21.68
21.729
21.899
22.07
22.07
22.217
22.046
22.241
22.168
22.314
22.363
22.51
22.388
22.437
22.388
22.339
22.485
22.339
22.388
22.217
22.363
22.314
22.461
17.31
6.0303
0.19531
-4.0771
-6.5918
-9.79
-11.084
-11.548
-11.841
-11.938
-12.207
-12.134
-12.061
-12.207
-12.402
-12.329
-12.378
-12.378
-12.378
-12.402
-12.256
-12.158
-12.256
-12.378
-12.305
-12.305
-12.451
-12.354
-12.354
-12.378
-7.1777
0.48828
4.7363
7.666
10.962
12.915
13.672
13.892
14.502
14.697
14.673
14.893
14.746
15.063
14.966
15.063
15.112
15.015
15.161
15.21
15.186
15.21
15.234
15.161
15.186
15.259
15.308
15.063
15.186
15.308
11.938
4.0283
0.39063
-2.4414
-2.1484
-4.4189
-4.8096
-5.3711
-5.1758
-5.2734
-5.2979
-5.3467
-5.2246
-5.2979
-5.2979
-5.3467
-5.2979
-5.3711
-5.6152
-5.4443
-5.3955
-5.2979
-5.4199
-5.3467
-5.3467
-5.5664
-5.5176
-5.4688
-5.4688
-5.4443
-5.4688
-8.4229
-13.086
-15.527
-17.554
-18.799
-19.409
-19.775
-20.044
-20.239
-20.41
-20.361
-20.654
-20.703
-20.776
-20.898
-20.825
-21.069
-20.898
-20.898
-20.898
-20.923
-20.972
-20.923
-21.069
-21.045
-21.045
-21.045
-21.094
-21.143
-17.505
-9.0332
-2.5879
-0.63477
1.5869
2.0752
3.2471
3.3203
3.6865
3.54
3.6133
3.7842
3.6865
3.833
3.6133
3.6621
3.8086
3.6865
3.8574
3.7354
3.7842
3.8818
3.7598
3.8086
3.833
3.8086
3.8818
3.7598
3.8086
3.8818
3.8574
3.833
3.7354
3.6621
3.6621
3.4668
3.5156
3.2227
3.2715
3.0518
3.0273
3.3447
2.9053
3.3936
2.9541
3.3447
2.9541
3.3936
2.8809
3.2959
2.9541
3.1006
3.1738
2.9785
3.3203
2.832
3.3447
2.9053
3.3447
3.0273
2.8076
4.8096
6.9824
8.374
8.8135
9.375
9.3994
9.79
9.79
9.9365
9.9854
9.9854
10.01
9.9121
9.9609
10.01
9.9854
9.9854
9.9854
9.9365
10.01
10.059
10.059
10.034
10.059
10.083
10.156
10.132
10.107
10.034
8.1543
0.73242
-1.8799
-4.7119
-7.2754
-8.8135
-9.3506
-9.668
-9.79
-9.8389
-9.9121
-9.9121
-10.01
-10.034
-9.9854
-9.9854
-10.01
-10.083
-10.083
-10.083
-10.059
-10.107
-10.156
-10.181
-10.083
-10.083
-10.083
-10.156
-10.107
-10.059
-9.7656
-8.2031
-6.958
-6.2744
-5.8105
-5.4932
-5.2246
-5.0049
-4.7852
-4.6631
-4.5898
-4.4434
-4.3701
-4.2725
-4.1504
-4.0039
-4.0771
-4.0527
-3.9551
-3.9063
-3.9063
-3.8818
-3.9063
-3.8818
-3.8818
-3.8574
-3.8574
-3.8574
-3.8818
-3.833
-3.4668
-7.6904
-11.06
-14.893
-16.992
-18.481
-19.336
-19.629
-19.946
-20.093
-20.239
-20.288
-20.288
-20.435
-20.386
-20.459
-20.459
-20.361
-20.532
-20.508
-20.532
-20.581
-20.557
-20.581
-20.435
-20.435
-20.459
-20.435
-20.581
-20.557
-19.702
-14.575
-10.596
-7.9834
-6.8848
-6.0547
-5.5176
-5.1758
-4.8584
-4.5898
-4.4434
-4.248
-4.0771
-3.9551
-3.7842
-3.54
-3.6133
-3.125
-3.418
-3.0273
-3.2959
-2.9053
-3.2959
-2.9297
-3.1006
-3.1738
-3.0029
-3.3203
-2.9053
-3.3936
-2.5635
1.6846
3.8818
6.5918
7.9834
9.0088
9.3018
9.6191
9.5947
9.7412
9.7168
9.8389
10.01
9.9121
9.9365
9.79
9.79
9.9854
9.8877
9.9854
9.8145
9.8145
9.9609
9.8877
9.9365
9.9854
9.9854
10.107
10.107
9.9854
8.0322
-0.024414
-5.8105
-9.3506
-12.866
-15.723
-17.358
-18.457
-18.701
-19.116
-19.36
-19.409
-19.727
-19.702
-19.8
-19.971
-19.873
-20.044
-20.068
-20.068
-20.093
-20.068
-20.19
-20.068
-20.166
-20.117
-20.142
-20.264
-20.117
-20.166
-18.896
-8.8379
-1.123
1.0498
4.8584
7.1777
8.1543
8.8867
9.2041
9.3994
9.4482
9.7656
9.7168
9.9121
9.79
9.79
9.9121
9.79
9.9365
9.79
9.8389
9.8877
9.9121
10.034
9.9121
9.8389
9.9854
10.034
9.9609
10.01
9.3994
4.2969
2.0264
1.4893
0.53711
0.097656
-0.12207
-0.19531
-0.12207
-0.14648
-0.14648
-0.21973
-0.1709
-0.12207
-0.073242
-0.024414
-0.048828
-0.024414
-0.048828
-0.048828
-0.097656
-0.12207
-0.19531
-0.19531
-0.12207
-0.073242
-0.024414
-0.024414
-0.024414
-0.024414
0.073242
4.2969
8.252
12.671
15.21
17.358
18.188
18.457
18.896
19.141
19.312
19.36
19.458
19.653
19.629
19.702
19.8
19.678
20.02
19.678
19.995
19.946
19.922
20.093
19.873
20.068
19.971
19.946
20.044
19.971
19.434
11.499
5.1758
1.8066
0
-0.097656
-1.1719
-1.6357
-1.7822
-1.4404
-1.8799
-1.9287
-1.6357
-1.7578
-1.9287
-1.8799
-1.4648
-1.9287
-1.9287
-1.6357
-1.9287
-1.9287
-1.9043
-1.9775
-1.9287
-1.9531
-1.9531
-1.9531
-1.9531
-1.9531
-1.6602
0.21973
1.5381
2.8564
3.2471
3.5889
3.6621
3.7109
3.8574
3.8086
3.8574
3.833
3.833
3.9063
3.833
3.8574
3.8818
3.7354
3.9063
3.6621
3.7598
3.9063
3.6621
3.7842
3.7354
3.7842
3.8574
3.7354
3.6377
3.8574
3.3936
-1.8799
-4.8584
-9.1797
-11.914
-13.403
-14.209
-14.526
-14.844
-14.966
-14.99
-14.941
-15.21
-15.161
-15.283
-15.308
-15.356
-15.283
-15.21
-15.332
-15.039
-15.161
-15.356
-15.234
-15.381
-15.405
-15.356
-15.308
-15.405
-15.259
-14.502
-4.7119
1.5381
4.6387
8.4961
12.134
13.428
14.258
14.673
14.575
15.039
14.893
15.259
15.186
15.503
15.405
15.649
15.503
15.576
15.674
15.527
15.552
15.723
15.723
15.723
15.674
15.723
15.649
15.747
