0
0
0.19531
0.36621
0.46387
0.43945
0.41504
0.46387
0.53711
0.56152
0.56152
0.58594
0.48828
0.53711
0.5127
0.46387
0.53711
0.53711
0.5127
0.56152
0.53711
0.48828
0.48828
0.48828
0.5127
0.53711
0.53711
0.5127
0.5127
0.48828
0.46387
0.46387
0.46387
0.5127
0.53711
0.5127
0.53711
0.53711
0.43945
0.43945
0.5127
0.53711
0.48828
0.53711
0.53711
0.48828
0.46387
0.46387
0.48828
0.48828
0.5127
-0.26855
-3.0518
-6.3721
-8.1299
-8.8623
-9.9609
-10.352
-10.522
-10.767
-10.815
-10.718
-10.718
-10.767
-10.84
-10.84
-10.693
-10.693
-10.767
-10.913
-10.791
-10.815
-10.864
-10.986
-11.011
-10.913
-10.864
-10.913
-10.938
-10.84
-10.571
-10.474
-10.693
-10.815
-10.791
-10.693
-10.84
-10.962
-10.913
-10.913
-10.84
-10.938
-10.938
-10.889
-10.693
-10.645
-10.693
-10.791
-10.645
-10.718
-10.767
-9.3018
-3.5889
-1.2451
0.41504
1.3916
1.6113
2.2217
2.3438
2.4414
2.417
2.4902
2.4902
2.4414
2.4658
2.4414
2.4414
2.417
2.417
2.4414
2.417
2.417
2.3926
2.3682
2.417
2.417
2.4414
2.4414
2.417
2.4414
2.3926
2.4658
2.3926
2.3926
2.4414
2.3926
2.3438
2.2949
2.2461
2.2949
2.3438
2.3682
2.4658
2.4902
2.4658
2.5391
2.5146
2.5146
2.5391
2.5146
2.5635
2.4902
2.5391
2.4658
2.5391
2.4902
2.5146
2.5146
2.4414
2.5146
2.4902
2.4902
2.4902
2.4902
2.5635
2.5391
2.5391
2.5635
2.6123
2.5635
2.5879
2.5635
2.5391
2.5635
2.4902
2.5391
2.4902
2.5146
2.4658
2.4414
2.4902
2.417
2.4658
2.4414
2.4414
2.4658
2.4414
2.4658
2.4414
2.4658
2.417
2.4414
2.417
2.417
2.4414
2.3926
2.417
2.3926
2.3438
2.3193
2.2461
1.4893
-0.39063
-2.0752
-2.5391
-2.5391
-3.1738
-3.2959
-3.3691
-3.418
-3.4668
-3.4668
-3.4668
-3.4912
-3.4912
-3.4668
-3.4668
-3.4668
-3.4668
-3.4912
-3.5156
-3.5156
-3.5156
-3.5156
-3.54
-3.5889
-3.5645
-3.5889
-3.5645
-3.5645
-3.54
-3.54
-3.5156
-3.5156
-3.5156
-3.4912
-3.5156
-3.5156
-3.54
-3.4912
-3.4912
-3.4668
-3.3936
-3.3936
-3.418
-3.3691
-3.3203
-3.2959
-3.2959
-3.1738
-3.3203
-2.8809
-5.2246
-6.5918
-8.3008
-8.96
-9.668
-10.034
-10.229
-10.327
-10.254
-10.254
-10.425
-10.498
-10.425
-10.327
-10.278
-10.352
-10.327
-10.278
-10.181
-10.229
-10.352
-10.425
-10.376
-10.278
-10.4
-10.474
-10.474
-10.449
-10.376
-10.4
-10.425
-10.4
-10.205
-10.107
-10.205
-10.352
-10.303
-10.254
-10.278
-10.376
-10.498
-10.425
-10.425
-10.376
-10.449
-10.547
-10.4
-10.278
-10.156
-8.8867
-3.2959
-1.5625
0.29297
1.123
1.4893
1.709
1.7822
1.8311
1.8555
1.9287
1.9043
1.9287
1.8555
1.9043
1.8799
1.8066
1.7334
1.7822
1.8066
1.8555
1.8311
1.9287
1.9531
1.9531
1.9775
1.9775
1.9775
2.002
1.9775
2.002
2.002
2.0264
2.002
2.002
2.002
2.002
2.0264
2.002
2.002
2.002
1.9775
1.9775
1.9775
1.9775
1.9775
2.002
1.9775
1.9775
2.002
2.124
2.0264
3.7354
4.0527
4.2969
4.3457
4.3701
4.4189
4.3945
4.4434
4.3945
4.3701
4.4434
4.3945
4.3945
4.4434
4.3945
4.4434
4.3213
4.3701
4.3701
4.2969
4.1504
4.0527
3.8818
3.9307
4.0771
4.2969
4.3945
4.4189
4.3701
4.4678
4.4189
4.3701
4.4434
4.4678
4.4189
4.4678
4.4922
4.541
4.4922
4.541
4.4922
4.5166
4.4678
4.4434
4.4434
4.4678
4.4922
4.4678
4.4678
4.126
3.9063
3.6621
3.3691
3.1738
2.9541
2.832
2.6367
2.5635
2.4414
2.3682
2.3438
2.2705
2.1973
2.1484
2.3438
2.3682
2.417
2.3926
2.417
2.4414
2.417
2.4902
2.5146
2.4414
2.4902
2.4902
2.4414
2.4658
2.4902
2.4658
2.4902
2.4902
2.5146
2.5146
2.4658
2.5391
2.5391
2.5391
2.5146
2.5146
2.5146
2.5146
2.5146
2.4902
2.5146
2.5146
2.5391
2.5146
2.2461
4.248
6.0791
7.5439
8.3252
8.667
8.9355
9.1064
9.2285
9.3018
9.2285
9.1309
9.1553
9.2773
9.375
9.375
9.2773
9.3262
9.375
9.4238
9.4971
9.3994
9.3262
9.375
9.3994
9.4238
9.3018
9.2041
9.0088
8.6914
8.9355
9.1064
9.1797
9.2041
9.2773
9.4238
9.4238
9.375
9.3994
9.3506
9.4482
9.4971
9.375
9.2529
9.2041
9.2041
9.0332
9.1797
9.1553
9.2529
9.1064
9.5947
9.9854
10.083
10.107
10.254
10.376
10.376
10.303
10.229
10.278
10.327
10.303
10.205
10.132
10.278
10.352
10.4
10.254
10.278
10.376
10.498
10.449
10.327
10.303
10.376
10.449
10.229
10.205
10.034
9.7412
10.059
10.107
10.181
10.205
10.376
10.449
10.352
10.327
10.352
10.474
10.4
10.278
10.254
10.229
10.205
10.205
10.181
10.181
10.278
10.425
10.327
10.181
10.083
10.156
10.181
10.059
10.01
9.8633
9.9365
9.9365
9.8633
9.7412
9.6924
9.8145
9.9121
9.9365
9.8145
9.79
9.9121
9.9854
9.9609
9.9121
9.8389
9.8633
9.9609
9.8389
9.7656
9.7168
9.3994
9.4238
9.5947
9.668
9.7168
9.7412
9.8877
9.9121
9.9121
9.8389
9.8877
9.9609
9.9365
9.8877
9.7656
9.7656
9.6436
9.6436
9.6924
9.6924
9.7656
9.5459
8.9844
8.4473
7.9102
7.5928
7.3486
7.2266
7.0557
6.8359
6.665
6.4941
6.3232
6.2012
6.1768
6.0303
6.0059
5.957
5.8838
5.8594
5.835
5.7861
5.835
5.9082
5.957
6.0059
5.957
5.957
5.8838
5.9326
5.9326
5.9326
6.0059
6.0303
6.0547
6.0059
5.957
5.9326
5.9082
5.9082
5.8838
5.957
5.957
5.8838
5.835
5.7861
5.7373
5.4688
4.8584
4.9561
5.3223
4.7852
0.87891
-1.0254
-2.1484
-3.6865
-4.0527
-4.4434
-4.5654
-4.6143
-4.6387
-4.7363
-4.7363
-4.8828
-4.8584
-4.9561
-4.9561
-4.9316
-4.9561
-4.9316
-4.9561
-4.9316
-4.9561
-4.9805
-5.0537
-5.0537
-5.0537
-5.0537
-5.0293
-5.0049
-4.9805
-4.9805
-5.0293
-4.9805
-5.0537
-5.0537
-4.9561
-4.9561
-4.9072
-4.8584
-4.7119
-4.7119
-4.6143
-4.6387
-4.7363
-4.8584
-4.8828
-4.8828
-4.8584
-4.9072
-4.8828
-4.0771
0.24414
2.6611
4.5166
6.0791
6.9336
7.3242
7.4219
7.666
7.6172
7.6904
7.8125
7.8369
7.959
7.9102
7.8613
7.8369
7.8857
7.9346
8.0322
7.959
7.9102
7.8613
7.8857
7.8369
7.9102
7.8125
7.8125
7.7393
7.5195
7.0313
6.9824
7.4951
7.5684
7.7148
7.7393
7.8125
7.8857
7.9346
7.9346
7.9346
7.8857
7.8613
7.8613
8.0078
7.9346
7.8613
7.8125
7.7637
7.7881
7.6172
6.7627
6.2256
5.8105
5.4932
5.249
5.0293
4.9316
4.7607
4.6875
4.5166
4.4434
4.2969
4.2236
4.126
4.1016
4.0283
4.0527
4.0527
4.0039
4.0527
4.0283
4.0039
4.0527
3.9551
4.0283
3.9307
3.9307
3.9307
3.8818
3.9063
3.8818
3.9063
3.8818
3.9063
3.8818
3.9063
3.9063
3.9063
3.8818
3.8574
3.8574
3.8574
3.9063
3.9063
3.9795
4.0283
3.9795
4.0527
4.0527
4.0283
5.127
7.4463
8.1055
9.6924
10.205
10.522
10.547
10.645
10.767
10.84
10.669
10.62
10.4
10.352
10.522
10.596
10.62
10.767
10.913
10.864
10.767
10.815
10.889
10.962
10.84
10.693
10.767
10.62
10.669
10.693
10.669
10.84
10.913
10.864
10.791
10.84
10.962
10.986
10.864
10.791
10.791
10.889
10.864
10.693
10.669
10.767
10.913
10.864
10.742
10.156
3.8818
0.58594
-2.0508
-2.9053
-4.0527
-4.9072
-5.127
-5.2734
-5.3711
-5.4199
-5.5176
-5.4443
-5.3955
-5.4199
-5.2979
-5.2734
-5.2002
-5.249
-5.2979
-5.3223
-5.3955
-5.3223
-5.2979
-5.3467
-5.3711
-5.3711
-5.3955
-5.3955
-5.4688
-5.5176
-5.542
-5.4932
-5.4688
-5.4443
-5.4688
-5.4688
-5.4932
-5.542
-5.542
-5.5176
-5.542
-5.4932
-5.3955
-5.3955
-5.3467
-5.3711
-5.3467
-5.4199
-5.4199
-4.9072
-5.7617
-7.8613
-8.4473
-9.8877
-10.278
-10.449
-10.596
-10.718
-10.889
-10.913
-10.889
-10.815
-10.864
-10.962
-10.864
-10.62
-10.62
-10.718
-10.864
-10.718
-10.718
-10.815
-10.938
-10.986
-10.864
-10.84
-10.938
-11.06
-10.913
-10.742
-10.645
-10.693
-10.718
-10.693
-10.645
-10.791
-10.889
-10.864
-10.815
-10.84
-10.962
-11.035
-10.962
-10.815
-10.84
-10.913
-10.913
-10.742
-10.718
-10.767
-10.84
-10.791
-10.596
-10.571
-10.645
-10.718
-10.571
-10.522
-10.498
-10.547
-10.498
-10.278
-10.059
-10.107
-10.254
-10.205
-10.303
-10.254
-10.303
-10.474
-10.474
-10.376
-10.376
-10.474
-10.522
-10.4
-10.303
-10.107
-10.132
-10.278
-10.181
-10.156
-10.229
-10.376
-10.4
-10.376
-10.327
-10.376
-10.522
-10.522
-10.4
-10.303
-10.327
-10.376
-10.376
-10.254
-10.205
-10.303
