0
-33.691
-90.822
-191.89
-288.58
-451.17
-413.09
-388.18
-462.89
-503.9
-599.12
-602.04
-603.54
-640.14
-666.48
-681.18
-662.1
-657.72
-651.84
-640.14
-648.9
-666.48
-663.6
-670.92
-654.78
-643.08
-643.08
-656.28
-651.84
-650.4
-641.58
-637.2
-505.37
-455.57
-413.09
-382.33
-358.88
-316.4
-287.11
-247.56
-216.8
-159.67
-188.96
-165.53
-193.36
-142.09
-162.6
-92.286
-142.09
-158.2
-153.81
-147.95
-142.09
-159.67
-166.99
-183.11
-184.57
-175.78
-181.64
-187.5
-188.96
-194.83
-155.27
-117.19
-95.214
-86.424
-54.199
-2.9297
0
0
0
-1.4648
-2.9297
0
0
-1.4648
-1.4648
-1.4648
-2.9297
-2.9297
-2.9297
-1.4648
-2.9297
-1.4648
-1.4648
0
-1.4648
0
0
0
0
-7.3242
-136.23
-73.242
-139.16
-222.65
-273.92
-297.37
-358.88
-416.02
-420.41
-410.15
-445.31
-452.63
-467.29
-459.96
-471.68
-457.03
-452.63
-473.14
-467.29
-459.96
-436.52
-439.45
-459.96
-465.82
-433.6
-452.63
-451.17
-452.63
-423.34
-391.12
0
24.902
209.47
317.87
281.25
82.032
228.52
316.4
350.1
312.01
331.06
369.14
373.54
376.46
375
394.04
395.51
399.9
389.65
385.25
386.72
391.12
398.44
427.73
437.99
423.34
430.66
416.02
395.51
372.07
20.508
-172.85
-172.85
-216.8
-193.36
-287.11
-329.59
-285.64
-386.72
-423.34
-468.75
-468.75
-546.38
-527.35
-546.38
-521.48
-555.17
-565.43
-569.83
-574.22
-581.54
-580.08
-549.32
-553.71
-563.96
-571.29
-530.27
-549.32
-534.67
-522.95
-534.67
-550.78
-571.29
-604.98
-624
-621.12
-624
-603.54
-602.04
-602.04
-618.18
-607.92
-590.33
-584.47
-574.22
-583.01
-572.75
-607.92
-604.98
-593.26
-606.42
-591.8
-587.4
-597.65
-604.98
-609.36
-603.54
-610.86
-593.26
-553.71
-518.56
-618.18
-667.98
-688.5
-720.72
-720.72
-773.46
-783.72
-811.5
-792.48
-813
-807.12
-824.7
-839.34
-799.8
-783.72
-810.06
-805.68
-830.58
-829.08
-832.02
-842.28
-842.28
-834.96
-818.82
-789.54
-786.6
-805.68
-834.96
-783.72
-751.44
-893.58
-1029.8
-1054.7
-1013.7
-1038.6
-1091.3
-1097.2
-1125
-1164.5
-1120.6
-1180.7
-1177.7
-1138.2
-1170.4
-1185.1
-1174.8
-1168.9
-1171.9
-1173.4
-1188
-1185.1
-1180.7
-1180.7
-1171.9
-1167.5
-1192.4
-1164.5
-1148.5
-1155.8
-858.42
-621.12
-509.77
-427.73
-379.39
-353.03
-370.61
-342.77
-313.48
-295.9
-282.71
-229.98
-191.89
-186.04
-143.56
-169.92
-124.51
-156.74
-133.3
-146.48
-133.3
-124.51
-146.48
-130.37
-156.74
-145.02
-130.37
-149.41
-146.48
-153.81
-109.87
-65.916
-60.06
-58.594
-41.015
-26.367
-7.3242
-1.4648
0
0
-2.9297
-2.9297
0
0
0
0
0
0
0
0
0
0
0
0
0
0
0
0
0
-7.3242
-168.46
-328.13
-405.76
-632.82
-610.86
-568.36
-761.7
-824.7
-802.74
-786.6
-842.28
-902.34
-873.06
-868.68
-881.82
-899.4
-867.18
-902.34
-937.5
-938.94
-916.98
-922.86
-902.34
-889.14
-890.64
-918.48
-914.04
-919.92
-902.34
-930.18
-924.3
-853.98
-807.12
-776.34
-757.32
-713.4
-679.68
-660.66
-653.34
-643.08
-646.02
-654.78
-628.44
-615.24
-643.08
-625.5
-632.82
-606.42
-606.42
-615.24
-602.04
-637.2
-643.08
-618.18
-616.68
-647.46
-635.76
-640.14
-634.26
-646.02
-531.74
-443.85
-421.88
-398.44
-373.54
-353.03
-326.66
-268.07
-203.62
-229.98
-200.68
-219.73
-199.22
-181.64
-203.62
-171.38
-183.11
-147.95
-183.11
-140.63
-200.68
-161.13
-184.57
-150.88
-188.96
-152.35
-208.01
-165.53
-175.78
-137.69
87.888
203.62
408.69
484.87
565.43
345.7
440.92
568.36
641.58
593.26
628.44
638.7
678.24
679.68
670.92
675.3
682.62
704.58
682.62
687
694.32
707.52
708.96
704.58
711.9
700.2
685.56
687
711.9
701.64
660.66
813
927.24
1016.6
985.86
1000.5
1062
1079.6
1062
1116.2
1135.3
1138.2
1145.5
1149.9
1144
1122.1
1129.4
1139.6
1170.4
1155.8
1166
1182.1
1170.4
1147
1132.3
1136.7
1142.6
1148.5
1167.5
1179.2
1192.4
1189.4
1161.6
1148.5
1142.6
1139.6
1147
1158.7
1160.2
1135.3
1127.9
1127.9
1154.3
1155.8
1149.9
1148.5
1166
1164.5
1167.5
1149.9
1160.2
1170.4
1158.7
1151.3
1160.2
1158.7
1167.5
1147
1138.2
1142.6
631.32
120.12
-134.77
-250.49
-210.94
-370.61
-517.09
-584.47
-290.04
-279.79
-490.72
-656.28
-634.26
-697.26
-706.08
-643.08
-448.24
-615.24
-716.28
-728.04
-708.96
-640.14
-678.24
-716.28
-682.62
-717.78
-738.3
-760.26
-748.56
-713.4
-184.57
227.05
446.78
556.64
728.04
808.62
751.44
845.22
960.96
1057.6
919.92
606.42
750
947.76
1063.5
1120.6
1069.3
883.32
958.02
1057.6
1100.1
1086.9
1091.3
1104.5
1132.3
1141.1
1125
1110.4
1120.6
1145.5
853.98
546.38
396.97
273.92
224.12
273.92
210.94
149.41
120.12
104
64.452
23.438
38.086
51.269
70.314
60.06
11.719
0
4.3945
4.3945
2.9297
0
0
0
0
0
0
0
0
0
206.54
366.21
578.62
750
846.66
859.86
706.08
764.64
862.8
955.08
952.14
968.28
988.74
974.1
978.54
996.12
1003.4
997.56
1012.2
1010.8
1029.8
1041.5
1025.4
1019.5
1021
1013.7
1034.2
1026.8
1006.3
657.72
287.11
128.9
-14.648
-10.254
-52.735
-79.104
-11.719
-20.508
-73.242
-177.25
-208.01
-143.56
-186.04
-218.26
-238.77
-228.52
-229.98
-219.73
-203.62
-221.19
-205.08
-218.26
-208.01
-187.5
-225.59
-194.83
-215.33
-210.94
-209.47
-212.4
-153.81
-137.69
-130.37
-111.33
-65.916
-39.551
-26.367
-20.508
-23.438
-19.043
-8.7888
-10.254
-10.254
-7.3242
-5.8594
-2.9297
-2.9297
-1.4648
-1.4648
0
0
0
0
0
0
0
0
0
0
-8.7888
-95.214
-95.214
-123.05
-142.09
-250.49
-319.34
-307.62
-304.69
-300.29
-314.94
-316.4
-312.01
-310.55
-295.9
-312.01
-304.69
-301.76
-295.9
-279.79
-272.46
-304.69
-322.27
-326.66
-328.13
-320.8
-335.45
-344.24
-350.1
-351.56
-350.1
-323.73
-326.66
-328.13
-345.7
-345.7
-341.31
-358.88
-350.1
-353.03
-357.42
-344.24
-331.06
-332.52
-317.87
-291.5
-300.29
-331.06
-344.24
-344.24
-332.52
-341.31
-348.63
-322.27
-336.91
-361.82
-355.96
-339.85
-342.77
-348.63
-351.56
-309.08
-298.83
-287.11
-263.67
-235.84
-206.54
-177.25
-194.83
-161.13
-181.64
-159.67
-180.17
-150.88
-166.99
-137.69
-136.23
-164.06
-134.77
-165.53
-130.37
-150.88
-115.72
-123.05
-158.2
-121.58
-162.6
-112.79
-168.46
-130.37
13.184
120.12
205.08
298.83
369.14
326.66
394.04
479
500.98
512.69
584.47
585.94
599.12
609.36
596.19
593.26
610.86
631.32
621.12
612.3
621.12
632.82
628.44
624
618.18
591.8
616.68
622.56
626.94
602.04
294.43
-105.47
-388.18
-585.94
-769.02
-518.56
-606.42
-808.62
-867.18
-955.08
-977.04
-750
-692.88
-877.44
-949.2
-962.4
-981.42
-900.9
-903.78
-971.22
-1016.6
-1029.8
-1057.6
-1063.5
-997.56
-962.4
-999
-981.42
-982.92
-978.54
-871.56
-522.95
-298.83
-165.53
-89.358
-95.214
-80.568
-41.015
-21.973
-14.648
-1.4648
7.3242
5.8594
7.3242
2.9297
0
0
0
0
0
0
0
0
0
0
0
0
0
0
0
92.286
194.83
263.67
396.97
572.75
534.67
528.81
615.24
646.02
673.8
694.32
689.94
691.38
729.48
742.68
725.1
730.98
723.66
751.44
771.96
760.26
747.06
758.76
747.06
726.54
719.22
733.86
739.74
726.54
710.46
739.74
720.72
684.06
648.9
656.28
640.14
631.32
599.12
593.26
604.98
600.6
585.94
596.19
600.6
584.47
577.15
580.08
578.62
604.98
593.26
603.54
615.24
609.36
590.33
585.94
575.68
581.54
604.98
596.19
587.4
590.33
563.96
550.78
574.22
546.38
577.15
580.08
587.4
583.01
544.92
562.5
537.6
561.04
583.01
553.71
566.89
546.38
565.43
552.25
541.99
571.29
556.64
577.15
568.36
580.08
568.36
555.17
572.75
541.99
561.04
446.78
320.8
208.01
161.13
150.88
143.56
89.358
43.945
7.3242
0
0
0
0
0
0
0
0
0
0
0
0
0
0
0
0
0
0
0
0
0
61.524
128.9
183.11
336.91
405.76
470.21
470.21
520.02
561.04
593.26
591.8
628.44
629.88
624
603.54
632.82
647.46
637.2
624
631.32
610.86
613.74
622.56
631.32
621.12
622.56
626.94
641.58
591.8
603.54
459.96
181.64
61.524
23.438
0
10.254
-32.227
-70.314
-20.508
-19.043
-95.214
-93.75
-79.104
-60.06
-96.678
-87.888
-89.358
-55.664
-98.142
-98.142
-99.612
-79.104
-99.612
-95.214
-90.822
-73.242
-92.286
-92.286
-73.242
-67.38
-71.778
-93.75
-58.594
-127.44
-124.51
-84.96
-150.88
-133.3
-136.23
-155.27
-133.3
-150.88
-104
-136.23
-153.81
-111.33
-137.69
-136.23
-139.16
-143.56
-70.314
-137.69
-140.63
-101.08
-124.51
-84.96
-121.58
-131.84
-82.032
-134.77
-67.38
19.043
29.297
130.37
102.54
206.54
206.54
253.42
250.49
246.1
259.28
278.32
290.04
269.53
275.39
272.46
282.71
272.46
251.95
259.28
262.21
279.79
256.35
260.74
269.53
285.64
266.6
250.49
269.53
271
158.2
71.778
21.973
-2.9297
-5.8594
-21.973
-46.875
-70.314
-77.634
-76.17
-68.85
-62.988
-61.524
-60.06
-64.452
-80.568
-80.568
-74.706
-70.314
-60.06
-68.85
-74.706
-70.314
-70.314
-62.988
-73.242
-67.38
-61.524
-67.38
-46.875
-111.33
-288.58
-326.66
-575.68
-701.64
-634.26
-626.94
-779.28
-839.34
-789.54
-837.9
-870.12
-915.54
-886.26
-892.08
-911.16
-906.72
-896.46
-902.34
-874.5
-892.08
-912.6
-921.36
-892.08
-909.66
-873.06
-858.42
-924.3
-936.06
-905.28
-701.64
-114.26
136.23
256.35
399.9
375
505.37
508.3
386.72
486.33
615.24
662.1
565.43
418.94
575.68
665.04
666.48
638.7
670.92
701.64
738.3
729.48
716.28
735.36
716.28
732.42
711.9
717.78
751.44
750
670.92
742.68
813
959.46
1037.1
1034.2
1050.3
1097.2
1113.3
1130.9
1148.5
1168.9
1189.4
1180.7
1179.2
1192.4
1193.8
1180.7
1177.7
1183.6
1198.3
1212.9
1190.9
1186.5
1196.8
1204.1
1179.2
1166
1180.7
1173.4
981.42
360.35
-128.9
-386.72
-587.4
-408.69
-500.98
-751.44
-881.82
-861.3
-892.08
-484.87
-490.72
-732.42
-881.82
-1003.4
-1026.8
-1034.2
-981.42
-985.86
-754.38
-725.1
-915.54
-994.62
-1019.5
-1013.7
-1007.8
-1051.7
-1026.8
-853.98
-786.6
-262.21
54.199
202.15
295.9
112.79
150.88
341.31
432.13
528.81
304.69
218.26
355.96
490.72
543.46
591.8
568.36
432.13
437.99
543.46
569.83
566.89
493.65
534.67
530.27
571.29
546.38
565.43
533.2
537.6
566.89
540.53
515.63
477.54
451.17
429.2
408.69
360.35
341.31
345.7
344.24
333.98
333.98
328.13
328.13
325.19
325.19
317.87
313.48
307.62
297.37
310.55
328.13
348.63
350.1
358.88
353.03
360.35
350.1
338.38
354.49
407.23
499.51
676.74
799.8
811.5
732.42
837.9
895.02
928.74
930.18
953.64
963.84
950.7
953.64
969.72
981.42
981.42
996.12
990.24
996.12
985.86
968.28
959.46
956.52
963.84
978.54
974.1
949.2
965.34
849.6
215.33
-181.64
-533.2
-751.44
-728.04
-621.12
-769.02
-896.46
-981.42
-783.72
-821.76
-950.7
-826.2
-773.46
-931.62
-905.28
-884.76
-909.66
-1000.5
-1045.9
-985.86
-1048.8
-1072.3
-1089.8
-1085.5
-1076.6
-1100.1
-1108.9
-1060.6
-1070.8
-1072.3
-1021
-959.46
-919.92
-916.98
-921.36
-918.48
-911.16
-893.58
-895.02
-892.08
-877.44
-858.42
-815.94
-829.08
-855.48
-833.52
-842.28
-870.12
-851.1
-824.7
-846.66
-873.06
-861.3
-839.34
-826.2
-829.08
-827.64
-851.1
-824.7
-544.92
-354.49
-243.16
-178.71
-137.69
-166.99
-164.06
-124.51
-106.93
-84.96
-21.973
-7.3242
-10.254
-1.4648
0
0
0
0
0
0
0
0
0
0
0
0
0
0
0
2.9297
79.104
62.988
71.778
104
108.4
111.33
112.79
131.84
146.48
101.08
136.23
155.27
140.63
128.9
137.69
158.2
164.06
133.3
159.67
164.06
150.88
145.02
169.92
155.27
109.87
158.2
150.88
155.27
147.95
150.88
177.25
178.71
254.88
288.58
342.77
366.21
391.12
398.44
396.97
399.9
401.37
416.02
437.99
430.66
413.09
402.83
388.18
369.14
392.58
411.62
416.02
399.9
399.9
395.51
375
373.54
405.76
407.23
399.9
396.97
495.12
673.8
864.24
996.12
950.7
936.06
962.4
1054.7
1056.2
1089.8
1132.3
1136.7
1149.9
1147
1149.9
1154.3
1164.5
1163.1
1167.5
1183.6
1212.9
1196.8
1205.6
1217.3
1201.2
1182.1
1183.6
1195.3
1198.3
1164.5
848.16
539.06
316.4
180.17
171.38
128.9
61.524
27.832
13.184
21.973
35.156
21.973
13.184
4.3945
0
0
0
0
0
0
-1.4648
0
0
0
0
0
0
0
0
0
0
0
0
0
0
0
0
0
0
0
0
0
0
0
0
0
0
0
0
0
0
0
0
0
0
0
0
0
0
0
-205.08
-543.46
-716.28
-979.98
-870.12
-807.12
-916.98
-1015.1
-966.78
-965.34
-1051.7
-1135.3
-1089.8
-1066.4
-1136.7
-1168.9
-1152.8
-1171.9
-1189.4
-1218.8
-1202.6
-1176.2
-1155.8
-1163.1
-1149.9
-1126.4
-1171.9
-1173.4
-1148.5
-1149.9
-575.68
-109.87
99.612
266.6
477.54
452.63
243.16
329.59
502.44
558.11
631.32
541.99
251.95
376.46
515.63
632.82
666.48
687
585.94
594.73
640.14
665.04
653.34
597.65
637.2
651.84
650.4
660.66
667.98
656.28
256.35
43.945
-93.75
-164.06
-212.4
-32.227
-118.65
-243.16
-256.35
-310.55
-269.53
-276.86
-347.17
-320.8
-307.62
-347.17
-361.82
-358.88
-366.21
-372.07
-375
-372.07
-354.49
-350.1
-366.21
-350.1
-331.06
-354.49
-377.93
-363.28
-95.214
120.12
123.05
194.83
83.496
247.56
285.64
272.46
331.06
347.17
358.88
364.75
373.54
358.88
347.17
354.49
357.42
366.21
373.54
372.07
401.37
383.79
379.39
392.58
399.9
388.18
369.14
383.79
388.18
383.79
55.664
-137.69
-127.44
-325.19
-235.84
-249.02
-380.86
-486.33
-508.3
-416.02
-404.3
-536.13
-515.63
-530.27
-531.74
-571.29
-540.53
-566.89
-580.08
-550.78
-581.54
-563.96
-594.73
-609.36
-606.42
-590.33
-585.94
-561.04
-571.29
-585.94
-208.01
7.3242
89.358
229.98
99.612
186.04
312.01
339.85
225.59
284.18
348.63
351.56
363.28
389.65
401.37
411.62
394.04
408.69
414.55
426.27
417.48
416.02
417.48
420.41
429.2
417.48
373.54
394.04
391.12
382.33
382.33
350.1
350.1
339.85
331.06
336.91
323.73
325.19
319.34
320.8
314.94
316.4
331.06
323.73
317.87
316.4
312.01
310.55
325.19
322.27
322.27
317.87
319.34
314.94
322.27
326.66
317.87
317.87
317.87
306.15
323.73
336.91
345.7
341.31
357.42
369.14
380.86
369.14
364.75
363.28
353.03
376.46
376.46
380.86
369.14
375
379.39
370.61
370.61
377.93
373.54
361.82
361.82
347.17
333.98
339.85
341.31
344.24
326.66
338.38
361.82
331.06
303.22
294.43
240.23
241.7
243.16
251.95
225.59
231.44
256.35
243.16
232.91
265.13
246.1
244.63
251.95
256.35
262.21
265.13
269.53
266.6
275.39
263.67
259.28
221.19
243.16
246.1
229.98
265.13
216.8
212.4
210.94
181.64
218.26
162.6
203.62
178.71
194.83
187.5
184.57
215.33
183.11
208.01
175.78
206.54
161.13
186.04
152.35
183.11
168.46
187.5
196.29
166.99
190.43
165.53
213.87
177.25
210.94
-21.973
-291.5
-489.26
-757.32
-884.76
-732.42
-750
-947.76
-988.74
-924.3
-925.8
-1032.7
-1082.5
-1073.8
-1084
-1091.3
-1091.3
-1064.9
-1079.6
-1116.2
-1082.5
-1078.1
-1133.8
-1151.3
-1138.2
-1116.2
-1122.1
-1135.3
-1129.4
-1129.4
-958.02
-742.68
-615.24
-527.35
-492.19
-464.36
-426.27
-391.12
-360.35
-328.13
-282.71
-256.35
-249.02
-238.77
-227.05
-224.12
-199.22
-184.57
-184.57
-181.64
-181.64
-199.22
-156.74
-181.64
-130.37
-183.11
-156.74
-190.43
-128.9
-181.64
60.06
193.36
335.45
505.37
722.16
681.18
572.75
659.16
766.14
745.62
741.24
807.12
833.52
853.98
887.7
897.96
905.28
895.02
884.76
864.24
878.88
906.72
886.26
908.22
909.66
903.78
908.22
905.28
878.88
859.86
729.48
436.52
262.21
178.71
193.36
149.41
74.706
54.199
43.945
5.8594
-5.8594
-2.9297
0
0
0
0
0
0
0
0
0
0
0
0
0
0
0
0
0
0
79.104
279.79
363.28
525.88
641.58
588.87
578.62
726.54
783.72
791.04
818.82
833.52
814.44
853.98
878.88
883.32
871.56
868.68
905.28
899.4
919.92
915.54
886.26
871.56
909.66
918.48
897.96
893.58
880.38
897.96
587.4
229.98
-2.9297
-93.75
-79.104
-111.33
-102.54
-38.086
-153.81
-238.77
-203.62
-268.07
-313.48
-307.62
-310.55
-329.59
-344.24
-363.28
-377.93
-373.54
-373.54
-366.21
-351.56
-354.49
-353.03
-333.98
-332.52
-332.52
-332.52
-320.8
-336.91
-379.39
-534.67
-682.62
-757.32
-771.96
-793.92
-889.14
-922.86
-915.54
-944.82
-982.92
-952.14
-958.02
-993.18
-1013.7
-987.3
-968.28
-988.74
-990.24
-946.26
-981.42
-972.66
-972.66
-1006.3
-1021
-984.36
-984.36
-1006.3
-996.12
-697.26
-292.97
-35.156
60.06
130.37
130.37
101.08
20.508
76.17
106.93
92.286
123.05
153.81
208.01
206.54
191.89
221.19
188.96
216.8
216.8
227.05
238.77
216.8
194.83
215.33
190.43
234.38
209.47
206.54
227.05
174.32
235.84
341.31
442.38
506.84
534.67
574.22
616.68
590.33
607.92
625.5
594.73
622.56
646.02
643.08
635.76
626.94
621.12
619.62
650.4
675.3
644.52
667.98
648.9
673.8
659.16
637.2
640.14
653.34
665.04
650.4
616.68
609.36
607.92
597.65
599.12
609.36
613.74
635.76
625.5
603.54
571.29
596.19
575.68
580.08
590.33
580.08
590.33
583.01
587.4
597.65
585.94
593.26
613.74
632.82
606.42
599.12
609.36
603.54
585.94
588.87
552.25
512.69
483.4
457.03
416.02
401.37
399.9
382.33
376.46
382.33
375
370.61
358.88
354.49
354.49
339.85
329.59
326.66
328.13
335.45
328.13
314.94
323.73
351.56
363.28
372.07
377.93
350.1
335.45
149.41
-29.297
-197.75
-314.94
-273.92
-285.64
-520.02
-536.13
-520.02
-398.44
-517.09
-599.12
-604.98
-606.42
-637.2
-644.52
-626.94
-638.7
-610.86
-622.56
-635.76
-632.82
-634.26
-609.36
-610.86
-629.88
-638.7
-650.4
-663.6
-681.18
-486.33
-114.26
-58.594
61.524
108.4
60.06
4.3945
36.621
109.87
125.98
118.65
125.98
125.98
123.05
139.16
133.3
102.54
136.23
143.56
112.79
127.44
111.33
109.87
117.19
104
71.778
104
101.08
83.496
96.678
4.3945
-215.33
-351.56
-539.06
-624
-530.27
-541.99
-692.88
-708.96
-689.94
-776.34
-815.94
-750
-733.86
-796.86
-842.28
-836.4
-833.52
-851.1
-871.56
-845.22
-833.52
-837.9
-826.2
-802.74
-821.76
-832.02
-852.54
-817.38
-804.18
-613.74
-43.945
98.142
314.94
462.89
316.4
216.8
436.52
496.58
613.74
383.79
398.44
555.17
626.94
606.42
581.54
594.73
635.76
670.92
703.14
698.76
695.82
700.2
714.84
692.88
657.72
670.92
703.14
688.5
656.28
640.14
562.5
528.81
499.51
459.96
436.52
413.09
379.39
351.56
323.73
316.4
309.08
294.43
276.86
272.46
275.39
288.58
272.46
247.56
259.28
266.6
287.11
254.88
253.42
265.13
291.5
268.07
260.74
246.1
269.53
156.74
62.988
21.973
7.3242
-4.3945
-17.578
-21.973
-14.648
-23.438
-27.832
-27.832
-8.7888
-8.7888
-2.9297
-2.9297
0
0
0
0
-2.9297
0
-1.4648
0
-1.4648
-1.4648
-2.9297
-2.9297
-1.4648
-2.9297
-1.4648
62.988
259.28
336.91
484.87
667.98
754.38
619.62
640.14
722.16
777.84
782.22
795.42
836.4
868.68
867.18
843.78
871.56
871.56
900.9
924.3
928.74
911.16
902.34
927.24
916.98
899.4
876
886.26
892.08
919.92
783.72
385.25
109.87
20.508
-93.75
-65.916
7.3242
0
-95.214
-162.6
-134.77
-149.41
-101.08
-109.87
-145.02
-101.08
-142.09
-155.27
-130.37
-142.09
-104
-125.98
-133.3
-74.706
-124.51
-127.44
-96.678
-115.72
-106.93
-45.41
-142.09
-263.67
-322.27
-533.2
-578.62
-569.83
-650.4
-774.9
-810.06
-836.4
-881.82
-890.64
-830.58
-877.44
-903.78
-886.26
-862.8
-877.44
-890.64
-833.52
-873.06
-895.02
-896.46
-899.4
-859.86
-858.42
-859.86
-895.02
-892.08
-887.7
-795.42
-420.41
-114.26
-130.37
-14.648
0
2.9297
0
0
10.254
19.043
29.297
33.691
21.973
14.648
11.719
4.3945
1.4648
1.4648
0
0
0
0
0
0
0
0
0
0
0
42.481
190.43
395.51
577.15
626.94
656.28
588.87
637.2
698.76
694.32
744.12
793.92
821.76
791.04
810.06
795.42
808.62
826.2
842.28
830.58
810.06
788.1
801.24
817.38
829.08
862.8
853.98
832.02
830.58
834.96
783.72
525.88
373.54
341.31
268.07
246.1
210.94
164.06
137.69
111.33
58.594
16.113
1.4648
1.4648
1.4648
0
0
0
0
0
0
0
0
0
0
0
0
0
0
0
11.719
225.59
347.17
546.38
553.71
616.68
691.38
726.54
795.42
810.06
777.84
855.48
883.32
889.14
897.96
884.76
911.16
914.04
922.86
906.72
928.74
943.38
941.88
936.06
940.44
947.76
928.74
943.38
955.08
936.06
845.22
358.88
13.184
-41.015
-208.01
-250.49
-127.44
-54.199
-254.88
-366.21
-395.51
-358.88
-295.9
-156.74
-314.94
-414.55
-416.02
-396.97
-391.12
-413.09
-404.3
-395.51
-396.97
-405.76
-411.62
-410.15
-442.38
-435.06
-416.02
-388.18
-361.82
101.08
310.55
522.95
758.76
656.28
436.52
629.88
758.76
870.12
646.02
624
786.6
881.82
969.72
993.18
837.9
834.96
922.86
952.14
965.34
947.76
922.86
941.88
972.66
966.78
991.68
996.12
991.68
975.6
931.62
484.87
208.01
49.805
-49.805
-86.424
2.9297
-35.156
-1.4648
-65.916
-102.54
-33.691
-175.78
-128.9
-184.57
-165.53
-197.75
-153.81
-188.96
-199.22
-188.96
-161.13
-186.04
-147.95
-181.64
-168.46
-202.15
-187.5
-209.47
-175.78
-209.47
-190.43
-152.35
-142.09
-143.56
-121.58
-143.56
-134.77
-98.142
-106.93
-124.51
-114.26
-124.51
-114.26
-112.79
-130.37
-124.51
-96.678
-104
-124.51
-124.51
-120.12
-108.4
-73.242
-112.79
-127.44
-87.888
-70.314
-90.822
-106.93
-68.85
-180.17
-197.75
-335.45
-440.92
-440.92
-525.88
-599.12
-638.7
-653.34
-700.2
-681.18
-687
-706.08
-719.22
-692.88
-697.26
-697.26
-692.88
-687
-653.34
-656.28
-654.78
-681.18
-697.26
-697.26
-692.88
-687
-685.56
-682.62
-650.4
-76.17
89.358
313.48
546.38
514.16
553.71
637.2
675.3
689.94
489.26
537.6
593.26
654.78
701.64
694.32
707.52
692.88
701.64
730.98
733.86
751.44
763.2
771.96
766.14
752.94
763.2
774.9
776.34
741.24
676.74
193.36
-38.086
-210.94
-298.83
-347.17
-416.02
-382.33
-266.6
-285.64
-420.41
-584.47
-550.78
-474.61
-479
-574.22
-581.54
-565.43
-588.87
-594.73
-585.94
-588.87
-583.01
-578.62
-615.24
-603.54
-609.36
-593.26
-578.62
-591.8
-569.83
-212.4
-7.3242
71.778
133.3
101.08
35.156
48.34
118.65
150.88
215.33
193.36
213.87
216.8
210.94
238.77
209.47
218.26
238.77
212.4
210.94
238.77
210.94
222.65
241.7
188.96
231.44
202.15
199.22
229.98
202.15
234.38
344.24
461.42
575.68
563.96
575.68
665.04
691.38
722.16
733.86
752.94
788.1
788.1
760.26
742.68
761.7
776.34
785.16
785.16
786.6
777.84
774.9
780.78
799.8
788.1
786.6
773.46
754.38
771.96
769.02
689.94
590.33
544.92
520.02
495.12
476.08
439.45
408.69
375
339.85
338.38
342.77
341.31
336.91
335.45
309.08
301.76
297.37
294.43
297.37
292.97
317.87
301.76
300.29
287.11
282.71
285.64
303.22
304.69
257.81
-38.086
-402.83
-577.15
-836.4
-858.42
-769.02
-871.56
-911.16
-792.48
-871.56
-965.34
-1066.4
-1110.4
-1133.8
-1056.2
-1076.6
-1151.3
-1117.7
-1069.3
-1098.7
-1120.6
-1101.5
-1151.3
-1167.5
-1141.1
-1120.6
-1132.3
-1149.9
-1155.8
-1158.7
-914.04
-578.62
-382.33
-231.44
-117.19
-101.08
-136.23
-134.77
-76.17
-30.762
-13.184
-7.3242
1.4648
5.8594
0
-1.4648
0
0
0
0
0
0
0
0
0
0
0
0
0
1.4648
38.086
123.05
171.38
288.58
298.83
369.14
380.86
399.9
423.34
421.88
437.99
452.63
465.82
461.42
458.5
451.17
446.78
462.89
473.14
473.14
464.36
468.75
470.21
442.38
449.71
455.57
443.85
461.42
446.78
473.14
188.96
35.156
-11.719
-43.945
-48.34
-82.032
-130.37
-74.706
-153.81
-115.72
-147.95
-166.99
-168.46
-142.09
-145.02
-181.64
-142.09
-165.53
-161.13
-181.64
-156.74
-175.78
-162.6
-152.35
-183.11
-161.13
-171.38
-143.56
-183.11
-114.26
-147.95
-128.9
-96.678
-70.314
-61.524
-55.664
-41.015
-19.043
-19.043
-19.043
-29.297
-33.691
-38.086
-29.297
-10.254
-10.254
-10.254
-17.578
-27.832
-13.184
-11.719
-29.297
-2.9297
0
0
0
0
0
0
0
-188.96
-440.92
-597.65
-827.64
-968.28
-846.66
-912.6
-1007.8
-1023.9
-994.62
-1056.2
-1114.7
-1126.4
-1135.3
-1157.2
-1144
-1129.4
-1176.2
-1182.1
-1189.4
-1190.9
-1186.5
-1177.7
-1204.1
-1166
-1145.5
-1132.3
-1190.9
-1227.5
-994.62
-619.62
-372.07
-202.15
-109.87
-106.93
-99.612
-67.38
-32.227
-14.648
-1.4648
0
0
0
0
0
0
1.4648
0
0
0
0
0
0
0
0
0
0
0
0
158.2
476.08
647.46
878.88
908.22
886.26
873.06
859.86
897.96
944.82
958.02
1012.2
1031.3
1062
1091.3
1107.4
1119.1
1120.6
1152.8
1139.6
1141.1
1138.2
1135.3
1133.8
1147
1148.5
1139.6
1125
1119.1
1119.1
927.24
691.38
590.33
471.68
417.48
410.15
363.28
328.13
314.94
290.04
218.26
187.5
184.57
180.17
178.71
140.63
131.84
117.19
96.678
130.37
123.05
86.424
115.72
118.65
86.424
114.26
112.79
79.104
115.72
115.72
92.286
228.52
350.1
483.4
528.81
534.67
559.57
606.42
660.66
691.38
697.26
706.08
710.46
708.96
713.4
707.52
704.58
708.96
720.72
730.98
729.48
723.66
716.28
728.04
729.48
732.42
741.24
736.8
733.86
733.86
401.37
111.33
-137.69
-174.32
-120.12
-99.612
-112.79
-320.8
-234.38
-153.81
-200.68
-314.94
-344.24
-363.28
-385.25
-360.35
-366.21
-402.83
-430.66
-446.78
-439.45
-446.78
-435.06
-454.1
-465.82
-454.1
-442.38
-439.45
-429.2
-416.02
-347.17
-413.09
-404.3
-493.65
-489.26
-524.41
-512.69
-544.92
-550.78
-578.62
-580.08
-599.12
-604.98
-622.56
-618.18
-585.94
-559.57
-600.6
-583.01
-550.78
-561.04
-566.89
-587.4
-544.92
-566.89
-585.94
-603.54
-602.04
-602.04
-604.98
-558.11
-487.79
-455.57
-433.6
-420.41
-379.39
-336.91
-316.4
-307.62
-295.9
-275.39
-284.18
-259.28
-275.39
-265.13
-271
-266.6
-232.91
-241.7
-251.95
-266.6
-235.84
-243.16
-259.28
-254.88
-250.49
-257.81
-271
-260.74
-263.67
-304.69
-437.99
-615.24
-782.22
-852.54
-728.04
-867.18
-955.08
-988.74
-977.04
-1048.8
-1110.4
-1073.8
-1018.1
-1103
-1155.8
-1147
-1129.4
-1151.3
-1154.3
-1144
-1120.6
-1101.5
-1136.7
-1170.4
-1177.7
-1179.2
-1160.2
-1174.8
-1152.8
-906.72
-443.85
-172.85
-70.314
16.113
19.043
-1.4648
46.875
105.47
112.79
32.227
30.762
87.888
108.4
99.612
87.888
98.142
84.96
120.12
108.4
86.424
112.79
118.65
90.822
83.496
120.12
128.9
95.214
99.612
102.54
39.551
-21.973
-102.54
-159.67
-158.2
-229.98
-333.98
-322.27
-401.37
-405.76
-405.76
-436.52
-448.24
-436.52
-449.71
-455.57
-440.92
-471.68
-471.68
-442.38
-457.03
-462.89
-462.89
-458.5
-459.96
-479
-451.17
-464.36
-471.68
-452.63
-382.33
-446.78
-569.83
-665.04
-682.62
-815.94
-842.28
-892.08
-941.88
-947.76
-962.4
-950.7
-972.66
-984.36
-1019.5
-1012.2
-1029.8
-1028.3
-978.54
-985.86
-1003.4
-999
-1037.1
-1048.8
-1026.8
-1041.5
-1056.2
-1031.3
-1013.7
-1045.9
-978.54
-641.58
-380.86
-205.08
-96.678
-86.424
-104
-64.452
-30.762
-14.648
-4.3945
0
1.4648
0
0
0
0
0
0
0
0
0
0
0
0
0
0
0
0
0
20.508
48.34
188.96
161.13
287.11
360.35
377.93
402.83
439.45
436.52
435.06
455.57
449.71
468.75
474.61
471.68
480.47
495.12
493.65
479
462.89
464.36
449.71
477.54
468.75
474.61
476.08
492.19
492.19
484.87
427.73
427.73
562.5
600.6
651.84
670.92
692.88
723.66
723.66
738.3
757.32
748.56
779.28
801.24
788.1
758.76
764.64
780.78
771.96
761.7
776.34
764.64
766.14
773.46
801.24
796.86
767.58
755.88
774.9
760.26
644.52
316.4
115.72
52.735
13.184
8.7888
-51.269
-82.032
-84.96
-52.735
-14.648
-52.735
-51.269
-64.452
-73.242
-58.594
0
-24.902
-49.805
-49.805
-57.129
-61.524
-64.452
-24.902
-54.199
-55.664
-55.664
-49.805
-49.805
-45.41
29.297
279.79
470.21
720.72
915.54
1003.4
843.78
865.74
1004.9
1113.3
1103
996.12
1050.3
1127.9
1152.8
1145.5
1174.8
1185.1
1173.4
1166
1180.7
1190.9
1192.4
1207
1217.3
1223.2
1224.6
1205.6
1210
1223.2
1111.8
666.48
347.17
123.05
29.297
45.41
2.9297
-36.621
-82.032
-71.778
10.254
-10.254
-57.129
-62.988
-74.706
-87.888
-76.17
-105.47
-90.822
-76.17
-64.452
-84.96
-90.822
-93.75
-65.916
-89.358
-83.496
-86.424
-43.945
-86.424
-80.568
-104
-180.17
-216.8
-222.65
-271
-314.94
-411.62
-426.27
-421.88
-433.6
-465.82
-492.19
-503.9
-492.19
-495.12
-503.9
-503.9
-498.05
-489.26
-496.58
-486.33
-462.89
-473.14
-459.96
-454.1
-467.29
-477.54
-467.29
-481.93
-451.17
-445.31
-427.73
-407.23
-379.39
-329.59
-328.13
-295.9
-298.83
-279.79
-287.11
-278.32
-265.13
-240.23
-244.63
-254.88
-260.74
-244.63
-268.07
-235.84
-222.65
-250.49
-235.84
-235.84
-210.94
-262.21
-254.88
-272.46
-285.64
-282.71
-285.64
-262.21
-235.84
-209.47
-172.85
-161.13
-133.3
-112.79
-140.63
-95.214
-77.634
-112.79
-115.72
-104
-114.26
-111.33
-98.142
-134.77
-108.4
-71.778
-128.9
-133.3
-84.96
-120.12
-123.05
-99.612
-128.9
-124.51
-73.242
-123.05
-123.05
-62.988
-23.438
-4.3945
0
1.4648
1.4648
0
0
0
0
0
0
0
0
0
0
0
0
0
0
0
0
0
0
0
0
0
0
0
-4.3945
-203.62
-473.14
-618.18
-902.34
-804.18
-859.86
-947.76
-1029.8
-1045.9
-1035.7
-1043
-1097.2
-1076.6
-1101.5
-1155.8
-1141.1
-1123.6
-1089.8
-1101.5
-1152.8
-1141.1
-1136.7
-1149.9
-1185.1
-1186.5
-1139.6
-1145.5
-1148.5
-1163.1
-1148.5
-972.66
-864.24
-802.74
-770.52
-736.8
-710.46
-684.06
-650.4
-615.24
-566.89
-543.46
-514.16
-511.23
-492.19
-476.08
-467.29
-462.89
-433.6
-457.03
-457.03
-440.92
-465.82
-459.96
-490.72
-498.05
-484.87
-484.87
-493.65
-511.23
-487.79
-358.88
-271
-235.84
-197.75
-162.6
-136.23
-104
-70.314
-54.199
-48.34
-48.34
-35.156
-23.438
-19.043
-1.4648
0
0
0
0
0
0
0
0
0
0
0
0
0
0
0
27.832
41.015
24.902
11.719
11.719
29.297
51.269
48.34
39.551
43.945
36.621
42.481
35.156
17.578
30.762
41.015
35.156
36.621
39.551
38.086
43.945
43.945
30.762
39.551
48.34
46.875
41.015
41.015
33.691
30.762
70.314
178.71
254.88
281.25
366.21
379.39
385.25
420.41
413.09
426.27
439.45
454.1
467.29
462.89
443.85
452.63
457.03
449.71
430.66
462.89
462.89
443.85
442.38
481.93
484.87
480.47
495.12
490.72
474.61
474.61
503.9
604.98
722.16
767.58
814.44
865.74
930.18
971.22
979.98
991.68
993.18
1000.5
1010.8
1012.2
1016.6
1016.6
1021
1037.1
1047.4
1025.4
1004.9
1025.4
1032.7
1021
1009.3
1018.1
1048.8
1069.3
1053.2
1048.8
861.3
722.16
659.16
606.42
559.57
528.81
476.08
430.66
404.3
377.93
360.35
335.45
323.73
295.9
298.83
287.11
301.76
279.79
249.02
266.6
247.56
271
276.86
279.79
269.53
273.92
262.21
294.43
265.13
259.28
102.54
70.314
27.832
13.184
-7.3242
-14.648
-8.7888
-16.113
-20.508
-17.578
-7.3242
-4.3945
-10.254
-13.184
-11.719
-1.4648
0
0
0
0
0
0
0
0
0
0
0
0
0
0
155.27
300.29
420.41
651.84
717.78
613.74
691.38
758.76
823.26
811.5
837.9
911.16
909.66
919.92
950.7
960.96
981.42
999
1012.2
979.98
965.34
974.1
991.68
969.72
965.34
958.02
941.88
974.1
987.3
770.52
493.65
348.63
254.88
215.33
244.63
219.73
174.32
161.13
137.69
104
65.916
43.945
32.227
20.508
8.7888
1.4648
0
0
0
0
0
0
0
0
0
0
0
0
0
-23.438
-112.79
-109.87
-273.92
-373.54
-344.24
-404.3
-483.4
-489.26
-480.47
-509.77
-499.51
-487.79
-498.05
-484.87
-502.44
-489.26
-442.38
-492.19
-473.14
-473.14
-487.79
-511.23
-514.16
-503.9
-490.72
-522.95
-490.72
-509.77
-514.16
-188.96
36.621
187.5
325.19
313.48
306.15
386.72
479
357.42
323.73
471.68
509.77
480.47
536.13
537.6
549.32
527.35
550.78
584.47
599.12
577.15
590.33
607.92
600.6
547.85
550.78
574.22
607.92
594.73
572.75
575.68
550.78
555.17
561.04
577.15
552.25
556.64
530.27
561.04
540.53
527.35
509.77
544.92
536.13
547.85
520.02
553.71
527.35
533.2
508.3
527.35
527.35
549.32
558.11
578.62
581.54
566.89
533.2
546.38
544.92
505.37
357.42
325.19
290.04
275.39
250.49
210.94
184.57
137.69
111.33
99.612
67.38
92.286
80.568
67.38
60.06
33.691
41.015
58.594
60.06
57.129
55.664
46.875
32.227
58.594
57.129
57.129
62.988
64.452
35.156
42.481
131.84
123.05
155.27
168.46
212.4
200.68
213.87
247.56
231.44
231.44
260.74
225.59
235.84
256.35
241.7
240.23
247.56
269.53
235.84
224.12
257.81
216.8
225.59
249.02
231.44
219.73
246.1
241.7
213.87
249.02
208.01
205.08
202.15
171.38
199.22
149.41
183.11
153.81
172.85
131.84
172.85
149.41
134.77
168.46
127.44
140.63
120.12
165.53
162.6
164.06
178.71
147.95
166.99
164.06
181.64
143.56
175.78
150.88
175.78
39.551
-51.269
-161.13
-339.85
-476.08
-322.27
-405.76
-524.41
-530.27
-553.71
-571.29
-578.62
-566.89
-563.96
-603.54
-613.74
-584.47
-600.6
-613.74
-578.62
-606.42
-612.3
-602.04
-609.36
-603.54
-606.42
-593.26
-618.18
-613.74
-609.36
-568.36
-640.14
-640.14
-662.1
-701.64
-688.5
-714.84
-708.96
-720.72
-726.54
-748.56
-754.38
-725.1
-729.48
-751.44
-742.68
-744.12
-728.04
-711.9
-735.36
-751.44
-744.12
-736.8
-732.42
-741.24
-750
-728.04
-735.36
-738.3
-735.36
-459.96
-17.578
263.67
445.31
615.24
367.67
373.54
514.16
678.24
776.34
531.74
401.37
544.92
691.38
782.22
821.76
793.92
695.82
735.36
785.16
798.36
771.96
752.94
779.28
788.1
796.86
814.44
807.12
804.18
789.54
813
820.32
786.6
760.26
761.7
767.58
760.26
758.76
760.26
754.38
745.62
744.12
767.58
763.2
780.78
776.34
771.96
770.52
777.84
776.34
786.6
763.2
754.38
771.96
769.02
760.26
779.28
785.16
739.74
726.54
744.12
771.96
780.78
770.52
761.7
761.7
764.64
764.64
801.24
810.06
783.72
758.76
770.52
774.9
764.64
747.06
764.64
770.52
763.2
767.58
786.6
795.42
791.04
760.26
748.56
741.24
757.32
761.7
741.24
750
609.36
188.96
35.156
-58.594
-7.3242
-8.7888
-105.47
-87.888
-99.612
-146.48
-232.91
-221.19
-256.35
-284.18
-312.01
-298.83
-285.64
-295.9
-294.43
-294.43
-295.9
-288.58
-268.07
-276.86
-282.71
-317.87
-297.37
-297.37
-310.55
-307.62
-298.83
-514.16
-622.56
-808.62
-958.02
-871.56
-941.88
-969.72
-1004.9
-1034.2
-1106
-1145.5
-1127.9
-1161.6
-1179.2
-1152.8
-1142.6
-1189.4
-1243.7
-1243.7
-1192.4
-1192.4
-1180.7
-1186.5
-1186.5
-1201.2
-1249.5
-1265.6
-1231.9
-1221.7
-1136.7
-757.32
-528.81
-355.96
-232.91
-218.26
-213.87
-156.74
-130.37
-133.3
-124.51
-109.87
-95.214
-90.822
-58.594
-7.3242
0
0
0
0
0
0
0
0
0
0
0
0
0
0
-19.043
-222.65
-221.19
-389.65
-597.65
-423.34
-484.87
-624
-681.18
-663.6
-706.08
-777.84
-792.48
-793.92
-804.18
-807.12
-815.94
-814.44
-813
-783.72
-798.36
-824.7
-823.26
-814.44
-821.76
-802.74
-793.92
-827.64
-818.82
-798.36
-659.16
-216.8
26.367
193.36
376.46
454.1
256.35
247.56
355.96
471.68
540.53
430.66
319.34
430.66
500.98
550.78
483.4
524.41
502.44
550.78
541.99
568.36
541.99
534.67
556.64
572.75
572.75
540.53
563.96
555.17
495.12
568.36
647.46
716.28
801.24
868.68
868.68
897.96
928.74
955.08
908.22
912.6
940.44
950.7
960.96
949.2
937.5
959.46
966.78
969.72
950.7
941.88
956.52
938.94
946.26
937.5
943.38
962.4
940.44
960.96
842.28
197.75
-172.85
-541.99
-744.12
-742.68
-539.06
-777.84
-953.64
-994.62
-1094.2
-1127.9
-789.54
-701.64
-928.74
-1051.7
-1170.4
-1170.4
-1182.1
-1170.4
-912.6
-940.44
-1082.5
-1193.8
-1237.8
-1237.8
-1246.6
-1171.9
-1144
-1202.6
-1208.5
-849.6
-546.38
-325.19
-191.89
-149.41
-82.032
-35.156
-11.719
-14.648
-42.481
-41.015
-14.648
-4.3945
-10.254
-13.184
-8.7888
0
0
5.8594
1.4648
0
0
0
0
0
0
0
0
0
-5.8594
-67.38
-48.34
-73.242
-99.612
-124.51
-175.78
-190.43
-196.29
-216.8
-199.22
-218.26
-194.83
-161.13
-208.01
-215.33
-231.44
-229.98
-206.54
-240.23
-218.26
-177.25
-216.8
-199.22
-210.94
-202.15
-156.74
-215.33
-191.89
-213.87
-166.99
0
7.3242
73.242
115.72
117.19
153.81
155.27
194.83
178.71
227.05
206.54
237.31
237.31
228.52
241.7
241.7
244.63
228.52
234.38
227.05
234.38
216.8
191.89
232.91
200.68
229.98
208.01
206.54
246.1
186.04
-84.96
-156.74
-309.08
-439.45
-319.34
-495.12
-558.11
-484.87
-536.13
-600.6
-632.82
-644.52
-684.06
-720.72
-729.48
-719.22
-720.72
-725.1
-707.52
-708.96
-725.1
-711.9
-708.96
-706.08
-659.16
-666.48
-703.14
-713.4
-726.54
-722.16
-643.08
-763.2
-811.5
-849.6
-900.9
-895.02
-915.54
-911.16
-952.14
-971.22
-925.8
-952.14
-918.48
-950.7
-996.12
-972.66
-912.6
-949.2
-975.6
-959.46
-966.78
-969.72
-974.1
-984.36
-999
-969.72
-956.52
-960.96
-952.14
-916.98
-669.42
-449.71
-310.55
-243.16
-190.43
-177.25
-174.32
-147.95
-128.9
-99.612
-30.762
-11.719
-10.254
-7.3242
-8.7888
-10.254
-7.3242
-8.7888
-10.254
-7.3242
-2.9297
0
0
0
0
0
0
0
0
0
-35.156
-76.17
-96.678
-79.104
-165.53
-128.9
-212.4
-212.4
-188.96
-219.73
-203.62
-222.65
-219.73
-200.68
-234.38
-213.87
-200.68
-225.59
-210.94
-209.47
-235.84
-210.94
-227.05
-221.19
-213.87
-243.16
-190.43
-208.01
-237.31
-194.83
-219.73
-383.79
-429.2
-541.99
-559.57
-643.08
-742.68
-777.84
-791.04
-785.16
-766.14
-804.18
-824.7
-802.74
-813
-834.96
-855.48
-829.08
-852.54
-856.92
-813
-807.12
-820.32
-834.96
-855.48
-849.6
-833.52
-840.84
-859.86
-827.64
-288.58
80.568
249.02
410.15
332.52
377.93
549.32
643.08
720.72
402.83
326.66
512.69
665.04
750
793.92
788.1
594.73
619.62
713.4
761.7
796.86
783.72
748.56
760.26
782.22
774.9
750
745.62
767.58
766.14
366.21
73.242
-127.44
-240.23
-373.54
-156.74
-128.9
-279.79
-389.65
-408.69
-476.08
-423.34
-260.74
-335.45
-437.99
-464.36
-483.4
-480.47
-452.63
-487.79
-503.9
-473.14
-483.4
-480.47
-481.93
-502.44
-461.42
-481.93
-506.84
-498.05
-410.15
-310.55
-278.32
-247.56
-216.8
-190.43
-164.06
-99.612
-77.634
-82.032
-48.34
-57.129
-49.805
-46.875
-41.015
-38.086
-38.086
-29.297
-2.9297
0
-10.254
-38.086
-39.551
-29.297
-16.113
-17.578
-36.621
-41.015
-17.578
57.129
67.38
137.69
175.78
238.77
282.71
265.13
294.43
319.34
325.19
314.94
312.01
323.73
304.69
309.08
322.27
319.34
323.73
316.4
312.01
312.01
301.76
314.94
325.19
317.87
314.94
322.27
322.27
325.19
329.59
36.621
-82.032
-235.84
-443.85
-505.37
-320.8
-351.56
-553.71
-626.94
-587.4
-600.6
-646.02
-659.16
-654.78
-647.46
-663.6
-684.06
-679.68
-667.98
-651.84
-656.28
-673.8
-679.68
-679.68
-678.24
-694.32
-647.46
-653.34
-685.56
-678.24
-559.57
-414.55
-323.73
-279.79
-247.56
-227.05
-202.15
-172.85
-111.33
-48.34
-49.805
-61.524
-30.762
-52.735
-33.691
-4.3945
-1.4648
-2.9297
-4.3945
-4.3945
-5.8594
-13.184
-14.648
-24.902
-26.367
-26.367
-17.578
0
0
0
82.032
360.35
458.5
725.1
843.78
916.98
666.48
689.94
892.08
933.12
889.14
919.92
971.22
1022.5
1023.9
1006.3
1009.3
1016.6
1012.2
1025.4
1043
1051.7
1063.5
1081.1
1088.4
1043
1054.7
1073.8
1050.3
1037.1
1057.6
1072.3
1076.6
1070.8
1059.1
1041.5
1053.2
1047.4
1047.4
1051.7
1063.5
1067.9
1072.3
1048.8
1038.6
1035.7
1051.7
1057.6
1038.6
1028.3
1060.6
1064.9
1053.2
1047.4
1079.6
1088.4
1081.1
1066.4
1060.6
1076.6
826.2
402.83
145.02
-21.973
-109.87
-86.424
5.8594
-5.8594
-137.69
-133.3
-235.84
-212.4
-136.23
-139.16
-140.63
-127.44
-164.06
-212.4
-216.8
-218.26
-203.62
-187.5
-221.19
-224.12
-209.47
-210.94
-224.12
-218.26
-208.01
-218.26
-153.81
-225.59
-313.48
-380.86
-426.27
-471.68
-496.58
-509.77
-537.6
-541.99
-553.71
-546.38
-550.78
-550.78
-520.02
-511.23
-522.95
-502.44
-490.72
-505.37
-493.65
-521.48
-480.47
-520.02
-528.81
-533.2
-546.38
-520.02
-518.56
-515.63
-541.99
-506.84
-508.3
-484.87
-465.82
-481.93
-462.89
-493.65
-487.79
-477.54
-493.65
-483.4
-509.77
-514.16
-511.23
-527.35
-520.02
-524.41
-512.69
-509.77
-499.51
-487.79
-500.98
-496.58
-465.82
-461.42
-479
-451.17
-484.87
-477.54
-158.2
77.634
383.79
522.95
493.65
424.81
543.46
742.68
840.84
635.76
609.36
754.38
867.18
927.24
900.9
776.34
829.08
897.96
947.76
914.04
928.74
927.24
940.44
949.2
953.64
946.26
943.38
963.84
938.94
944.82
982.92
955.08
927.24
914.04
900.9
903.78
887.7
865.74
851.1
855.48
861.3
851.1
859.86
886.26
877.44
852.54
842.28
846.66
821.76
837.9
842.28
820.32
813
849.6
867.18
859.86
865.74
858.42
842.28
843.78
682.62
193.36
-1.4648
-102.54
-118.65
-80.568
-183.11
-279.79
-169.92
-145.02
-250.49
-355.96
-380.86
-350.1
-420.41
-430.66
-410.15
-398.44
-432.13
-442.38
-430.66
-439.45
-432.13
-413.09
-396.97
-423.34
-421.88
-383.79
-410.15
-413.09
-282.71
139.16
326.66
379.39
448.24
493.65
609.36
660.66
597.65
660.66
733.86
788.1
801.24
801.24
840.84
837.9
870.12
877.44
899.4
921.36
915.54
914.04
897.96
908.22
874.5
896.46
867.18
874.5
874.5
873.06
889.14
925.8
959.46
990.24
1051.7
1056.2
1022.5
1047.4
1072.3
1079.6
1084
1075.2
1075.2
1088.4
1069.3
1054.7
1067.9
1062
1078.1
1100.1
1104.5
1113.3
1111.8
1113.3
1100.1
1078.1
1092.8
1110.4
1117.7
1101.5
1076.6
1059.1
1029.8
990.24
953.64
938.94
911.16
912.6
908.22
909.66
892.08
889.14
871.56
862.8
849.6
853.98
858.42
837.9
859.86
858.42
856.92
884.76
876
880.38
881.82
856.92
856.92
858.42
858.42
865.74
706.08
194.83
-200.68
-262.21
-247.56
-331.06
-537.6
-553.71
-643.08
-366.21
-342.77
-522.95
-681.18
-703.14
-719.22
-720.72
-597.65
-650.4
-701.64
-732.42
-744.12
-757.32
-728.04
-716.28
-726.54
-741.24
-750
-736.8
-738.3
-726.54
-583.01
10.254
260.74
505.37
643.08
563.96
549.32
695.82
811.5
610.86
402.83
575.68
770.52
861.3
887.7
843.78
657.72
752.94
840.84
909.66
934.56
886.26
856.92
876
924.3
946.26
941.88
931.62
930.18
934.56
777.84
209.47
-219.73
-436.52
-631.32
-716.28
-540.53
-455.57
-758.76
-741.24
-839.34
-817.38
-484.87
-656.28
-807.12
-886.26
-934.56
-940.44
-946.26
-804.18
-811.5
-940.44
-952.14
-977.04
-1000.5
-944.82
-937.5
-971.22
-925.8
-966.78
-974.1
-758.76
-651.84
-597.65
-559.57
-531.74
-500.98
-467.29
-439.45
-395.51
-363.28
-344.24
-338.38
-336.91
-335.45
-320.8
-312.01
-313.48
-312.01
-310.55
-312.01
-310.55
-303.22
-290.04
-301.76
-276.86
-298.83
-310.55
-312.01
-303.22
-314.94
-240.23
-190.43
-174.32
-140.63
-93.75
-74.706
-61.524
-60.06
-35.156
-36.621
-30.762
-27.832
-21.973
-23.438
-19.043
-16.113
-10.254
-5.8594
-1.4648
-1.4648
-1.4648
-4.3945
-4.3945
-8.7888
-11.719
-11.719
-2.9297
0
0
-1.4648
0
0
0
0
0
0
0
0
0
0
0
0
0
0
0
0
0
0
0
0
0
0
0
0
0
0
0
0
0
16.113
278.32
455.57
691.38
874.5
1015.1
846.66
796.86
937.5
1066.4
1089.8
981.42
1032.7
1110.4
1133.8
1144
1160.2
1195.3
1158.7
1164.5
1170.4
1182.1
1185.1
1207
1215.8
1212.9
1198.3
1188
1179.2
1182.1
1106
461.42
92.286
-218.26
-388.18
-383.79
-423.34
-587.4
-553.71
-385.25
-552.25
-708.96
-723.66
-849.6
-851.1
-729.48
-574.22
-729.48
-865.74
-892.08
-905.28
-820.32
-818.82
-836.4
-884.76
-874.5
-873.06
-892.08
-873.06
-862.8
-865.74
-758.76
-684.06
-635.76
-594.73
-577.15
-566.89
-528.81
-499.51
-484.87
-455.57
-439.45
-414.55
-410.15
-383.79
-347.17
-332.52
-355.96
-347.17
-339.85
-342.77
-351.56
-347.17
-342.77
-376.46
-394.04
-389.65
-380.86
-388.18
-383.79
-301.76
-136.23
-52.735
4.3945
23.438
26.367
30.762
51.269
60.06
62.988
41.015
57.129
61.524
54.199
49.805
57.129
46.875
36.621
62.988
65.916
64.452
65.916
43.945
39.551
61.524
64.452
67.38
65.916
45.41
52.735
62.988
2.9297
-38.086
-21.973
-11.719
-19.043
-23.438
-17.578
-13.184
-19.043
-19.043
-5.8594
-7.3242
-16.113
-19.043
-13.184
-10.254
-5.8594
-5.8594
-2.9297
-2.9297
-1.4648
0
-1.4648
-2.9297
-2.9297
-4.3945
0
-1.4648
0
1.4648
188.96
474.61
650.4
848.16
908.22
763.2
867.18
963.84
921.36
897.96
997.56
1034.2
1043
1063.5
1088.4
1136.7
1147
1138.2
1145.5
1139.6
1151.3
1152.8
1144
1179.2
1182.1
1199.7
1176.2
1147
1167.5
1182.1
1001.9
848.16
748.56
689.94
669.42
654.78
618.18
588.87
543.46
493.65
461.42
442.38
408.69
395.51
391.12
376.46
360.35
360.35
351.56
350.1
354.49
351.56
354.49
350.1
363.28
377.93
386.72
377.93
380.86
367.67
54.199
-68.85
-147.95
-292.97
-304.69
-205.08
-307.62
-448.24
-440.92
-443.85
-452.63
-555.17
-530.27
-578.62
-616.68
-626.94
-609.36
-594.73
-606.42
-624
-599.12
-616.68
-596.19
-588.87
-578.62
-591.8
-599.12
-629.88
-619.62
-622.56
-591.8
-628.44
-648.9
-663.6
-654.78
-644.52
-663.6
-670.92
-667.98
-676.74
-679.68
-666.48
-662.1
-678.24
-675.3
-666.48
-675.3
-688.5
-692.88
-695.82
-704.58
-703.14
-673.8
-672.36
-676.74
-687
-697.26
-687
-687
-660.66
-688.5
-650.4
-621.12
-597.65
-596.19
-578.62
-534.67
-506.84
-503.9
-508.3
-517.09
-509.77
-534.67
-546.38
-549.32
-544.92
-552.25
-544.92
-517.09
-499.51
-539.06
-530.27
-517.09
-508.3
-512.69
-505.37
-533.2
-512.69
-503.9
-142.09
227.05
361.82
499.51
531.74
597.65
692.88
773.46
637.2
590.33
704.58
788.1
796.86
840.84
900.9
943.38
934.56
944.82
971.22
946.26
941.88
941.88
941.88
965.34
969.72
963.84
969.72
972.66
974.1
963.84
499.51
92.286
-194.83
-392.58
-498.05
-273.92
-295.9
-603.54
-637.2
-698.76
-508.3
-256.35
-541.99
-685.56
-750
-752.94
-754.38
-643.08
-660.66
-729.48
-736.8
-714.84
-692.88
-726.54
-760.26
-719.22
-710.46
-767.58
-785.16
-760.26
-657.72
-726.54
-862.8
-962.4
-993.18
-1003.4
-1095.7
-1104.5
-1048.8
-1069.3
-1133.8
-1142.6
-1129.4
-1129.4
-1157.2
-1167.5
-1152.8
-1148.5
-1180.7
-1170.4
-1179.2
-1177.7
-1183.6
-1157.2
-1152.8
-1152.8
-1135.3
-1157.2
-1160.2
-1114.7
-1018.1
-626.94
-363.28
-200.68
-101.08
-73.242
-93.75
-58.594
-24.902
-8.7888
-4.3945
-30.762
-38.086
-21.973
-13.184
-7.3242
-1.4648
5.8594
8.7888
5.8594
0
0
0
0
0
0
0
0
0
0
127.44
212.4
295.9
414.55
508.3
577.15
583.01
607.92
666.48
722.16
726.54
707.52
713.4
739.74
742.68
732.42
725.1
744.12
745.62
751.44
761.7
791.04
789.54
754.38
735.36
755.88
758.76
748.56
766.14
776.34
663.6
395.51
249.02
131.84
111.33
117.19
93.75
70.314
41.015
7.3242
0
0
0
0
0
0
0
0
0
0
0
0
0
0
0
0
0
0
0
0
0
-27.832
-35.156
-38.086
-55.664
-57.129
-68.85
-45.41
-71.778
-49.805
-39.551
-51.269
-58.594
-35.156
-48.34
-51.269
-57.129
-68.85
-60.06
-38.086
-62.988
-68.85
-70.314
-73.242
-43.945
-14.648
-43.945
-57.129
-58.594
0
-79.104
-313.48
-338.38
-544.92
-665.04
-735.36
-625.5
-670.92
-747.06
-780.78
-826.2
-862.8
-896.46
-884.76
-811.5
-855.48
-877.44
-871.56
-868.68
-915.54
-906.72
-884.76
-895.02
-906.72
-884.76
-871.56
-880.38
-849.6
-845.22
-873.06
-862.8
-779.28
-730.98
-701.64
-656.28
-588.87
-553.71
-552.25
-531.74
-536.13
-528.81
-527.35
-530.27
-495.12
-490.72
-500.98
-505.37
-511.23
-486.33
-512.69
-499.51
-506.84
-493.65
-468.75
-486.33
-465.82
-484.87
-462.89
-476.08
-514.16
-416.02
-581.54
-619.62
-704.58
-785.16
-837.9
-868.68
-870.12
-865.74
-853.98
-836.4
-870.12
-903.78
-919.92
-921.36
-940.44
-962.4
-962.4
-925.8
-924.3
-914.04
-886.26
-853.98
-911.16
-924.3
-899.4
-906.72
-931.62
-896.46
-899.4
-502.44
33.691
355.96
590.33
770.52
817.38
755.88
867.18
952.14
999
833.52
892.08
958.02
1007.8
805.68
814.44
938.94
979.98
946.26
971.22
1031.3
1072.3
1047.4
1045.9
1067.9
1066.4
1056.2
1066.4
1070.8
1081.1
679.68
145.02
-228.52
-492.19
-604.98
-597.65
-695.82
-864.24
-777.84
-487.79
-597.65
-779.28
-878.88
-933.12
-937.5
-707.52
-667.98
-843.78
-953.64
-981.42
-1029.8
-979.98
-889.14
-931.62
-949.2
-908.22
-893.58
-918.48
-988.74
-990.24
-644.52
-142.09
67.38
338.38
474.61
442.38
199.22
363.28
486.33
587.4
634.26
568.36
241.7
391.12
503.9
624
665.04
638.7
502.44
537.6
604.98
654.78
638.7
571.29
600.6
644.52
643.08
632.82
640.14
669.42
603.54
663.6
719.22
832.02
949.2
994.62
1022.5
1043
1048.8
1073.8
1069.3
1100.1
1116.2
1117.7
1125
1107.4
1108.9
1125
1126.4
1144
1138.2
1142.6
1139.6
1145.5
1145.5
1139.6
1163.1
1166
1133.8
1130.9
1062
886.26
795.42
726.54
672.36
635.76
606.42
578.62
561.04
528.81
474.61
439.45
429.2
421.88
414.55
399.9
382.33
372.07
369.14
369.14
388.18
394.04
383.79
372.07
363.28
351.56
353.03
353.03
360.35
366.21
175.78
0
0
-76.17
-48.34
-128.9
-127.44
-234.38
-161.13
-227.05
-284.18
-256.35
-269.53
-278.32
-278.32
-297.37
-303.22
-292.97
-285.64
-281.25
-281.25
-273.92
-266.6
-246.1
-260.74
-256.35
-275.39
-290.04
-287.11
-285.64
-174.32
82.032
106.93
294.43
411.62
333.98
319.34
351.56
413.09
440.92
446.78
459.96
457.03
470.21
495.12
490.72
467.29
477.54
481.93
495.12
495.12
508.3
512.69
483.4
465.82
470.21
487.79
481.93
503.9
499.51
462.89
577.15
679.68
795.42
900.9
853.98
909.66
981.42
1019.5
1029.8
1043
1054.7
1043
1029.8
1059.1
1060.6
1047.4
1032.7
1063.5
1094.2
1110.4
1072.3
1076.6
1097.2
1070.8
1067.9
1070.8
1076.6
1085.5
1094.2
840.84
335.45
33.691
-145.02
-184.57
-95.214
-229.98
-316.4
-168.46
-108.4
-250.49
-379.39
-473.14
-451.17
-341.31
-366.21
-436.52
-401.37
-395.51
-452.63
-492.19
-495.12
-518.56
-515.63
-500.98
-514.16
-521.48
-508.3
-492.19
-477.54
-455.57
-530.27
-604.98
-766.14
-848.16
-905.28
-905.28
-962.4
-950.7
-959.46
-1026.8
-1015.1
-955.08
-979.98
-984.36
-991.68
-1004.9
-1009.3
-1023.9
-1048.8
-1054.7
-1015.1
-990.24
-1010.8
-1038.6
-1009.3
-994.62
-978.54
-1006.3
-1031.3
-1016.6
-832.02
-736.8
-704.58
-666.48
-629.88
-594.73
-575.68
-559.57
-540.53
-502.44
-470.21
-470.21
-471.68
-468.75
-476.08
-476.08
-451.17
-442.38
-448.24
-427.73
-446.78
-437.99
-440.92
-411.62
-436.52
-449.71
-449.71
-424.81
-451.17
-440.92
-388.18
-363.28
-342.77
-319.34
-295.9
-269.53
-234.38
-213.87
-224.12
-213.87
-209.47
-208.01
-206.54
-188.96
-200.68
-191.89
-188.96
-199.22
-183.11
-188.96
-181.64
-174.32
-187.5
-180.17
-161.13
-155.27
-172.85
-177.25
-169.92
-208.01
-256.35
-322.27
-528.81
-600.6
-572.75
-634.26
-698.76
-717.78
-738.3
-798.36
-792.48
-777.84
-802.74
-824.7
-818.82
-832.02
-832.02
-845.22
-833.52
-836.4
-834.96
-824.7
-830.58
-853.98
-832.02
-834.96
-858.42
-853.98
-833.52
-685.56
-254.88
-43.945
38.086
74.706
0
5.8594
52.735
93.75
45.41
112.79
169.92
155.27
199.22
153.81
196.29
169.92
180.17
175.78
180.17
190.43
183.11
215.33
166.99
202.15
159.67
194.83
169.92
188.96
153.81
117.19
-16.113
-7.3242
0
-20.508
-124.51
-150.88
-142.09
-166.99
-147.95
-178.71
-153.81
-177.25
-169.92
-193.36
-168.46
-174.32
-175.78
-171.38
-146.48
-165.53
-169.92
-142.09
-184.57
-128.9
-152.35
-146.48
-175.78
-106.93
-180.17
-112.79
128.9
209.47
401.37
572.75
704.58
631.32
446.78
593.26
708.96
761.7
751.44
777.84
820.32
820.32
805.68
802.74
829.08
821.76
851.1
849.6
851.1
853.98
856.92
865.74
873.06
864.24
839.34
823.26
868.68
833.52
859.86
903.78
931.62
953.64
963.84
977.04
990.24
981.42
962.4
982.92
1010.8
985.86
994.62
1015.1
1018.1
1015.1
1009.3
999
1007.8
999
981.42
1000.5
996.12
997.56
1010.8
1026.8
1015.1
1013.7
1013.7
1010.8
971.22
921.36
900.9
899.4
884.76
873.06
833.52
799.8
802.74
826.2
796.86
792.48
780.78
780.78
791.04
789.54
792.48
820.32
805.68
780.78
786.6
811.5
798.36
774.9
750
770.52
782.22
783.72
818.82
829.08
739.74
681.18
653.34
635.76
615.24
587.4
555.17
493.65
492.19
471.68
432.13
452.63
446.78
451.17
446.78
464.36
465.82
437.99
443.85
436.52
449.71
427.73
457.03
471.68
467.29
437.99
451.17
457.03
468.75
414.55
481.93
549.32
725.1
881.82
922.86
892.08
946.26
991.68
999
1031.3
1034.2
1053.2
1066.4
1078.1
1084
1054.7
1050.3
1067.9
1072.3
1070.8
1062
1073.8
1089.8
1098.7
1091.3
1106
1107.4
1078.1
1063.5
985.86
506.84
243.16
65.916
-23.438
4.3945
-16.113
-57.129
-45.41
0
-58.594
-120.12
-90.822
-180.17
-164.06
-199.22
-175.78
-199.22
-159.67
-190.43
-111.33
-164.06
-152.35
-181.64
-143.56
-206.54
-147.95
-197.75
-168.46
-196.29
-175.78
-193.36
-139.16
-133.3
-109.87
-112.79
-101.08
-93.75
-41.015
-87.888
-86.424
-73.242
-36.621
-74.706
-95.214
-86.424
-46.875
-38.086
-83.496
-87.888
-79.104
-60.06
-98.142
-87.888
-74.706
-42.481
-98.142
-101.08
-71.778
-24.902
-74.706
1.4648
39.551
24.902
14.648
20.508
21.973
19.043
11.719
7.3242
1.4648
0
7.3242
8.7888
8.7888
7.3242
5.8594
5.8594
5.8594
4.3945
0
0
0
1.4648
1.4648
2.9297
4.3945
7.3242
10.254
8.7888
7.3242
8.7888
11.719
7.3242
5.8594
8.7888
10.254
14.648
27.832
33.691
32.227
32.227
26.367
33.691
36.621
38.086
30.762
19.043
16.113
32.227
38.086
35.156
30.762
24.902
26.367
26.367
32.227
30.762
32.227
17.578
19.043
-84.96
-62.988
-155.27
-263.67
-304.69
-347.17
-410.15
-457.03
-479
-490.72
-483.4
-486.33
-479
-467.29
-470.21
-449.71
-473.14
-473.14
-465.82
-479
-467.29
-451.17
-462.89
-468.75
-459.96
-468.75
-467.29
-465.82
-479
-439.45
-338.38
-459.96
-511.23
-651.84
-710.46
-722.16
-776.34
-802.74
-811.5
-867.18
-874.5
-868.68
-868.68
-865.74
-867.18
-840.84
-837.9
-868.68
-840.84
-855.48
-874.5
-883.32
-883.32
-865.74
-846.66
-853.98
-846.66
-830.58
-851.1
-868.68
-439.45
-200.68
-125.98
-60.06
-27.832
-43.945
-76.17
-54.199
-21.973
-11.719
0
1.4648
5.8594
1.4648
0
0
0
0
0
0
0
0
0
0
0
0
0
0
0
0
-65.916
-95.214
-134.77
-161.13
-241.7
-275.39
-328.13
-348.63
-361.82
-347.17
-317.87
-282.71
-301.76
-306.15
-297.37
-325.19
-341.31
-320.8
-347.17
-348.63
-353.03
-353.03
-350.1
-354.49
-360.35
-369.14
-351.56
-339.85
-342.77
-319.34
-27.832
86.424
290.04
443.85
502.44
443.85
414.55
498.05
541.99
525.88
607.92
604.98
624
654.78
657.72
678.24
684.06
688.5
679.68
691.38
679.68
701.64
711.9
706.08
669.42
681.18
681.18
666.48
675.3
678.24
322.27
177.25
82.032
105.47
60.06
51.269
35.156
-4.3945
-11.719
-11.719
-13.184
-2.9297
0
0
0
0
0
0
0
0
0
0
0
0
0
0
0
0
0
0
-60.06
-105.47
-196.29
-317.87
-284.18
-355.96
-449.71
-477.54
-496.58
-541.99
-574.22
-585.94
-612.3
-596.19
-580.08
-580.08
-577.15
-578.62
-536.13
-558.11
-569.83
-556.64
-578.62
-549.32
-531.74
-566.89
-577.15
-566.89
-562.5
-572.75
-496.58
-631.32
-780.78
-884.76
-880.38
-943.38
-990.24
-1010.8
-1044.4
-1019.5
-1028.3
-1076.6
-1073.8
-1037.1
-1031.3
-1044.4
-1034.2
-1044.4
-1059.1
-1082.5
-1092.8
-1091.3
-1038.6
-1075.2
-1089.8
-1066.4
-1043
-1079.6
-1063.5
-1062
-663.6
-319.34
-120.12
-98.142
-45.41
-77.634
-42.481
-13.184
-1.4648
-20.508
-19.043
-1.4648
0
-17.578
-17.578
0
4.3945
0
0
0
0
0
0
0
0
0
0
0
0
0
-8.7888
-21.973
-24.902
-11.719
0
0
0
0
0
0
0
0
0
0
0
0
0
0
0
0
0
0
0
0
0
0
0
0
0
0
1.4648
8.7888
4.3945
1.4648
0
-1.4648
0
0
0
0
0
0
0
0
0
0
0
0
0
0
0
0
0
0
0
0
0
0
0
-180.17
-385.25
-621.12
-840.84
-979.98
-789.54
-783.72
-999
-1051.7
-1100.1
-975.6
-1018.1
-1063.5
-1113.3
-1110.4
-1138.2
-1167.5
-1180.7
-1101.5
-1157.2
-1199.7
-1136.7
-1138.2
-1141.1
-1149.9
-1218.8
-1218.8
-1179.2
-1164.5
-1174.8
-1114.7
-984.36
-911.16
-886.26
-862.8
-823.26
-782.22
-773.46
-764.64
-730.98
-697.26
-675.3
-669.42
-660.66
-665.04
-667.98
-662.1
-651.84
-640.14
-637.2
-644.52
-640.14
-626.94
-612.3
-625.5
-624
-597.65
-624
-648.9
-629.88
-197.75
64.452
221.19
358.88
541.99
667.98
515.63
549.32
657.72
729.48
572.75
477.54
619.62
728.04
748.56
706.08
757.32
792.48
791.04
779.28
808.62
823.26
795.42
769.02
779.28
820.32
833.52
802.74
808.62
802.74
808.62
826.2
853.98
884.76
848.16
821.76
852.54
886.26
889.14
878.88
874.5
886.26
870.12
874.5
890.64
864.24
862.8
840.84
855.48
858.42
852.54
853.98
853.98
849.6
893.58
890.64
858.42
871.56
889.14
878.88
606.42
216.8
21.973
-108.4
-49.805
-4.3945
-87.888
-180.17
-178.71
-125.98
-60.06
-143.56
-145.02
-205.08
-203.62
-231.44
-199.22
-194.83
-243.16
-206.54
-215.33
-216.8
-191.89
-234.38
-188.96
-203.62
-229.98
-202.15
-228.52
-202.15
-70.314
48.34
209.47
278.32
389.65
395.51
295.9
369.14
399.9
421.88
449.71
471.68
487.79
521.48
484.87
506.84
490.72
520.02
541.99
543.46
544.92
541.99
544.92
536.13
520.02
492.19
498.05
517.09
502.44
527.35
285.64
2.9297
-38.086
-197.75
-133.3
-60.06
-164.06
-298.83
-376.46
-279.79
-276.86
-351.56
-357.42
-367.67
-440.92
-457.03
-465.82
-455.57
-452.63
-464.36
-462.89
-465.82
-464.36
-452.63
-445.31
-458.5
-432.13
-458.5
-448.24
-414.55
-203.62
-128.9
-1.4648
-21.973
-5.8594
0
0
8.7888
7.3242
1.4648
0
0
0
0
0
0
0
0
0
0
0
0
0
0
0
0
0
0
0
0
55.664
197.75
298.83
461.42
530.27
449.71
439.45
591.8
594.73
599.12
632.82
662.1
682.62
697.26
681.18
644.52
654.78
666.48
675.3
666.48
641.58
647.46
669.42
646.02
687
679.68
682.62
697.26
685.56
681.18
644.52
490.72
436.52
416.02
388.18
358.88
341.31
314.94
278.32
243.16
194.83
171.38
194.83
158.2
194.83
143.56
164.06
152.35
137.69
150.88
131.84
172.85
115.72
153.81
158.2
147.95
162.6
149.41
187.5
158.2
58.594
-4.3945
0
-10.254
-83.496
-130.37
-111.33
-178.71
-140.63
-197.75
-171.38
-205.08
-188.96
-197.75
-183.11
-178.71
-191.89
-174.32
-209.47
-174.32
-216.8
-175.78
-206.54
-180.17
-184.57
-208.01
-169.92
-188.96
-169.92
-194.83
-95.214
-169.92
-194.83
-290.04
-342.77
-407.23
-392.58
-499.51
-522.95
-511.23
-500.98
-509.77
-511.23
-506.84
-490.72
-477.54
-461.42
-470.21
-498.05
-481.93
-515.63
-511.23
-479
-505.37
-503.9
-495.12
-515.63
-490.72
-506.84
-493.65
-424.81
-206.54
-153.81
-86.424
-60.06
-49.805
-19.043
-1.4648
0
0
0
0
0
0
0
0
0
0
0
0
0
0
0
0
0
0
0
0
0
0
33.691
60.06
115.72
159.67
221.19
212.4
257.81
290.04
298.83
294.43
306.15
301.76
273.92
295.9
301.76
292.97
295.9
284.18
285.64
281.25
307.62
279.79
290.04
285.64
288.58
279.79
297.37
268.07
263.67
266.6
134.77
-1.4648
-117.19
-166.99
-265.13
-174.32
-266.6
-351.56
-347.17
-427.73
-498.05
-569.83
-580.08
-590.33
-613.74
-594.73
-603.54
-632.82
-610.86
-597.65
-606.42
-631.32
-635.76
-624
-594.73
-613.74
-600.6
-575.68
-600.6
-618.18
-602.04
-525.88
-476.08
-440.92
-414.55
-364.75
-314.94
-307.62
-320.8
-309.08
-291.5
-262.21
-268.07
-282.71
-269.53
-268.07
-241.7
-292.97
-281.25
-298.83
-322.27
-320.8
-294.43
-272.46
-312.01
-301.76
-282.71
-306.15
-292.97
-273.92
-165.53
190.43
528.81
643.08
802.74
795.42
832.02
834.96
785.16
730.98
771.96
855.48
880.38
884.76
890.64
937.5
944.82
950.7
953.64
968.28
966.78
981.42
984.36
987.3
993.18
978.54
962.4
984.36
958.02
949.2
953.64
962.4
960.96
978.54
974.1
968.28
971.22
993.18
988.74
1009.3
997.56
991.68
1004.9
997.56
974.1
969.72
960.96
968.28
985.86
965.34
940.44
962.4
965.34
968.28
974.1
960.96
956.52
985.86
985.86
996.12
991.68
982.92
972.66
968.28
921.36
909.66
895.02
914.04
887.7
884.76
867.18
883.32
883.32
902.34
918.48
892.08
905.28
886.26
912.6
897.96
924.3
918.48
903.78
911.16
927.24
928.74
897.96
874.5
897.96
927.24
916.98
868.68
830.58
801.24
796.86
786.6
805.68
807.12
798.36
786.6
798.36
807.12
807.12
792.48
770.52
760.26
757.32
769.02
795.42
780.78
748.56
758.76
758.76
757.32
770.52
782.22
774.9
761.7
742.68
758.76
754.38
599.12
508.3
468.75
429.2
398.44
376.46
336.91
309.08
273.92
247.56
246.1
240.23
224.12
199.22
210.94
177.25
212.4
181.64
184.57
188.96
162.6
180.17
162.6
166.99
168.46
175.78
168.46
186.04
177.25
130.37
-147.95
-96.678
-284.18
-354.49
-253.42
-307.62
-467.29
-471.68
-517.09
-555.17
-578.62
-628.44
-641.58
-662.1
-643.08
-651.84
-665.04
-665.04
-638.7
-637.2
-648.9
-659.16
-638.7
-651.84
-615.24
-648.9
-643.08
-604.98
-616.68
-580.08
-479
-396.97
-357.42
-333.98
-309.08
-260.74
-225.59
-194.83
-180.17
-136.23
-166.99
-109.87
-165.53
-139.16
-139.16
-145.02
-39.551
-139.16
-109.87
-86.424
-147.95
-150.88
-158.2
-95.214
-105.47
-140.63
-121.58
-156.74
-96.678
-84.96
-115.72
-86.424
-181.64
-202.15
-121.58
-161.13
-117.19
-210.94
-216.8
-219.73
-222.65
-197.75
-188.96
-152.35
-120.12
-199.22
-203.62
-208.01
-118.65
-166.99
-161.13
-219.73
-229.98
-121.58
-143.56
-153.81
-219.73
-219.73
-112.79
-159.67
41.015
121.58
210.94
314.94
281.25
332.52
413.09
457.03
492.19
498.05
537.6
512.69
531.74
508.3
541.99
531.74
553.71
544.92
553.71
531.74
520.02
499.51
531.74
522.95
546.38
539.06
563.96
537.6
527.35
477.54
48.34
-197.75
-238.77
-401.37
-439.45
-348.63
-395.51
-506.84
-303.22
-464.36
-508.3
-539.06
-646.02
-675.3
-670.92
-672.36
-675.3
-698.76
-708.96
-732.42
-720.72
-703.14
-694.32
-723.66
-694.32
-681.18
-703.14
-688.5
-695.82
-626.94
-206.54
-48.34
101.08
98.142
92.286
35.156
77.634
118.65
171.38
193.36
250.49
251.95
235.84
235.84
269.53
246.1
238.77
243.16
260.74
231.44
235.84
275.39
272.46
271
256.35
282.71
266.6
285.64
282.71
244.63
-64.452
-218.26
-391.12
-531.74
-363.28
-455.57
-569.83
-632.82
-687
-521.48
-565.43
-666.48
-694.32
-726.54
-738.3
-751.44
-728.04
-730.98
-742.68
-748.56
-748.56
-744.12
-752.94
-751.44
-752.94
-777.84
-780.78
-769.02
-761.7
-714.84
-621.12
-767.58
-874.5
-1000.5
-1037.1
-1003.4
-1029.8
-1094.2
-1064.9
-1069.3
-1056.2
-1079.6
-1142.6
-1141.1
-1135.3
-1164.5
-1179.2
-1154.3
-1103
-1125
-1142.6
-1111.8
-1108.9
-1108.9
-1125
-1138.2
-1103
-1139.6
-1174.8
-1117.7
-670.92
-351.56
-86.424
-62.988
-36.621
-2.9297
0
0
-1.4648
-2.9297
17.578
23.438
7.3242
13.184
29.297
30.762
20.508
20.508
20.508
16.113
19.043
13.184
8.7888
11.719
8.7888
5.8594
1.4648
1.4648
0
1.4648
-21.973
-51.269
-83.496
-67.38
-73.242
-77.634
-73.242
-74.706
-77.634
-74.706
-80.568
-62.988
-77.634
-79.104
-73.242
-83.496
-92.286
-92.286
-77.634
-82.032
-79.104
-80.568
-92.286
-83.496
-90.822
-80.568
-84.96
-61.524
-89.358
-61.524
-206.54
-351.56
-514.16
-648.9
-443.85
-654.78
-793.92
-817.38
-774.9
-826.2
-890.64
-950.7
-916.98
-911.16
-908.22
-922.86
-941.88
-944.82
-934.56
-905.28
-908.22
-944.82
-955.08
-941.88
-897.96
-903.78
-902.34
-936.06
-938.94
-946.26
-779.28
-628.44
-553.71
-505.37
-484.87
-470.21
-423.34
-383.79
-341.31
-300.29
-272.46
-263.67
-231.44
-219.73
-240.23
-224.12
-218.26
-246.1
-225.59
-222.65
-212.4
-208.01
-249.02
-221.19
-229.98
-249.02
-240.23
-234.38
-249.02
-243.16
-344.24
-540.53
-697.26
-780.78
-672.36
-722.16
-810.06
-834.96
-897.96
-1000.5
-1048.8
-1050.3
-1062
-1079.6
-1088.4
-1050.3
-1047.4
-1100.1
-1089.8
-1081.1
-1072.3
-1072.3
-1082.5
-1064.9
-1032.7
-1104.5
-1123.6
-1127.9
-1157.2
-1135.3
-534.67
-92.286
128.9
262.21
250.49
212.4
344.24
487.79
536.13
331.06
212.4
360.35
500.98
596.19
681.18
692.88
541.99
514.16
578.62
629.88
651.84
624
565.43
587.4
637.2
666.48
670.92
647.46
650.4
665.04
268.07
30.762
-120.12
-48.34
-104
-89.358
-249.02
-158.2
-162.6
-165.53
-303.22
-298.83
-291.5
-319.34
-344.24
-345.7
-336.91
-336.91
-339.85
-332.52
-317.87
-312.01
-331.06
-350.1
-347.17
-339.85
-323.73
-333.98
-322.27
-331.06
-57.129
139.16
215.33
319.34
271
257.81
426.27
464.36
394.04
446.78
517.09
511.23
539.06
541.99
562.5
559.57
547.85
572.75
547.85
566.89
537.6
571.29
578.62
562.5
559.57
536.13
561.04
546.38
571.29
585.94
511.23
426.27
395.51
382.33
370.61
348.63
303.22
249.02
199.22
222.65
187.5
218.26
188.96
184.57
216.8
181.64
227.05
215.33
218.26
218.26
213.87
210.94
193.36
213.87
221.19
197.75
213.87
188.96
206.54
165.53
172.85
216.8
288.58
411.62
470.21
435.06
498.05
518.56
552.25
524.41
555.17
546.38
565.43
549.32
559.57
575.68
558.11
566.89
553.71
563.96
543.46
528.81
578.62
575.68
577.15
559.57
581.54
578.62
571.29
584.47
593.26
621.12
615.24
597.65
599.12
580.08
577.15
594.73
578.62
575.68
597.65
593.26
596.19
583.01
558.11
565.43
596.19
581.54
596.19
596.19
569.83
574.22
587.4
580.08
594.73
572.75
585.94
615.24
621.12
602.04
313.48
52.735
2.9297
0
-43.945
-62.988
-87.888
-49.805
-137.69
-153.81
-147.95
-174.32
-152.35
-181.64
-172.85
-165.53
-169.92
-178.71
-80.568
-142.09
-143.56
-112.79
-155.27
-106.93
-155.27
-125.98
-145.02
-168.46
-153.81
-146.48
-106.93
-76.17
-76.17
-52.735
-29.297
-36.621
-27.832
-27.832
-36.621
-35.156
-23.438
-21.973
-16.113
-4.3945
-10.254
-8.7888
0
-13.184
-24.902
-30.762
-35.156
-35.156
-24.902
-19.043
-24.902
-24.902
-36.621
-41.015
-30.762
49.805
83.496
133.3
240.23
229.98
273.92
319.34
329.59
342.77
367.67
382.33
380.86
369.14
364.75
367.67
377.93
391.12
394.04
388.18
382.33
375
367.67
386.72
389.65
372.07
383.79
391.12
386.72
376.46
361.82
180.17
35.156
0
0
0
-29.297
-51.269
-73.242
-89.358
-90.822
-112.79
-112.79
-127.44
-117.19
-105.47
-115.72
-130.37
-127.44
-84.96
-118.65
-125.98
-106.93
-114.26
-106.93
-111.33
-121.58
-128.9
-101.08
-108.4
-123.05
-38.086
48.34
16.113
38.086
74.706
90.822
105.47
84.96
104
111.33
95.214
120.12
120.12
89.358
90.822
117.19
120.12
101.08
104
109.87
84.96
115.72
108.4
76.17
112.79
117.19
101.08
112.79
117.19
106.93
196.29
348.63
577.15
780.78
861.3
744.12
725.1
887.7
952.14
877.44
902.34
984.36
1023.9
1010.8
1028.3
1050.3
1073.8
1078.1
1091.3
1048.8
1051.7
1088.4
1079.6
1066.4
1069.3
1086.9
1088.4
1098.7
1063.5
1072.3
1070.8
985.86
930.18
897.96
876
855.48
845.22
830.58
779.28
748.56
738.3
739.74
736.8
730.98
735.36
729.48
698.76
692.88
719.22
713.4
698.76
695.82
697.26
672.36
695.82
707.52
703.14
700.2
704.58
695.82
711.9
725.1
729.48
732.42
726.54
700.2
692.88
698.76
698.76
723.66
723.66
710.46
711.9
722.16
695.82
700.2
713.4
720.72
710.46
701.64
710.46
697.26
688.5
704.58
704.58
732.42
730.98
688.5
687
707.52
697.26
622.56
591.8
565.43
544.92
509.77
474.61
462.89
454.1
439.45
418.94
391.12
363.28
361.82
348.63
338.38
341.31
351.56
363.28
383.79
379.39
376.46
370.61
376.46
382.33
386.72
370.61
370.61
369.14
373.54
125.98
-184.57
-294.43
-483.4
-505.37
-568.36
-742.68
-782.22
-587.4
-613.74
-728.04
-833.52
-893.58
-764.64
-741.24
-836.4
-820.32
-799.8
-814.44
-843.78
-874.5
-829.08
-834.96
-842.28
-868.68
-870.12
-832.02
-873.06
-900.9
-895.02
-771.96
-442.38
-262.21
-140.63
-79.104
-64.452
-36.621
-20.508
-8.7888
-1.4648
4.3945
0
0
0
1.4648
0
0
0
0
0
0
0
0
0
0
0
0
0
0
0
20.508
86.424
71.778
147.95
139.16
202.15
164.06
221.19
210.94
210.94
235.84
209.47
231.44
235.84
215.33
232.91
225.59
215.33
235.84
218.26
197.75
227.05
199.22
202.15
227.05
194.83
232.91
202.15
193.36
235.84
256.35
462.89
744.12
852.54
965.34
827.64
868.68
975.6
1019.5
1016.6
1053.2
1078.1
1089.8
1104.5
1139.6
1157.2
1186.5
1211.4
1195.3
1173.4
1163.1
1173.4
1174.8
1170.4
1190.9
1189.4
1149.9
1149.9
1173.4
1201.2
1130.9
960.96
877.44
827.64
788.1
761.7
736.8
703.14
675.3
653.34
610.86
563.96
525.88
512.69
481.93
500.98
490.72
476.08
493.65
484.87
520.02
505.37
505.37
505.37
509.77
517.09
502.44
527.35
540.53
544.92
471.68
558.11
603.54
632.82
692.88
725.1
739.74
751.44
761.7
747.06
752.94
745.62
736.8
777.84
770.52
751.44
738.3
766.14
776.34
785.16
791.04
821.76
798.36
782.22
814.44
821.76
795.42
770.52
777.84
771.96
663.6
407.23
297.37
215.33
153.81
178.71
143.56
112.79
84.96
65.916
52.735
14.648
-2.9297
-7.3242
-4.3945
-2.9297
-1.4648
0
0
0
0
0
0
0
0
0
0
0
0
0
-32.227
-136.23
-188.96
-250.49
-294.43
-414.55
-432.13
-476.08
-528.81
-531.74
-559.57
-550.78
-563.96
-583.01
-590.33
-583.01
-546.38
-561.04
-590.33
-559.57
-587.4
-558.11
-561.04
-572.75
-558.11
-566.89
-533.2
-558.11
-571.29
-556.64
-401.37
-68.85
45.41
112.79
216.8
127.44
125.98
262.21
341.31
275.39
292.97
361.82
363.28
367.67
396.97
382.33
389.65
399.9
405.76
389.65
405.76
414.55
413.09
401.37
405.76
394.04
375
399.9
407.23
401.37
281.25
-150.88
-282.71
-503.9
-597.65
-522.95
-454.1
-681.18
-776.34
-824.7
-867.18
-739.74
-697.26
-817.38
-870.12
-897.96
-887.7
-852.54
-884.76
-851.1
-881.82
-895.02
-892.08
-881.82
-865.74
-903.78
-896.46
-914.04
-873.06
-887.7
-916.98
-827.64
-744.12
-710.46
-679.68
-646.02
-599.12
-584.47
-584.47
-559.57
-541.99
-492.19
-527.35
-537.6
-543.46
-533.2
-544.92
-541.99
-552.25
-534.67
-528.81
-522.95
-490.72
-534.67
-518.56
-534.67
-524.41
-530.27
-515.63
-505.37
-474.61
-292.97
-224.12
-183.11
-169.92
-140.63
-108.4
-77.634
-43.945
-8.7888
0
-1.4648
0
0
0
0
0
0
0
0
0
0
0
0
0
0
0
0
0
0
-62.988
-306.15
-508.3
-726.54
-663.6
-751.44
-821.76
-905.28
-736.8
-836.4
-958.02
-994.62
-974.1
-950.7
-962.4
-1069.3
-1086.9
-1066.4
-1073.8
-1085.5
-1078.1
-1067.9
-1051.7
-1076.6
-1048.8
-1048.8
-1097.2
-1050.3
-1010.8
-1032.7
-1053.2
-1010.8
-937.5
-892.08
-862.8
-830.58
-799.8
-776.34
-755.88
-713.4
-706.08
-714.84
-708.96
-694.32
-695.82
-681.18
-694.32
-667.98
-669.42
-662.1
-669.42
-684.06
-673.8
-660.66
-675.3
-700.2
-703.14
-689.94
-662.1
-660.66
-609.36
-606.42
-676.74
-719.22
-701.64
-697.26
-701.64
-682.62
-707.52
-729.48
-738.3
-736.8
-738.3
-736.8
-732.42
-736.8
-720.72
-713.4
-717.78
-736.8
-722.16
-707.52
-700.2
-717.78
-745.62
-707.52
-711.9
-716.28
-717.78
-719.22
-572.75
-139.16
5.8594
187.5
202.15
71.778
161.13
278.32
385.25
295.9
291.5
407.23
448.24
484.87
496.58
500.98
514.16
493.65
536.13
511.23
522.95
512.69
547.85
539.06
549.32
537.6
552.25
517.09
534.67
522.95
468.75
4.3945
-215.33
-290.04
-474.61
-257.81
-539.06
-527.35
-689.94
-669.42
-480.47
-594.73
-701.64
-714.84
-748.56
-701.64
-726.54
-747.06
-717.78
-723.66
-725.1
-741.24
-736.8
-725.1
-707.52
-694.32
-728.04
-738.3
-752.94
-730.98
-629.88
-115.72
203.62
353.03
496.58
622.56
736.8
750
555.17
517.09
641.58
729.48
659.16
637.2
669.42
742.68
774.9
769.02
802.74
824.7
823.26
805.68
792.48
834.96
861.3
856.92
858.42
846.66
859.86
858.42
833.52
817.38
937.5
1012.2
1056.2
1088.4
1110.4
1125
1149.9
1151.3
1157.2
1154.3
1152.8
1201.2
1199.7
1201.2
1211.4
1226.1
1223.2
1211.4
1223.2
1207
1202.6
1218.8
1224.6
1227.5
1202.6
1205.6
1208.5
1230.5
1212.9
1072.3
946.26
887.7
849.6
817.38
779.28
748.56
717.78
688.5
663.6
626.94
584.47
540.53
546.38
527.35
534.67
525.88
530.27
522.95
539.06
527.35
549.32
559.57
540.53
544.92
561.04
571.29
569.83
562.5
544.92
96.678
-124.51
-216.8
-437.99
-291.5
-319.34
-443.85
-498.05
-511.23
-363.28
-401.37
-585.94
-594.73
-638.7
-610.86
-612.3
-640.14
-625.5
-629.88
-629.88
-654.78
-670.92
-656.28
-619.62
-624
-662.1
-678.24
-676.74
-657.72
-615.24
-559.57
-665.04
-691.38
-754.38
-791.04
-829.08
-840.84
-864.24
-892.08
-886.26
-892.08
-874.5
-884.76
-918.48
-931.62
-931.62
-930.18
-916.98
-900.9
-902.34
-914.04
-909.66
-870.12
-934.56
-940.44
-930.18
-946.26
-949.2
-919.92
-902.34
-522.95
-213.87
-115.72
-48.34
0
-27.832
-11.719
7.3242
2.9297
11.719
33.691
29.297
36.621
38.086
27.832
24.902
23.438
17.578
23.438
20.508
17.578
17.578
10.254
10.254
8.7888
2.9297
2.9297
2.9297
1.4648
1.4648
-166.99
-260.74
-418.94
-619.62
-670.92
-585.94
-704.58
-798.36
-714.84
-701.64
-798.36
-851.1
-876
-911.16
-892.08
-902.34
-899.4
-919.92
-919.92
-903.78
-881.82
-887.7
-906.72
-909.66
-924.3
-911.16
-903.78
-918.48
-921.36
-899.4
-842.28
-881.82
-936.06
-1028.3
-1041.5
-1044.4
-1084
-1108.9
-1123.6
-1079.6
-1053.2
-1104.5
-1136.7
-1141.1
-1135.3
-1111.8
-1139.6
-1132.3
-1114.7
-1106
-1135.3
-1132.3
-1108.9
-1129.4
-1145.5
-1132.3
-1117.7
-1113.3
-1103
-1129.4
-946.26
-769.02
-648.9
-574.22
-531.74
-498.05
-483.4
-470.21
-439.45
-407.23
-383.79
-335.45
-313.48
-291.5
-276.86
-282.71
-297.37
-303.22
-276.86
-288.58
-291.5
-287.11
-291.5
-313.48
-275.39
-268.07
-273.92
-266.6
-292.97
-262.21
-227.05
-213.87
-190.43
-200.68
-210.94
-191.89
-187.5
-177.25
-174.32
-159.67
-183.11
-143.56
-200.68
-164.06
-191.89
-175.78
-202.15
-175.78
-208.01
-171.38
-178.71
-190.43
-162.6
-199.22
-158.2
-184.57
-181.64
-200.68
-219.73
16.113
55.664
219.73
395.51
449.71
329.59
348.63
486.33
517.09
546.38
537.6
571.29
568.36
593.26
604.98
631.32
629.88
613.74
583.01
603.54
587.4
563.96
599.12
602.04
610.86
622.56
610.86
593.26
574.22
624
597.65
662.1
669.42
692.88
711.9
673.8
660.66
700.2
700.2
700.2
673.8
684.06
710.46
711.9
716.28
717.78
747.06
735.36
714.84
722.16
755.88
761.7
713.4
733.86
758.76
769.02
733.86
732.42
748.56
766.14
303.22
-2.9297
-395.51
-600.6
-719.22
-487.79
-607.92
-761.7
-783.72
-793.92
-512.69
-561.04
-755.88
-893.58
-919.92
-922.86
-924.3
-814.44
-774.9
-900.9
-949.2
-965.34
-975.6
-922.86
-912.6
-943.38
-886.26
-902.34
-924.3
-928.74
-897.96
-839.34
-805.68
-776.34
-751.44
-736.8
-708.96
-679.68
-644.52
-628.44
-634.26
-644.52
-615.24
-597.65
-599.12
-606.42
-588.87
-568.36
-594.73
-628.44
-637.2
-619.62
-634.26
-637.2
-624
-590.33
-593.26
-588.87
-583.01
-590.33
-262.21
30.762
153.81
187.5
235.84
354.49
309.08
266.6
297.37
432.13
483.4
490.72
555.17
565.43
572.75
552.25
537.6
577.15
587.4
604.98
587.4
563.96
572.75
583.01
609.36
613.74
587.4
624
635.76
635.76
556.64
391.12
326.66
284.18
260.74
254.88
235.84
209.47
177.25
134.77
76.17
96.678
95.214
80.568
54.199
76.17
68.85
61.524
65.916
35.156
60.06
65.916
67.38
67.38
55.664
35.156
65.916
74.706
65.916
64.452
20.508
164.06
181.64
316.4
432.13
416.02
418.94
484.87
540.53
530.27
558.11
552.25
561.04
563.96
528.81
559.57
553.71
563.96
543.46
565.43
588.87
556.64
555.17
555.17
580.08
577.15
574.22
590.33
583.01
587.4
317.87
-38.086
-153.81
-313.48
-232.91
-350.1
-370.61
-445.31
-534.67
-354.49
-427.73
-462.89
-540.53
-496.58
-549.32
-562.5
-562.5
-547.85
-527.35
-577.15
-581.54
-577.15
-553.71
-561.04
-587.4
-558.11
-568.36
-577.15
-559.57
-556.64
-561.04
-528.81
-479
-462.89
-436.52
-413.09
-395.51
-401.37
-383.79
-370.61
-380.86
-383.79
-382.33
-345.7
-314.94
-313.48
-306.15
-292.97
-294.43
-317.87
-338.38
-347.17
-347.17
-348.63
-351.56
-353.03
-345.7
-344.24
-328.13
-329.59
-178.71
-7.3242
4.3945
41.015
117.19
77.634
68.85
92.286
133.3
142.09
109.87
143.56
115.72
134.77
143.56
108.4
146.48
145.02
153.81
155.27
111.33
146.48
139.16
133.3
137.69
127.44
155.27
133.3
112.79
145.02
136.23
465.82
681.18
861.3
966.78
988.74
817.38
931.62
1050.3
1053.2
1013.7
1078.1
1129.4
1136.7
1103
1100.1
1167.5
1163.1
1154.3
1166
1208.5
1226.1
1207
1167.5
1183.6
1176.2
1188
1183.6
1167.5
1193.8
1125
947.76
824.7
770.52
726.54
704.58
662.1
622.56
603.54
593.26
562.5
521.48
471.68
486.33
483.4
461.42
440.92
446.78
439.45
433.6
427.73
404.3
432.13
429.2
426.27
411.62
382.33
394.04
413.09
417.48
288.58
-96.678
-363.28
-480.47
-417.48
-449.71
-590.33
-799.8
-853.98
-829.08
-599.12
-665.04
-796.86
-915.54
-953.64
-963.84
-921.36
-886.26
-909.66
-974.1
-968.28
-955.08
-966.78
-987.3
-944.82
-937.5
-952.14
-914.04
-867.18
-930.18
-946.26
-870.12
-840.84
-801.24
-755.88
-719.22
-685.56
-637.2
-625.5
-646.02
-656.28
-628.44
-635.76
-616.68
-603.54
-591.8
-609.36
-624
-597.65
-585.94
-587.4
-558.11
-593.26
-561.04
-580.08
-597.65
-593.26
-578.62
-616.68
-591.8
-461.42
-106.93
7.3242
181.64
268.07
218.26
155.27
93.75
251.95
279.79
294.43
290.04
310.55
328.13
316.4
325.19
329.59
325.19
320.8
328.13
328.13
350.1
335.45
358.88
380.86
376.46
366.21
373.54
376.46
342.77
234.38
-106.93
-508.3
-590.33
-562.5
-571.29
-785.16
-966.78
-972.66
-988.74
-834.96
-739.74
-918.48
-1054.7
-1111.8
-1095.7
-1085.5
-1019.5
-1048.8
-1119.1
-1127.9
-1117.7
-1117.7
-1032.7
-1060.6
-1073.8
-1076.6
-1092.8
-1085.5
-1060.6
-1091.3
-1069.3
-1013.7
-974.1
-941.88
-899.4
-895.02
-897.96
-884.76
-876
-853.98
-840.84
-839.34
-818.82
-804.18
-811.5
-815.94
-815.94
-817.38
-840.84
-843.78
-814.44
-830.58
-849.6
-830.58
-834.96
-836.4
-845.22
-830.58
-840.84
-826.2
-703.14
-631.32
-591.8
-580.08
-568.36
-549.32
-499.51
-452.63
-429.2
-389.65
-350.1
-333.98
-329.59
-341.31
-335.45
-325.19
-336.91
-347.17
-341.31
-355.96
-372.07
-383.79
-382.33
-383.79
-372.07
-350.1
-375
-375
-347.17
-281.25
17.578
143.56
271
279.79
332.52
373.54
312.01
376.46
436.52
490.72
509.77
489.26
506.84
500.98
524.41
544.92
531.74
530.27
524.41
536.13
527.35
531.74
499.51
500.98
493.65
484.87
512.69
503.9
509.77
457.03
133.3
111.33
43.945
8.7888
-10.254
-4.3945
-7.3242
-26.367
-48.34
-48.34
-51.269
-20.508
-35.156
-35.156
-45.41
-39.551
-39.551
-42.481
-46.875
-41.015
-46.875
-54.199
-57.129
-41.015
-45.41
-48.34
-46.875
-49.805
-51.269
-17.578
205.08
385.25
505.37
711.9
795.42
700.2
689.94
811.5
871.56
892.08
915.54
934.56
950.7
946.26
978.54
999
996.12
999
974.1
990.24
1000.5
991.68
994.62
977.04
974.1
999
1001.9
1006.3
1031.3
1034.2
1034.2
1006.3
1026.8
1063.5
1067.9
1043
1047.4
1038.6
1029.8
1031.3
1050.3
1045.9
1069.3
1066.4
1084
1097.2
1078.1
1048.8
1054.7
1050.3
1044.4
1037.1
1034.2
1053.2
1048.8
1038.6
1032.7
1040
1054.7
965.34
448.24
26.367
-98.142
-291.5
-134.77
-273.92
-411.62
-476.08
-483.4
-348.63
-197.75
-316.4
-493.65
-553.71
-521.48
-521.48
-448.24
-430.66
-452.63
-536.13
-518.56
-527.35
-547.85
-575.68
-562.5
-563.96
-578.62
-547.85
-533.2
-553.71
-350.1
-304.69
-244.63
-224.12
-213.87
-186.04
-150.88
-101.08
-38.086
-29.297
-33.691
-19.043
-5.8594
-1.4648
0
0
0
-1.4648
0
0
0
0
0
0
0
0
-1.4648
0
0
0
58.594
73.242
46.875
76.17
89.358
127.44
128.9
143.56
143.56
106.93
161.13
136.23
123.05
145.02
128.9
137.69
121.58
120.12
161.13
109.87
137.69
152.35
137.69
131.84
131.84
143.56
152.35
120.12
149.41
131.84
268.07
369.14
597.65
745.62
754.38
587.4
714.84
788.1
874.5
862.8
853.98
883.32
895.02
896.46
895.02
903.78
897.96
918.48
906.72
925.8
890.64
900.9
887.7
919.92
900.9
918.48
912.6
940.44
938.94
928.74
530.27
272.46
118.65
-4.3945
-45.41
8.7888
2.9297
-65.916
-121.58
-134.77
-98.142
-105.47
-115.72
-123.05
-111.33
-98.142
-121.58
-128.9
-101.08
-101.08
-101.08
-101.08
-79.104
-105.47
-95.214
-77.634
-90.822
-101.08
-98.142
-76.17
21.973
93.75
105.47
127.44
104
196.29
186.04
228.52
200.68
206.54
216.8
190.43
219.73
184.57
206.54
225.59
200.68
227.05
193.36
196.29
218.26
184.57
232.91
190.43
184.57
206.54
191.89
229.98
200.68
227.05
238.77
273.92
276.86
317.87
333.98
328.13
322.27
358.88
388.18
392.58
392.58
405.76
396.97
388.18
383.79
376.46
357.42
357.42
361.82
369.14
373.54
375
379.39
369.14
360.35
375
380.86
382.33
373.54
357.42
33.691
-243.16
-420.41
-632.82
-707.52
-537.6
-697.26
-840.84
-884.76
-779.28
-659.16
-861.3
-974.1
-1016.6
-990.24
-919.92
-960.96
-979.98
-931.62
-941.88
-946.26
-940.44
-982.92
-1007.8
-1013.7
-994.62
-1006.3
-999
-1013.7
-643.08
-244.63
-36.621
1.4648
42.481
-5.8594
0
36.621
61.524
95.214
57.129
67.38
87.888
77.634
89.358
93.75
101.08
104
101.08
87.888
79.104
87.888
102.54
105.47
65.916
83.496
99.612
106.93
92.286
92.286
-35.156
-131.84
-83.496
-202.15
-266.6
-272.46
-338.38
-386.72
-395.51
-418.94
-448.24
-448.24
-435.06
-489.26
-496.58
-505.37
-492.19
-471.68
-458.5
-484.87
-480.47
-461.42
-492.19
-476.08
-445.31
-477.54
-479
-445.31
-471.68
-468.75
-420.41
-499.51
-631.32
-808.62
-861.3
-836.4
-883.32
-900.9
-925.8
-896.46
-934.56
-975.6
-906.72
-978.54
-1032.7
-1023.9
-984.36
-1003.4
-1023.9
-1023.9
-1016.6
-1004.9
-1007.8
-1025.4
-985.86
-987.3
-1029.8
-997.56
-997.56
-999
-596.19
-187.5
0
134.77
45.41
133.3
317.87
326.66
123.05
155.27
250.49
380.86
414.55
363.28
376.46
395.51
410.15
401.37
399.9
386.72
389.65
396.97
413.09
418.94
421.88
395.51
416.02
413.09
391.12
389.65
219.73
-33.691
-111.33
-137.69
-79.104
-111.33
-188.96
-197.75
-269.53
-363.28
-380.86
-380.86
-391.12
-396.97
-404.3
-399.9
-408.69
-427.73
-429.2
-439.45
-414.55
-421.88
-405.76
-394.04
-407.23
-411.62
-386.72
-396.97
-420.41
-404.3
-421.88
-388.18
-357.42
-350.1
-345.7
-332.52
-310.55
-278.32
-297.37
-310.55
-303.22
-306.15
-316.4
-333.98
-326.66
-288.58
-278.32
-282.71
-291.5
-306.15
-285.64
-295.9
-287.11
-285.64
-301.76
-285.64
-288.58
-300.29
-290.04
-273.92
-329.59
-421.88
-550.78
-774.9
-845.22
-763.2
-832.02
-971.22
-955.08
-963.84
-979.98
-1022.5
-1053.2
-1038.6
-1047.4
-1073.8
-1081.1
-1081.1
-1067.9
-1076.6
-1100.1
-1081.1
-1057.6
-1097.2
-1116.2
-1123.6
-1092.8
-1100.1
-1130.9
-1138.2
-723.66
-133.3
234.38
534.67
796.86
839.34
499.51
600.6
808.62
960.96
1060.6
788.1
609.36
777.84
922.86
1054.7
1116.2
1155.8
997.56
870.12
984.36
1072.3
1127.9
1168.9
1196.8
1132.3
1044.4
1081.1
1133.8
1158.7
1152.8
1059.1
1031.3
1016.6
1004.9
997.56
997.56
993.18
994.62
991.68
959.46
956.52
975.6
982.92
960.96
959.46
968.28
978.54
981.42
982.92
956.52
958.02
974.1
965.34
947.76
956.52
965.34
994.62
1003.4
985.86
681.18
155.27
-203.62
-552.25
-550.78
-527.35
-710.46
-779.28
-813
-477.54
-471.68
-710.46
-814.44
-933.12
-940.44
-925.8
-821.76
-637.2
-767.58
-899.4
-949.2
-955.08
-965.34
-912.6
-906.72
-934.56
-924.3
-914.04
-903.78
-919.92
-744.12
-316.4
-46.875
-46.875
-10.254
13.184
33.691
24.902
0
7.3242
23.438
45.41
46.875
33.691
55.664
51.269
52.735
43.945
38.086
30.762
32.227
13.184
8.7888
21.973
32.227
36.621
32.227
24.902
19.043
32.227
10.254
-158.2
-143.56
-186.04
-278.32
-331.06
-442.38
-429.2
-555.17
-594.73
-571.29
-602.04
-606.42
-637.2
-653.34
-651.84
-626.94
-584.47
-590.33
-622.56
-604.98
-596.19
-616.68
-626.94
-597.65
-597.65
-597.65
-587.4
-607.92
-632.82
-477.54
-134.77
24.902
124.51
172.85
194.83
143.56
82.032
130.37
227.05
209.47
216.8
250.49
234.38
229.98
251.95
216.8
212.4
247.56
212.4
237.31
240.23
225.59
215.33
260.74
250.49
228.52
244.63
205.08
200.68
104
-8.7888
-45.41
-131.84
-186.04
-92.286
-269.53
-367.67
-353.03
-372.07
-420.41
-414.55
-370.61
-427.73
-442.38
-455.57
-435.06
-448.24
-430.66
-433.6
-421.88
-426.27
-416.02
-424.81
-405.76
-382.33
-432.13
-458.5
-445.31
-451.17
-394.04
-16.113
0
111.33
184.57
128.9
74.706
155.27
227.05
213.87
210.94
246.1
228.52
227.05
250.49
229.98
232.91
243.16
272.46
246.1
251.95
262.21
276.86
244.63
243.16
257.81
251.95
247.56
247.56
271
155.27
-43.945
-111.33
-180.17
-216.8
-354.49
-417.48
-348.63
-373.54
-452.63
-448.24
-484.87
-530.27
-555.17
-550.78
-531.74
-536.13
-534.67
-506.84
-521.48
-531.74
-533.2
-503.9
-521.48
-490.72
-477.54
-474.61
-445.31
-459.96
-470.21
-413.09
0
210.94
303.22
454.1
344.24
467.29
552.25
604.98
508.3
566.89
648.9
681.18
682.62
728.04
758.76
791.04
792.48
760.26
793.92
810.06
817.38
836.4
836.4
836.4
845.22
846.66
834.96
824.7
802.74
732.42
335.45
184.57
152.35
48.34
65.916
49.805
54.199
29.297
7.3242
-1.4648
-7.3242
-10.254
-20.508
-32.227
-23.438
-29.297
-21.973
-16.113
-26.367
-13.184
-4.3945
-5.8594
-4.3945
-2.9297
-1.4648
0
0
0
-1.4648
36.621
282.71
446.78
552.25
667.98
771.96
858.42
856.92
808.62
938.94
987.3
966.78
959.46
1035.7
1062
1073.8
1037.1
1041.5
1086.9
1073.8
1062
1075.2
1069.3
1082.5
1067.9
1063.5
1076.6
1085.5
1078.1
1076.6
947.76
301.76
-106.93
-376.46
-454.1
-657.72
-763.2
-572.75
-698.76
-799.8
-788.1
-509.77
-591.8
-837.9
-890.64
-936.06
-1003.4
-1013.7
-792.48
-788.1
-944.82
-1040
-1072.3
-1047.4
-975.6
-979.98
-1009.3
-972.66
-953.64
-981.42
-915.54
-418.94
-68.85
73.242
221.19
98.142
231.44
370.61
316.4
184.57
115.72
241.7
361.82
341.31
348.63
375
385.25
394.04
386.72
418.94
421.88
435.06
424.81
410.15
432.13
433.6
420.41
404.3
410.15
420.41
426.27
399.9
471.68
520.02
580.08
618.18
624
612.3
643.08
679.68
678.24
641.58
669.42
660.66
648.9
619.62
640.14
669.42
628.44
635.76
634.26
632.82
646.02
637.2
625.5
619.62
665.04
669.42
632.82
621.12
563.96
127.44
-180.17
-470.21
-720.72
-829.08
-552.25
-502.44
-757.32
-887.7
-919.92
-966.78
-1009.3
-810.06
-692.88
-826.2
-931.62
-962.4
-1010.8
-941.88
-905.28
-984.36
-1021
-1018.1
-1023.9
-1021
-1015.1
-984.36
-968.28
-1023.9
-1038.6
-974.1
-925.8
-908.22
-887.7
-858.42
-820.32
-793.92
-760.26
-760.26
-748.56
-725.1
-720.72
-751.44
-770.52
-766.14
-720.72
-736.8
-744.12
-719.22
-716.28
-739.74
-748.56
-706.08
-676.74
-713.4
-751.44
-722.16
-720.72
-703.14
-729.48
-625.5
-549.32
-524.41
-500.98
-470.21
-433.6
-388.18
-335.45
-301.76
-290.04
-282.71
-265.13
-260.74
-278.32
-263.67
-263.67
-266.6
-273.92
-250.49
-254.88
-260.74
-275.39
-247.56
-257.81
-254.88
-271
-256.35
-240.23
-251.95
-246.1
-266.6
-473.14
-575.68
-720.72
-670.92
-716.28
-807.12
-811.5
-829.08
-903.78
-947.76
-934.56
-985.86
-993.18
-993.18
-988.74
-981.42
-988.74
-1000.5
-974.1
-974.1
-997.56
-1006.3
-999
-965.34
-946.26
-962.4
-991.68
-997.56
-1012.2
-398.44
-33.691
196.29
471.68
561.04
449.71
215.33
310.55
527.35
625.5
726.54
769.02
604.98
392.58
555.17
659.16
732.42
798.36
815.94
676.74
568.36
631.32
720.72
742.68
761.7
745.62
750
758.76
757.32
736.8
714.84
719.22
728.04
745.62
730.98
717.78
710.46
738.3
741.24
733.86
720.72
748.56
760.26
730.98
720.72
720.72
745.62
723.66
723.66
742.68
750
719.22
710.46
744.12
757.32
739.74
723.66
726.54
733.86
730.98
271
-2.9297
-281.25
-457.03
-563.96
-391.12
-499.51
-568.36
-405.76
-440.92
-654.78
-659.16
-691.38
-657.72
-654.78
-704.58
-735.36
-688.5
-694.32
-719.22
-713.4
-708.96
-735.36
-719.22
-691.38
-736.8
-751.44
-767.58
-769.02
-788.1
-773.46
-757.32
-777.84
-801.24
-805.68
-769.02
-804.18
-815.94
-817.38
-818.82
-840.84
-839.34
-830.58
-802.74
-799.8
-824.7
-826.2
-832.02
-833.52
-830.58
-814.44
-845.22
-849.6
-855.48
-864.24
-814.44
-837.9
-855.48
-808.62
-641.58
-411.62
-310.55
-246.1
-210.94
-194.83
-169.92
-149.41
-109.87
-51.269
-21.973
-23.438
-13.184
-5.8594
-1.4648
-1.4648
0
0
0
0
0
-1.4648
0
0
0
0
0
0
0
0
0
0
0
0
0
0
0
0
0
0
0
0
0
0
0
0
0
0
0
0
0
0
0
0
0
0
0
0
0
0
-24.902
-82.032
-52.735
-145.02
-168.46
-205.08
-235.84
-219.73
-246.1
-251.95
-251.95
-269.53
-262.21
-231.44
-262.21
-259.28
-244.63
-259.28
-241.7
-251.95
-251.95
-256.35
-251.95
-268.07
-263.67
-251.95
-251.95
-259.28
-250.49
-227.05
-287.11
-503.9
-593.26
-814.44
-909.66
-795.42
-896.46
-1035.7
-1006.3
-981.42
-1031.3
-1064.9
-1069.3
-1072.3
-1114.7
-1116.2
-1123.6
-1144
-1167.5
-1149.9
-1157.2
-1157.2
-1171.9
-1167.5
-1082.5
-1091.3
-1158.7
-1168.9
-1129.4
-1126.4
-1106
-997.56
-927.24
-883.32
-845.22
-815.94
-796.86
-769.02
-695.82
-650.4
-613.74
-618.18
-590.33
-612.3
-588.87
-583.01
-566.89
-580.08
-599.12
-569.83
-583.01
-616.68
-602.04
-580.08
-596.19
-591.8
-562.5
-599.12
-602.04
-621.12
-549.32
-650.4
-783.72
-899.4
-925.8
-969.72
-1026.8
-1048.8
-1063.5
-1133.8
-1161.6
-1130.9
-1126.4
-1135.3
-1182.1
-1126.4
-1154.3
-1185.1
-1179.2
-1170.4
-1166
-1186.5
-1176.2
-1155.8
-1163.1
-1163.1
-1166
-1173.4
-1144
-1176.2
-1110.4
-963.84
-883.32
-807.12
-751.44
-729.48
-701.64
-666.48
-640.14
-625.5
-603.54
-577.15
-575.68
-561.04
-550.78
-558.11
-558.11
-550.78
-527.35
-522.95
-520.02
-495.12
-511.23
-503.9
-525.88
-517.09
-536.13
-524.41
-540.53
-539.06
-326.66
41.015
174.32
399.9
508.3
417.48
260.74
396.97
555.17
609.36
479
435.06
562.5
591.8
599.12
622.56
626.94
667.98
654.78
622.56
626.94
621.12
650.4
678.24
654.78
653.34
644.52
624
626.94
626.94
401.37
2.9297
-150.88
-386.72
-509.77
-307.62
-392.58
-518.56
-571.29
-420.41
-433.6
-524.41
-624
-546.38
-590.33
-657.72
-681.18
-678.24
-684.06
-670.92
-681.18
-697.26
-675.3
-669.42
-684.06
-711.9
-732.42
-730.98
-736.8
-745.62
-622.56
-670.92
-783.72
-878.88
-960.96
-952.14
-950.7
-959.46
-955.08
-1003.4
-1031.3
-1053.2
-1050.3
-1050.3
-1069.3
-1060.6
-1010.8
-1034.2
-1075.2
-1095.7
-1085.5
-1050.3
-1079.6
-1076.6
-1043
-1029.8
-1019.5
-1081.1
-1111.8
-1104.5
-1095.7
-1047.4
-999
-978.54
-963.84
-937.5
-914.04
-909.66
-890.64
-855.48
-840.84
-823.26
-836.4
-852.54
-846.66
-836.4
-868.68
-859.86
-878.88
-858.42
-855.48
-858.42
-861.3
-851.1
-855.48
-834.96
-859.86
-852.54
-833.52
-874.5
-811.5
-575.68
-429.2
-341.31
-313.48
-282.71
-282.71
-256.35
-202.15
-175.78
-134.77
-114.26
-108.4
-105.47
-93.75
-80.568
-80.568
-64.452
-54.199
-68.85
-54.199
-68.85
-29.297
-32.227
-65.916
-43.945
-64.452
-76.17
-86.424
-95.214
-142.09
-208.01
-364.75
-572.75
-654.78
-481.93
-604.98
-711.9
-782.22
-776.34
-786.6
-842.28
-801.24
-774.9
-789.54
-824.7
-829.08
-811.5
-836.4
-862.8
-861.3
-853.98
-808.62
-798.36
-811.5
-829.08
-827.64
-840.84
-881.82
-880.38
-795.42
-820.32
-934.56
-955.08
-966.78
-962.4
-959.46
-1025.4
-1072.3
-1111.8
-1138.2
-1133.8
-1127.9
-1130.9
-1081.1
-1103
-1122.1
-1130.9
-1130.9
-1129.4
-1123.6
-1116.2
-1117.7
-1123.6
-1117.7
-1136.7
-1104.5
-1106
-1144
-1110.4
-966.78
-556.64
-215.33
-27.832
-19.043
-4.3945
17.578
42.481
14.648
-2.9297
7.3242
36.621
45.41
62.988
68.85
74.706
74.706
43.945
58.594
55.664
45.41
39.551
36.621
38.086
24.902
27.832
16.113
38.086
35.156
32.227
26.367
-36.621
-32.227
-43.945
-84.96
-38.086
-80.568
-118.65
-98.142
-134.77
-124.51
-106.93
-99.612
-123.05
-118.65
-134.77
-146.48
-118.65
-158.2
-121.58
-128.9
-145.02
-117.19
-147.95
-127.44
-117.19
-139.16
-108.4
-140.63
-152.35
-95.214
-150.88
-184.57
-178.71
-243.16
-273.92
-326.66
-361.82
-376.46
-379.39
-348.63
-348.63
-350.1
-372.07
-375
-372.07
-372.07
-360.35
-348.63
-379.39
-383.79
-388.18
-391.12
-398.44
-392.58
-375
-375
-366.21
-353.03
-385.25
-319.34
142.09
350.1
577.15
782.22
953.64
612.3
613.74
799.8
971.22
1056.2
1089.8
846.66
791.04
914.04
1041.5
1103
1119.1
1081.1
1060.6
1092.8
1119.1
1107.4
1067.9
1108.9
1125
1161.6
1166
1161.6
1151.3
1056.2
515.63
206.54
-42.481
-139.16
-279.79
-39.551
-106.93
-193.36
-247.56
-98.142
-70.314
-224.12
-304.69
-307.62
-281.25
-309.08
-323.73
-303.22
-319.34
-333.98
-353.03
-348.63
-339.85
-350.1
-367.67
-353.03
-348.63
-351.56
-364.75
-363.28
-331.06
-294.43
-288.58
-278.32
-253.42
-165.53
-191.89
-165.53
-155.27
-158.2
-175.78
-153.81
-186.04
-165.53
-180.17
-150.88
-171.38
-143.56
-149.41
-155.27
-106.93
-165.53
-95.214
-137.69
-124.51
-134.77
-128.9
-118.65
-128.9
-158.2
-114.26
-128.9
-222.65
-199.22
-249.02
-254.88
-291.5
-300.29
-275.39
-288.58
-316.4
-310.55
-304.69
-322.27
-314.94
-306.15
-313.48
-285.64
-306.15
-329.59
-332.52
-339.85
-345.7
-354.49
-363.28
-319.34
-312.01
-319.34
-317.87
-247.56
-1.4648
175.78
262.21
353.03
326.66
351.56
420.41
457.03
477.54
518.56
559.57
559.57
585.94
629.88
612.3
588.87
624
628.44
635.76
612.3
641.58
662.1
641.58
613.74
646.02
631.32
607.92
629.88
641.58
621.12
235.84
27.832
-41.015
-123.05
-39.551
-120.12
-114.26
-92.286
-124.51
-224.12
-186.04
-240.23
-254.88
-228.52
-238.77
-266.6
-263.67
-269.53
-216.8
-247.56
-250.49
-249.02
-260.74
-276.86
-295.9
-273.92
-246.1
-229.98
-249.02
-216.8
-174.32
-287.11
-326.66
-471.68
-525.88
-558.11
-602.04
-640.14
-647.46
-659.16
-628.44
-670.92
-687
-687
-672.36
-665.04
-646.02
-648.9
-663.6
-676.74
-695.82
-685.56
-660.66
-676.74
-654.78
-660.66
-662.1
-689.94
-685.56
-672.36
-465.82
-269.53
-152.35
-68.85
-48.34
-29.297
-19.043
-7.3242
-1.4648
4.3945
0
0
0
0
0
0
0
0
0
0
0
0
0
0
0
0
0
0
0
2.9297
177.25
361.82
558.11
663.6
729.48
624
676.74
791.04
821.76
823.26
886.26
911.16
941.88
955.08
984.36
979.98
946.26
959.46
975.6
979.98
971.22
966.78
984.36
997.56
1003.4
1004.9
979.98
977.04
