0
-29.297
-285.64
-358.88
-452.63
-575.68
-596.19
-562.5
-585.94
-616.68
-638.7
-665.04
-679.68
-685.56
-697.26
-713.4
-708.96
-689.94
-703.14
-719.22
-726.54
-713.4
-708.96
-711.9
-725.1
-722.16
-719.22
-725.1
-729.48
-720.72
-716.28
-698.76
-569.83
-470.21
-420.41
-380.86
-351.56
-329.59
-314.94
-291.5
-266.6
-244.63
-213.87
-206.54
-193.36
-183.11
-183.11
-172.85
-177.25
-187.5
-178.71
-171.38
-175.78
-184.57
-177.25
-181.64
-187.5
-178.71
-184.57
-188.96
-180.17
-180.17
-147.95
-109.87
-77.634
-58.594
-27.832
-21.973
-24.902
-27.832
-29.297
-33.691
-24.902
-19.043
-10.254
-7.3242
-7.3242
-5.8594
-10.254
-8.7888
-11.719
-11.719
-7.3242
-4.3945
-1.4648
-1.4648
-2.9297
-4.3945
-4.3945
-11.719
-11.719
-29.297
-187.5
-262.21
-345.7
-375
-394.04
-424.81
-455.57
-454.1
-459.96
-477.54
-492.19
-489.26
-481.93
-486.33
-489.26
-484.87
-492.19
-508.3
-502.44
-489.26
-498.05
-502.44
-500.98
-495.12
-493.65
-493.65
-495.12
-500.98
-503.9
-468.75
-136.23
62.988
146.48
244.63
146.48
191.89
319.34
375
342.77
380.86
414.55
399.9
398.44
416.02
416.02
411.62
433.6
442.38
433.6
436.52
442.38
429.2
410.15
414.55
423.34
432.13
432.13
432.13
436.52
405.76
39.551
-227.05
-377.93
-407.23
-319.34
-424.81
-492.19
-436.52
-484.87
-534.67
-546.38
-568.36
-575.68
-585.94
-585.94
-599.12
-615.24
-606.42
-599.12
-606.42
-607.92
-610.86
-606.42
-599.12
-607.92
-609.36
-607.92
-609.36
-604.98
-603.54
-632.82
-638.7
-635.76
-643.08
-646.02
-651.84
-641.58
-640.14
-653.34
-663.6
-660.66
-650.4
-643.08
-653.34
-666.48
-666.48
-662.1
-669.42
-675.3
-660.66
-653.34
-657.72
-653.34
-665.04
-672.36
-659.16
-638.7
-643.08
-659.16
-667.98
-719.22
-766.14
-805.68
-833.52
-833.52
-836.4
-849.6
-848.16
-856.92
-867.18
-870.12
-859.86
-873.06
-895.02
-886.26
-876
-895.02
-897.96
-874.5
-873.06
-880.38
-871.56
-868.68
-887.7
-889.14
-880.38
-893.58
-903.78
-887.7
-878.88
-981.42
-1050.3
-1094.2
-1158.7
-1148.5
-1177.7
-1204.1
-1224.6
-1229
-1214.3
-1227.5
-1231.9
-1245.1
-1258.3
-1253.9
-1262.7
-1264.1
-1256.8
-1246.6
-1236.3
-1256.8
-1264.1
-1273
-1252.4
-1249.5
-1258.3
-1242.2
-1245.1
-1246.6
-1251
-1001.9
-741.24
-572.75
-464.36
-411.62
-418.94
-399.9
-353.03
-323.73
-336.91
-329.59
-290.04
-246.1
-209.47
-191.89
-172.85
-166.99
-164.06
-155.27
-150.88
-149.41
-147.95
-150.88
-158.2
-155.27
-155.27
-152.35
-159.67
-159.67
-156.74
-127.44
-93.75
-68.85
-41.015
-14.648
0
0
0
0
0
0
0
0
0
0
0
0
0
0
0
0
0
0
0
0
0
0
0
0
-10.254
-284.18
-421.88
-631.32
-785.16
-826.2
-687
-779.28
-877.44
-927.24
-887.7
-893.58
-946.26
-978.54
-966.78
-958.02
-975.6
-979.98
-979.98
-974.1
-974.1
-985.86
-990.24
-979.98
-984.36
-994.62
-988.74
-982.92
-990.24
-979.98
-968.28
-927.24
-868.68
-832.02
-805.68
-779.28
-764.64
-750
-739.74
-719.22
-707.52
-700.2
-694.32
-673.8
-653.34
-657.72
-673.8
-687
-666.48
-665.04
-679.68
-692.88
-682.62
-682.62
-679.68
-688.5
-681.18
-659.16
-654.78
-665.04
-681.18
-584.47
-471.68
-427.73
-399.9
-379.39
-355.96
-328.13
-288.58
-254.88
-241.7
-231.44
-228.52
-229.98
-218.26
-218.26
-212.4
-206.54
-219.73
-203.62
-193.36
-193.36
-184.57
-187.5
-190.43
-187.5
-197.75
-199.22
-186.04
-190.43
-186.04
90.822
285.64
399.9
404.3
395.51
530.27
624
622.56
610.86
648.9
685.56
676.74
663.6
697.26
728.04
735.36
704.58
701.64
714.84
728.04
725.1
711.9
723.66
716.28
714.84
722.16
729.48
735.36
732.42
711.9
808.62
908.22
947.76
956.52
999
1043
1072.3
1091.3
1107.4
1135.3
1116.2
1101.5
1130.9
1160.2
1154.3
1130.9
1133.8
1149.9
1144
1125
1147
1166
1171.9
1176.2
1163.1
1163.1
1170.4
1166
1161.6
1154.3
1167.5
1166
1139.6
1138.2
1145.5
1135.3
1129.4
1138.2
1151.3
1145.5
1138.2
1144
1148.5
1152.8
1161.6
1149.9
1158.7
1168.9
1160.2
1147
1152.8
1171.9
1179.2
1168.9
1173.4
1173.4
1180.7
1167.5
1168.9
1176.2
801.24
225.59
-240.23
-461.42
-464.36
-449.71
-587.4
-691.38
-717.78
-369.14
-372.07
-566.89
-682.62
-751.44
-789.54
-770.52
-591.8
-638.7
-725.1
-776.34
-792.48
-736.8
-750
-786.6
-804.18
-785.16
-785.16
-799.8
-792.48
-789.54
-370.61
235.84
596.19
810.06
903.78
752.94
711.9
900.9
1029.8
1040
788.1
887.7
1019.5
1098.7
1141.1
1141.1
1078.1
1063.5
1098.7
1122.1
1106
1119.1
1142.6
1127.9
1113.3
1136.7
1147
1149.9
1129.4
1129.4
912.6
604.98
427.73
285.64
208.01
234.38
249.02
184.57
133.3
106.93
96.678
54.199
26.367
13.184
14.648
20.508
17.578
17.578
13.184
7.3242
7.3242
5.8594
1.4648
1.4648
0
1.4648
0
0
0
0
268.07
462.89
612.3
805.68
924.3
848.16
745.62
865.74
963.84
962.4
974.1
1009.3
999
1010.8
1034.2
1045.9
1029.8
1031.3
1053.2
1053.2
1035.7
1044.4
1064.9
1059.1
1050.3
1041.5
1038.6
1048.8
1041.5
807.12
386.72
128.9
-55.664
-30.762
-8.7888
-80.568
-164.06
-171.38
-114.26
-149.41
-196.29
-193.36
-190.43
-218.26
-231.44
-237.31
-238.77
-237.31
-241.7
-244.63
-243.16
-235.84
-238.77
-243.16
-238.77
-240.23
-235.84
-246.1
-249.02
-225.59
-164.06
-114.26
-77.634
-67.38
-57.129
-41.015
-32.227
-13.184
-2.9297
0
-2.9297
-1.4648
-1.4648
0
0
-1.4648
0
0
0
0
0
0
0
0
0
0
0
0
0
-70.314
-190.43
-246.1
-271
-275.39
-300.29
-314.94
-322.27
-333.98
-336.91
-342.77
-338.38
-338.38
-341.31
-345.7
-348.63
-351.56
-354.49
-355.96
-350.1
-338.38
-342.77
-350.1
-353.03
-353.03
-348.63
-350.1
-335.45
-347.17
-348.63
-350.1
-364.75
-367.67
-376.46
-389.65
-385.25
-375
-376.46
-377.93
-379.39
-377.93
-385.25
-395.51
-391.12
-375
-363.28
-373.54
-380.86
-379.39
-382.33
-385.25
-388.18
-380.86
-369.14
-370.61
-377.93
-369.14
-364.75
-373.54
-379.39
-363.28
-316.4
-284.18
-260.74
-246.1
-228.52
-219.73
-210.94
-208.01
-202.15
-186.04
-188.96
-184.57
-172.85
-175.78
-175.78
-166.99
-183.11
-183.11
-165.53
-175.78
-181.64
-164.06
-183.11
-193.36
-183.11
-175.78
-188.96
-180.17
-171.38
-2.9297
294.43
363.28
391.12
454.1
474.61
496.58
552.25
587.4
596.19
597.65
606.42
634.26
641.58
629.88
632.82
648.9
653.34
650.4
638.7
637.2
648.9
662.1
659.16
646.02
637.2
644.52
653.34
651.84
646.02
385.25
-186.04
-424.81
-700.2
-868.68
-877.44
-578.62
-679.68
-858.42
-962.4
-1019.5
-1010.8
-798.36
-846.66
-949.2
-1019.5
-1057.6
-1070.8
-977.04
-953.64
-1015.1
-1063.5
-1079.6
-1032.7
-1003.4
-1019.5
-1057.6
-1064.9
-1050.3
-1069.3
-937.5
-571.29
-347.17
-199.22
-169.92
-124.51
-68.85
-39.551
-30.762
-2.9297
0
-2.9297
-1.4648
7.3242
0
0
0
0
0
0
0
0
0
0
0
0
0
0
0
0
112.79
297.37
376.46
515.63
591.8
541.99
609.36
670.92
684.06
700.2
726.54
714.84
723.66
741.24
757.32
761.7
742.68
745.62
763.2
760.26
735.36
738.3
761.7
757.32
739.74
742.68
763.2
760.26
755.88
757.32
748.56
722.16
689.94
654.78
654.78
662.1
656.28
635.76
632.82
651.84
643.08
604.98
604.98
622.56
641.58
621.12
615.24
619.62
628.44
612.3
610.86
624
622.56
610.86
629.88
629.88
622.56
624
632.82
624
612.3
603.54
604.98
615.24
600.6
577.15
587.4
602.04
607.92
606.42
596.19
596.19
596.19
606.42
591.8
585.94
587.4
590.33
603.54
610.86
585.94
580.08
587.4
599.12
600.6
603.54
603.54
596.19
604.98
610.86
534.67
325.19
213.87
146.48
108.4
117.19
93.75
65.916
32.227
4.3945
0
0
0
0
0
0
0
0
0
0
0
0
0
0
0
0
0
0
0
0
77.634
285.64
317.87
413.09
487.79
477.54
524.41
590.33
616.68
600.6
606.42
618.18
631.32
643.08
638.7
631.32
644.52
644.52
643.08
641.58
644.52
646.02
648.9
657.72
653.34
629.88
631.32
646.02
651.84
648.9
563.96
273.92
111.33
-10.254
-58.594
2.9297
-19.043
-57.129
-68.85
-64.452
-71.778
-80.568
-80.568
-89.358
-98.142
-101.08
-102.54
-89.358
-87.888
-87.888
-99.612
-106.93
-99.612
-87.888
-93.75
-101.08
-104
-98.142
-93.75
-90.822
-95.214
-120.12
-137.69
-131.84
-128.9
-137.69
-145.02
-143.56
-137.69
-149.41
-152.35
-139.16
-139.16
-150.88
-152.35
-143.56
-152.35
-165.53
-161.13
-150.88
-156.74
-155.27
-153.81
-146.48
-150.88
-147.95
-146.48
-145.02
-153.81
-155.27
-96.678
102.54
177.25
172.85
188.96
202.15
222.65
254.88
275.39
273.92
282.71
281.25
288.58
287.11
291.5
287.11
301.76
306.15
312.01
294.43
294.43
285.64
290.04
291.5
282.71
281.25
298.83
297.37
294.43
306.15
262.21
82.032
-8.7888
-24.902
-41.015
-52.735
-61.524
-76.17
-80.568
-76.17
-80.568
-82.032
-77.634
-73.242
-73.242
-76.17
-71.778
-79.104
-80.568
-76.17
-74.706
-68.85
-70.314
-70.314
-80.568
-82.032
-80.568
-73.242
-73.242
-67.38
-143.56
-423.34
-547.85
-730.98
-843.78
-788.1
-726.54
-836.4
-905.28
-900.9
-909.66
-952.14
-952.14
-936.06
-950.7
-959.46
-966.78
-969.72
-962.4
-974.1
-994.62
-1003.4
-996.12
-991.68
-975.6
-978.54
-982.92
-969.72
-972.66
-981.42
-880.38
-306.15
181.64
265.13
380.86
540.53
487.79
369.14
459.96
606.42
669.42
543.46
517.09
628.44
701.64
719.22
665.04
703.14
732.42
689.94
698.76
723.66
742.68
738.3
738.3
754.38
760.26
747.06
745.62
764.64
791.04
902.34
969.72
1015.1
1010.8
1041.5
1084
1086.9
1125
1154.3
1171.9
1177.7
1182.1
1202.6
1205.6
1195.3
1199.7
1202.6
1207
1210
1189.4
1198.3
1208.5
1215.8
1217.3
1221.7
1229
1210
1199.7
1196.8
1103
432.13
-150.88
-550.78
-758.76
-725.1
-565.43
-707.52
-870.12
-968.28
-1028.3
-1016.6
-594.73
-561.04
-774.9
-912.6
-987.3
-1037.1
-1064.9
-1076.6
-1075.2
-908.22
-855.48
-956.52
-1010.8
-1050.3
-1081.1
-1101.5
-1069.3
-936.06
-895.02
-402.83
65.916
168.46
158.2
240.23
405.76
508.3
539.06
310.55
272.46
427.73
530.27
583.01
606.42
607.92
565.43
522.95
550.78
591.8
585.94
552.25
563.96
572.75
577.15
577.15
572.75
575.68
591.8
615.24
596.19
521.48
487.79
465.82
442.38
423.34
405.76
402.83
386.72
373.54
366.21
358.88
361.82
364.75
338.38
348.63
347.17
333.98
347.17
348.63
355.96
361.82
358.88
355.96
351.56
344.24
350.1
350.1
341.31
353.03
395.51
559.57
618.18
726.54
826.2
817.38
853.98
889.14
924.3
937.5
955.08
969.72
991.68
990.24
978.54
984.36
977.04
985.86
996.12
972.66
979.98
985.86
991.68
999
999
972.66
971.22
1000.5
1007.8
981.42
925.8
314.94
-219.73
-577.15
-820.32
-922.86
-805.68
-830.58
-933.12
-972.66
-805.68
-840.84
-974.1
-1015.1
-930.18
-987.3
-1063.5
-1098.7
-1072.3
-1086.9
-1120.6
-1126.4
-1129.4
-1136.7
-1145.5
-1173.4
-1171.9
-1171.9
-1167.5
-1155.8
-1166
-1127.9
-1079.6
-1048.8
-1009.3
-993.18
-984.36
-949.2
-927.24
-928.74
-921.36
-916.98
-905.28
-895.02
-890.64
-903.78
-902.34
-886.26
-892.08
-905.28
-902.34
-906.72
-914.04
-906.72
-900.9
-905.28
-900.9
-893.58
-893.58
-906.72
-874.5
-606.42
-420.41
-300.29
-222.65
-215.33
-193.36
-145.02
-120.12
-114.26
-92.286
-61.524
-49.805
-33.691
-8.7888
0
0
0
0
0
0
0
0
0
0
0
0
0
0
0
2.9297
74.706
82.032
80.568
109.87
130.37
142.09
146.48
143.56
152.35
153.81
146.48
149.41
158.2
155.27
161.13
158.2
150.88
150.88
152.35
153.81
152.35
153.81
153.81
162.6
161.13
159.67
161.13
162.6
159.67
165.53
254.88
287.11
326.66
332.52
350.1
379.39
401.37
423.34
439.45
443.85
442.38
433.6
427.73
440.92
445.31
443.85
430.66
427.73
430.66
426.27
432.13
435.06
442.38
446.78
440.92
421.88
411.62
423.34
439.45
448.24
644.52
745.62
900.9
988.74
949.2
1009.3
1062
1073.8
1104.5
1122.1
1129.4
1127.9
1126.4
1167.5
1195.3
1188
1180.7
1192.4
1170.4
1170.4
1182.1
1182.1
1201.2
1199.7
1207
1215.8
1215.8
1212.9
1212.9
1195.3
864.24
537.6
317.87
172.85
164.06
187.5
109.87
49.805
21.973
36.621
24.902
-4.3945
-1.4648
5.8594
1.4648
-1.4648
-1.4648
0
0
0
-1.4648
-1.4648
0
0
0
-1.4648
0
0
0
0
0
0
0
0
0
0
0
0
0
0
0
0
0
0
0
0
0
0
0
0
0
0
0
0
0
0
0
0
0
-11.719
-322.27
-565.43
-832.02
-1018.1
-1082.5
-881.82
-958.02
-1101.5
-1171.9
-1151.3
-1133.8
-1182.1
-1230.5
-1239.2
-1226.1
-1240.7
-1246.6
-1261.3
-1259.8
-1267.1
-1274.4
-1248.1
-1237.8
-1199.7
-1170.4
-1217.3
-1233.4
-1258.3
-1258.3
-1268.6
-849.6
-268.07
180.17
436.52
487.79
314.94
238.77
440.92
575.68
646.02
638.7
367.67
452.63
588.87
662.1
698.76
711.9
684.06
643.08
648.9
684.06
660.66
637.2
654.78
685.56
698.76
697.26
685.56
694.32
681.18
354.49
26.367
-142.09
-285.64
-355.96
-219.73
-99.612
-229.98
-329.59
-377.93
-319.34
-328.13
-372.07
-382.33
-373.54
-380.86
-404.3
-399.9
-392.58
-407.23
-407.23
-394.04
-389.65
-402.83
-416.02
-417.48
-408.69
-411.62
-411.62
-398.44
-136.23
115.72
131.84
139.16
256.35
241.7
235.84
313.48
363.28
354.49
372.07
394.04
396.97
395.51
391.12
395.51
399.9
405.76
401.37
405.76
408.69
413.09
389.65
389.65
402.83
401.37
394.04
394.04
416.02
405.76
76.17
-183.11
-273.92
-446.78
-502.44
-320.8
-391.12
-517.09
-585.94
-566.89
-521.48
-571.29
-610.86
-612.3
-585.94
-593.26
-618.18
-621.12
-597.65
-603.54
-615.24
-612.3
-616.68
-624
-607.92
-550.78
-565.43
-600.6
-616.68
-612.3
-333.98
14.648
166.99
184.57
137.69
232.91
335.45
367.67
350.1
361.82
369.14
391.12
405.76
408.69
413.09
421.88
423.34
421.88
424.81
430.66
437.99
442.38
440.92
433.6
440.92
445.31
442.38
440.92
432.13
433.6
405.76
394.04
388.18
377.93
372.07
370.61
367.67
363.28
347.17
351.56
348.63
344.24
344.24
350.1
348.63
350.1
341.31
342.77
350.1
347.17
354.49
345.7
347.17
355.96
361.82
348.63
342.77
348.63
353.03
357.42
358.88
372.07
380.86
380.86
361.82
367.67
375
386.72
376.46
367.67
373.54
380.86
375
379.39
382.33
388.18
394.04
394.04
385.25
382.33
386.72
386.72
388.18
389.65
386.72
377.93
379.39
385.25
379.39
379.39
373.54
354.49
331.06
313.48
291.5
279.79
271
275.39
273.92
272.46
262.21
265.13
262.21
273.92
272.46
272.46
265.13
263.67
262.21
263.67
271
276.86
281.25
281.25
284.18
281.25
278.32
273.92
260.74
249.02
228.52
225.59
227.05
231.44
229.98
227.05
225.59
213.87
216.8
200.68
199.22
212.4
206.54
205.08
210.94
209.47
222.65
222.65
215.33
218.26
191.89
194.83
208.01
199.22
213.87
203.62
197.75
200.68
190.43
-106.93
-464.36
-681.18
-906.72
-1031.3
-990.24
-829.08
-953.64
-1064.9
-1120.6
-1037.1
-1021
-1100.1
-1148.5
-1149.9
-1119.1
-1144
-1177.7
-1195.3
-1189.4
-1201.2
-1202.6
-1207
-1202.6
-1198.3
-1196.8
-1190.9
-1212.9
-1214.3
-1192.4
-1059.1
-798.36
-637.2
-537.6
-471.68
-448.24
-439.45
-407.23
-364.75
-339.85
-310.55
-285.64
-269.53
-247.56
-228.52
-213.87
-215.33
-212.4
-212.4
-218.26
-206.54
-200.68
-206.54
-196.29
-208.01
-210.94
-209.47
-210.94
-199.22
-197.75
54.199
360.35
490.72
687
751.44
622.56
695.82
804.18
836.4
824.7
845.22
865.74
830.58
855.48
900.9
900.9
893.58
916.98
909.66
864.24
832.02
820.32
811.5
849.6
897.96
900.9
896.46
906.72
909.66
909.66
755.88
430.66
263.67
155.27
99.612
139.16
117.19
55.664
32.227
19.043
1.4648
-5.8594
-2.9297
-1.4648
-1.4648
0
0
0
0
0
0
0
0
0
0
0
0
0
0
0
172.85
465.82
520.02
660.66
777.84
750
691.38
786.6
826.2
805.68
839.34
877.44
881.82
881.82
902.34
912.6
909.66
916.98
916.98
900.9
900.9
916.98
914.04
908.22
912.6
931.62
924.3
921.36
933.12
919.92
697.26
246.1
-51.269
-124.51
-143.56
-165.53
-61.524
-1.4648
-55.664
-165.53
-237.31
-278.32
-317.87
-341.31
-364.75
-363.28
-355.96
-360.35
-361.82
-369.14
-369.14
-375
-383.79
-394.04
-391.12
-383.79
-385.25
-392.58
-396.97
-398.44
-493.65
-669.42
-760.26
-833.52
-868.68
-897.96
-908.22
-966.78
-1009.3
-1007.8
-1022.5
-1048.8
-1048.8
-1053.2
-1048.8
-1040
-1057.6
-1070.8
-1063.5
-1069.3
-1067.9
-1079.6
-1082.5
-1066.4
-1062
-1063.5
-1060.6
-1069.3
-1069.3
-1044.4
-902.34
-487.79
-209.47
13.184
124.51
60.06
2.9297
61.524
117.19
108.4
121.58
183.11
193.36
199.22
231.44
229.98
228.52
227.05
212.4
209.47
213.87
237.31
246.1
247.56
250.49
246.1
249.02
237.31
232.91
231.44
294.43
418.94
448.24
499.51
537.6
566.89
603.54
616.68
640.14
657.72
663.6
660.66
675.3
684.06
676.74
672.36
676.74
694.32
698.76
673.8
670.92
669.42
654.78
640.14
656.28
669.42
672.36
673.8
675.3
667.98
673.8
662.1
651.84
640.14
635.76
631.32
619.62
612.3
615.24
610.86
618.18
629.88
632.82
626.94
621.12
638.7
647.46
616.68
612.3
626.94
635.76
616.68
600.6
609.36
621.12
618.18
612.3
618.18
626.94
635.76
607.92
506.84
454.1
437.99
437.99
426.27
421.88
418.94
402.83
386.72
379.39
354.49
350.1
361.82
372.07
369.14
372.07
379.39
379.39
369.14
376.46
388.18
391.12
386.72
377.93
379.39
380.86
370.61
373.54
376.46
249.02
-140.63
-276.86
-474.61
-524.41
-338.38
-432.13
-563.96
-635.76
-647.46
-585.94
-613.74
-651.84
-643.08
-625.5
-647.46
-660.66
-675.3
-679.68
-676.74
-682.62
-688.5
-691.38
-687
-694.32
-689.94
-688.5
-672.36
-669.42
-660.66
-577.15
-275.39
-105.47
-17.578
1.4648
4.3945
21.973
30.762
48.34
86.424
118.65
136.23
134.77
120.12
128.9
137.69
131.84
115.72
115.72
120.12
123.05
120.12
112.79
117.19
127.44
130.37
121.58
123.05
131.84
131.84
8.7888
-335.45
-414.55
-602.04
-711.9
-568.36
-612.3
-744.12
-802.74
-770.52
-793.92
-840.84
-871.56
-877.44
-880.38
-878.88
-895.02
-893.58
-889.14
-902.34
-911.16
-903.78
-908.22
-922.86
-908.22
-868.68
-839.34
-834.96
-823.26
-853.98
-767.58
-244.63
140.63
413.09
474.61
394.04
439.45
540.53
546.38
416.02
496.58
600.6
641.58
571.29
610.86
669.42
678.24
666.48
687
703.14
688.5
678.24
697.26
716.28
706.08
694.32
688.5
692.88
703.14
701.64
670.92
574.22
515.63
483.4
465.82
432.13
396.97
375
357.42
341.31
326.66
313.48
317.87
307.62
285.64
282.71
273.92
268.07
276.86
284.18
285.64
294.43
285.64
292.97
287.11
288.58
290.04
287.11
284.18
284.18
256.35
111.33
27.832
-10.254
-24.902
-29.297
-29.297
-30.762
-35.156
-26.367
-21.973
-20.508
-7.3242
-7.3242
-8.7888
-10.254
-14.648
-11.719
-8.7888
-5.8594
-7.3242
-7.3242
-7.3242
-8.7888
-5.8594
-4.3945
-2.9297
-1.4648
-1.4648
-1.4648
65.916
396.97
486.33
647.46
754.38
685.56
647.46
754.38
791.04
802.74
842.28
843.78
836.4
865.74
893.58
909.66
924.3
922.86
899.4
896.46
915.54
912.6
886.26
896.46
914.04
911.16
902.34
927.24
934.56
922.86
834.96
449.71
213.87
58.594
-76.17
-133.3
-80.568
11.719
-55.664
-123.05
-162.6
-171.38
-120.12
-118.65
-146.48
-158.2
-150.88
-140.63
-139.16
-145.02
-152.35
-146.48
-145.02
-143.56
-142.09
-140.63
-145.02
-150.88
-155.27
-156.74
-208.01
-442.38
-533.2
-706.08
-795.42
-776.34
-748.56
-829.08
-852.54
-842.28
-862.8
-890.64
-912.6
-931.62
-938.94
-950.7
-965.34
-969.72
-962.4
-963.84
-955.08
-949.2
-958.02
-965.34
-960.96
-968.28
-975.6
-979.98
-965.34
-940.44
-883.32
-541.99
-303.22
-178.71
-96.678
-64.452
-61.524
-46.875
-17.578
2.9297
4.3945
8.7888
13.184
13.184
10.254
8.7888
7.3242
8.7888
7.3242
4.3945
7.3242
4.3945
7.3242
4.3945
2.9297
1.4648
1.4648
1.4648
0
1.4648
41.015
292.97
435.06
518.56
509.77
571.29
632.82
673.8
722.16
767.58
808.62
820.32
817.38
815.94
824.7
818.82
820.32
829.08
833.52
815.94
824.7
849.6
867.18
840.84
827.64
842.28
829.08
821.76
830.58
826.2
779.28
534.67
376.46
285.64
253.42
209.47
190.43
165.53
142.09
125.98
109.87
84.96
43.945
2.9297
0
0
0
0
0
0
0
0
0
0
0
0
0
0
0
0
35.156
301.76
518.56
624
698.76
780.78
703.14
728.04
827.64
865.74
821.76
853.98
906.72
928.74
930.18
925.8
934.56
937.5
925.8
914.04
924.3
949.2
949.2
931.62
946.26
960.96
952.14
947.76
950.7
934.56
890.64
436.52
64.452
-112.79
-227.05
-344.24
-360.35
-120.12
-130.37
-288.58
-388.18
-443.85
-459.96
-389.65
-355.96
-418.94
-458.5
-474.61
-458.5
-435.06
-454.1
-465.82
-467.29
-471.68
-470.21
-465.82
-461.42
-451.17
-443.85
-443.85
-398.44
90.822
474.61
672.36
644.52
679.68
814.44
900.9
930.18
795.42
779.28
883.32
960.96
993.18
1007.8
990.24
930.18
952.14
994.62
1007.8
999
968.28
978.54
966.78
953.64
959.46
971.22
991.68
997.56
1000.5
982.92
600.6
284.18
57.129
-109.87
-171.38
-80.568
-20.508
-120.12
-177.25
-140.63
-149.41
-188.96
-200.68
-202.15
-218.26
-213.87
-224.12
-228.52
-218.26
-215.33
-209.47
-213.87
-210.94
-210.94
-215.33
-197.75
-199.22
-206.54
-190.43
-205.08
-178.71
-137.69
-130.37
-137.69
-134.77
-128.9
-128.9
-127.44
-120.12
-120.12
-120.12
-120.12
-118.65
-108.4
-112.79
-115.72
-115.72
-112.79
-112.79
-105.47
-101.08
-109.87
-102.54
-98.142
-93.75
-89.358
-98.142
-106.93
-105.47
-115.72
-322.27
-457.03
-522.95
-604.98
-603.54
-621.12
-654.78
-688.5
-708.96
-708.96
-706.08
-719.22
-736.8
-726.54
-710.46
-725.1
-745.62
-745.62
-730.98
-733.86
-752.94
-761.7
-748.56
-748.56
-750
-736.8
-719.22
-725.1
-729.48
-704.58
-257.81
200.68
320.8
435.06
574.22
508.3
423.34
388.18
520.02
622.56
626.94
599.12
667.98
725.1
757.32
754.38
754.38
773.46
786.6
764.64
769.02
771.96
773.46
766.14
769.02
782.22
788.1
791.04
795.42
766.14
320.8
-32.227
-272.46
-399.9
-338.38
-363.28
-461.42
-536.13
-386.72
-443.85
-559.57
-619.62
-613.74
-593.26
-622.56
-648.9
-609.36
-604.98
-622.56
-650.4
-654.78
-640.14
-650.4
-663.6
-678.24
-673.8
-657.72
-665.04
-665.04
-644.52
-363.28
-73.242
87.888
77.634
29.297
7.3242
83.496
156.74
174.32
183.11
213.87
229.98
225.59
243.16
232.91
240.23
243.16
246.1
247.56
244.63
256.35
250.49
256.35
247.56
243.16
244.63
247.56
246.1
240.23
235.84
383.79
496.58
569.83
610.86
632.82
687
707.52
729.48
748.56
742.68
757.32
777.84
783.72
785.16
776.34
791.04
793.92
782.22
791.04
791.04
771.96
773.46
780.78
771.96
750
780.78
796.86
779.28
774.9
792.48
700.2
590.33
509.77
477.54
455.57
427.73
402.83
385.25
369.14
347.17
319.34
316.4
322.27
329.59
323.73
322.27
331.06
328.13
317.87
310.55
313.48
322.27
320.8
317.87
325.19
328.13
322.27
313.48
320.8
313.48
-137.69
-439.45
-695.82
-927.24
-985.86
-832.02
-936.06
-1063.5
-1130.9
-1013.7
-974.1
-1082.5
-1158.7
-1199.7
-1157.2
-1086.9
-1145.5
-1196.8
-1214.3
-1204.1
-1210
-1215.8
-1221.7
-1204.1
-1221.7
-1240.7
-1234.9
-1236.3
-1218.8
-1211.4
-937.5
-581.54
-342.77
-180.17
-108.4
-143.56
-123.05
-58.594
-29.297
-16.113
-13.184
2.9297
1.4648
-5.8594
-14.648
-2.9297
5.8594
1.4648
0
0
0
0
0
0
0
0
0
0
0
0
134.77
219.73
292.97
344.24
351.56
404.3
437.99
449.71
465.82
474.61
468.75
461.42
467.29
481.93
484.87
480.47
476.08
476.08
484.87
496.58
490.72
489.26
495.12
499.51
490.72
493.65
503.9
506.84
492.19
477.54
285.64
61.524
-38.086
-76.17
-30.762
-42.481
-111.33
-142.09
-162.6
-174.32
-187.5
-188.96
-188.96
-199.22
-193.36
-184.57
-186.04
-181.64
-181.64
-194.83
-184.57
-183.11
-194.83
-180.17
-181.64
-191.89
-178.71
-186.04
-194.83
-178.71
-164.06
-139.16
-101.08
-62.988
-49.805
-46.875
-42.481
-30.762
-19.043
-17.578
-23.438
-24.902
-26.367
-27.832
-23.438
-19.043
-11.719
-13.184
-23.438
-29.297
-26.367
-23.438
-11.719
-4.3945
-8.7888
-11.719
-13.184
-16.113
-21.973
-35.156
-309.08
-558.11
-771.96
-977.04
-1047.4
-915.54
-971.22
-1095.7
-1125
-1132.3
-1180.7
-1215.8
-1211.4
-1211.4
-1204.1
-1190.9
-1179.2
-1186.5
-1186.5
-1151.3
-1139.6
-1155.8
-1141.1
-1110.4
-1116.2
-1147
-1163.1
-1151.3
-1148.5
-908.22
-461.42
-161.13
-11.719
0
0
1.4648
1.4648
-1.4648
0
0
0
4.3945
5.8594
5.8594
1.4648
0
0
0
1.4648
0
0
0
0
0
0
0
0
0
0
222.65
468.75
665.04
855.48
845.22
792.48
890.64
969.72
979.98
1004.9
1062
1079.6
1098.7
1104.5
1097.2
1110.4
1132.3
1141.1
1108.9
1107.4
1132.3
1149.9
1158.7
1133.8
1127.9
1157.2
1148.5
1133.8
1161.6
1168.9
1018.1
730.98
575.68
473.14
396.97
372.07
380.86
329.59
295.9
278.32
232.91
175.78
150.88
136.23
133.3
131.84
128.9
115.72
115.72
117.19
114.26
115.72
114.26
109.87
115.72
117.19
124.51
127.44
130.37
127.44
238.77
389.65
467.29
580.08
631.32
604.98
651.84
665.04
688.5
720.72
741.24
750
752.94
767.58
760.26
752.94
764.64
776.34
767.58
751.44
751.44
755.88
741.24
736.8
754.38
769.02
758.76
741.24
754.38
773.46
593.26
146.48
-117.19
-301.76
-373.54
-161.13
-202.15
-345.7
-416.02
-410.15
-348.63
-396.97
-435.06
-402.83
-401.37
-426.27
-445.31
-446.78
-457.03
-459.96
-452.63
-442.38
-443.85
-452.63
-455.57
-454.1
-454.1
-452.63
-451.17
-457.03
-483.4
-544.92
-565.43
-577.15
-593.26
-602.04
-607.92
-613.74
-616.68
-610.86
-616.68
-631.32
-635.76
-624
-612.3
-612.3
-625.5
-644.52
-641.58
-621.12
-626.94
-638.7
-635.76
-616.68
-613.74
-616.68
-610.86
-603.54
-594.73
-602.04
-580.08
-496.58
-464.36
-448.24
-424.81
-398.44
-317.87
-266.6
-295.9
-316.4
-317.87
-303.22
-288.58
-285.64
-291.5
-291.5
-294.43
-290.04
-288.58
-291.5
-279.79
-268.07
-278.32
-281.25
-284.18
-292.97
-294.43
-288.58
-291.5
-294.43
-416.02
-660.66
-801.24
-972.66
-1060.6
-985.86
-981.42
-1081.1
-1132.3
-1094.2
-1120.6
-1157.2
-1183.6
-1198.3
-1199.7
-1215.8
-1212.9
-1202.6
-1188
-1193.8
-1221.7
-1221.7
-1224.6
-1231.9
-1217.3
-1224.6
-1224.6
-1226.1
-1226.1
-1227.5
-1120.6
-681.18
-375
-133.3
-1.4648
-10.254
29.297
87.888
105.47
54.199
35.156
80.568
109.87
80.568
64.452
92.286
102.54
102.54
105.47
121.58
128.9
130.37
128.9
137.69
136.23
121.58
121.58
133.3
140.63
134.77
57.129
-210.94
-313.48
-379.39
-407.23
-379.39
-420.41
-424.81
-457.03
-474.61
-459.96
-461.42
-479
-496.58
-492.19
-502.44
-512.69
-506.84
-496.58
-499.51
-512.69
-522.95
-524.41
-511.23
-512.69
-524.41
-522.95
-514.16
-509.77
-503.9
-556.64
-711.9
-817.38
-914.04
-918.48
-956.52
-1016.6
-1026.8
-1026.8
-1050.3
-1057.6
-1066.4
-1069.3
-1066.4
-1079.6
-1082.5
-1086.9
-1098.7
-1100.1
-1098.7
-1106
-1092.8
-1097.2
-1097.2
-1081.1
-1100.1
-1103
-1088.4
-1079.6
-1076.6
-999
-651.84
-437.99
-284.18
-186.04
-115.72
-55.664
-20.508
-11.719
-1.4648
1.4648
-2.9297
-13.184
-7.3242
-2.9297
0
1.4648
0
1.4648
0
0
0
0
0
0
0
0
0
0
0
43.945
194.83
249.02
304.69
377.93
377.93
408.69
440.92
461.42
467.29
468.75
471.68
464.36
477.54
489.26
479
474.61
481.93
498.05
487.79
487.79
486.33
481.93
493.65
490.72
480.47
476.08
484.87
483.4
481.93
514.16
594.73
619.62
662.1
719.22
726.54
732.42
754.38
776.34
780.78
764.64
767.58
760.26
751.44
758.76
770.52
788.1
789.54
770.52
780.78
796.86
807.12
786.6
776.34
786.6
793.92
766.14
771.96
792.48
795.42
736.8
424.81
188.96
41.015
-30.762
27.832
-1.4648
-65.916
-89.358
-87.888
-51.269
-57.129
-58.594
-60.06
-62.988
-60.06
-51.269
-54.199
-51.269
-49.805
-57.129
-61.524
-54.199
-62.988
-58.594
-49.805
-54.199
-61.524
-60.06
-61.524
14.648
492.19
622.56
852.54
1018.1
985.86
887.7
1029.8
1120.6
1084
1031.3
1114.7
1186.5
1198.3
1160.2
1179.2
1198.3
1218.8
1195.3
1198.3
1223.2
1229
1229
1227.5
1220.2
1226.1
1233.4
1226.1
1221.7
1227.5
1190.9
785.16
446.78
205.08
33.691
-36.621
20.508
-21.973
-68.85
-102.54
-74.706
-10.254
-46.875
-80.568
-79.104
-84.96
-76.17
-79.104
-77.634
-90.822
-87.888
-92.286
-95.214
-95.214
-86.424
-87.888
-86.424
-96.678
-95.214
-89.358
-112.79
-249.02
-323.73
-379.39
-416.02
-426.27
-455.57
-480.47
-480.47
-484.87
-490.72
-487.79
-503.9
-515.63
-521.48
-518.56
-508.3
-502.44
-506.84
-511.23
-515.63
-518.56
-509.77
-503.9
-512.69
-517.09
-530.27
-531.74
-514.16
-503.9
-500.98
-461.42
-421.88
-383.79
-361.82
-314.94
-266.6
-253.42
-249.02
-268.07
-281.25
-278.32
-284.18
-285.64
-290.04
-282.71
-284.18
-287.11
-290.04
-284.18
-292.97
-297.37
-314.94
-292.97
-292.97
-285.64
-297.37
-295.9
-295.9
-290.04
-290.04
-246.1
-218.26
-202.15
-178.71
-159.67
-153.81
-156.74
-142.09
-117.19
-121.58
-125.98
-112.79
-102.54
-106.93
-118.65
-128.9
-130.37
-115.72
-118.65
-128.9
-127.44
-114.26
-117.19
-127.44
-131.84
-117.19
-118.65
-124.51
-133.3
-123.05
-43.945
-1.4648
-1.4648
0
4.3945
1.4648
0
1.4648
0
0
0
0
0
0
0
0
0
0
0
0
0
0
0
0
0
0
0
0
0
-20.508
-377.93
-578.62
-793.92
-982.92
-1015.1
-830.58
-940.44
-1070.8
-1147
-1095.7
-1009.3
-1089.8
-1163.1
-1202.6
-1196.8
-1183.6
-1192.4
-1210
-1212.9
-1204.1
-1215.8
-1218.8
-1223.2
-1231.9
-1221.7
-1210
-1207
-1221.7
-1221.7
-1214.3
-1086.9
-927.24
-833.52
-780.78
-742.68
-703.14
-666.48
-637.2
-602.04
-559.57
-536.13
-520.02
-522.95
-518.56
-502.44
-495.12
-506.84
-508.3
-515.63
-514.16
-498.05
-495.12
-508.3
-521.48
-515.63
-508.3
-509.77
-509.77
-503.9
-500.98
-394.04
-287.11
-241.7
-210.94
-174.32
-146.48
-127.44
-96.678
-64.452
-61.524
-46.875
-24.902
-4.3945
0
-1.4648
-1.4648
0
0
0
0
0
0
0
0
0
0
0
0
0
0
19.043
29.297
32.227
41.015
45.41
36.621
30.762
38.086
35.156
38.086
42.481
39.551
43.945
39.551
41.015
46.875
45.41
45.41
51.269
49.805
49.805
48.34
43.945
46.875
52.735
48.34
43.945
48.34
46.875
51.269
184.57
276.86
290.04
364.75
379.39
402.83
446.78
470.21
471.68
473.14
484.87
490.72
489.26
484.87
487.79
492.19
481.93
480.47
490.72
492.19
495.12
483.4
476.08
480.47
480.47
477.54
477.54
487.79
479
476.08
631.32
754.38
792.48
874.5
899.4
934.56
963.84
956.52
1000.5
1031.3
1010.8
999
1013.7
1041.5
1056.2
1026.8
1022.5
1038.6
1044.4
1045.9
1050.3
1035.7
1050.3
1072.3
1045.9
1026.8
1038.6
1044.4
1056.2
1057.6
876
694.32
604.98
568.36
536.13
489.26
448.24
423.34
388.18
336.91
312.01
307.62
304.69
298.83
295.9
303.22
300.29
303.22
300.29
295.9
287.11
288.58
290.04
285.64
284.18
292.97
300.29
303.22
306.15
307.62
206.54
68.85
8.7888
-4.3945
-10.254
-17.578
-33.691
-42.481
-26.367
-2.9297
-8.7888
-19.043
-11.719
-2.9297
-1.4648
-7.3242
-5.8594
0
0
0
0
0
0
0
0
0
0
0
0
0
253.42
524.41
662.1
789.54
788.1
763.2
805.68
830.58
877.44
909.66
938.94
931.62
914.04
953.64
985.86
968.28
947.76
979.98
996.12
988.74
1007.8
996.12
965.34
982.92
999
999
991.68
991.68
985.86
810.06
524.41
410.15
287.11
218.26
246.1
246.1
186.04
152.35
131.84
89.358
42.481
17.578
1.4648
0
0
4.3945
2.9297
0
0
0
0
0
0
0
0
0
0
0
0
-127.44
-234.38
-269.53
-375
-389.65
-414.55
-468.75
-495.12
-508.3
-524.41
-527.35
-522.95
-522.95
-536.13
-547.85
-547.85
-536.13
-540.53
-547.85
-558.11
-539.06
-543.46
-552.25
-550.78
-546.38
-537.6
-546.38
-541.99
-536.13
-540.53
-320.8
93.75
298.83
335.45
268.07
353.03
467.29
446.78
439.45
517.09
555.17
520.02
536.13
574.22
577.15
563.96
580.08
585.94
597.65
590.33
578.62
575.68
580.08
596.19
602.04
584.47
585.94
599.12
593.26
593.26
590.33
580.08
584.47
585.94
572.75
561.04
561.04
556.64
558.11
565.43
580.08
577.15
563.96
571.29
580.08
561.04
562.5
574.22
578.62
584.47
585.94
558.11
541.99
541.99
547.85
559.57
561.04
547.85
555.17
569.83
503.9
369.14
303.22
271
238.77
218.26
202.15
156.74
134.77
117.19
101.08
87.888
89.358
89.358
89.358
86.424
80.568
68.85
64.452
70.314
64.452
62.988
58.594
55.664
55.664
54.199
52.735
57.129
60.06
57.129
96.678
155.27
177.25
193.36
208.01
232.91
234.38
240.23
238.77
250.49
262.21
256.35
265.13
260.74
265.13
263.67
265.13
266.6
262.21
263.67
272.46
279.79
282.71
275.39
276.86
269.53
275.39
272.46
272.46
266.6
249.02
222.65
219.73
219.73
208.01
215.33
210.94
205.08
208.01
184.57
184.57
199.22
178.71
171.38
175.78
169.92
177.25
197.75
186.04
175.78
180.17
171.38
161.13
169.92
169.92
164.06
174.32
178.71
169.92
175.78
43.945
-259.28
-306.15
-446.78
-531.74
-452.63
-505.37
-571.29
-565.43
-596.19
-631.32
-638.7
-635.76
-648.9
-666.48
-665.04
-641.58
-640.14
-653.34
-660.66
-643.08
-641.58
-657.72
-666.48
-662.1
-654.78
-648.9
-648.9
-654.78
-650.4
-659.16
-701.64
-735.36
-758.76
-760.26
-758.76
-780.78
-798.36
-785.16
-785.16
-802.74
-813
-793.92
-791.04
-804.18
-788.1
-785.16
-788.1
-798.36
-804.18
-792.48
-796.86
-804.18
-792.48
-785.16
-793.92
-793.92
-780.78
-785.16
-799.8
-637.2
-42.481
369.14
593.26
581.54
448.24
588.87
714.84
782.22
763.2
578.62
659.16
764.64
815.94
843.78
852.54
814.44
755.88
792.48
823.26
789.54
767.58
791.04
823.26
832.02
815.94
827.64
837.9
839.34
839.34
846.66
829.08
801.24
785.16
795.42
814.44
807.12
792.48
804.18
793.92
779.28
773.46
773.46
770.52
761.7
769.02
776.34
766.14
767.58
786.6
799.8
783.72
779.28
788.1
801.24
783.72
779.28
783.72
777.84
780.78
773.46
771.96
777.84
776.34
780.78
786.6
785.16
774.9
776.34
795.42
773.46
757.32
767.58
780.78
788.1
782.22
783.72
779.28
786.6
779.28
780.78
789.54
774.9
757.32
767.58
776.34
769.02
769.02
783.72
786.6
684.06
288.58
46.875
-104
-120.12
-64.452
-181.64
-265.13
-272.46
-227.05
-279.79
-295.9
-282.71
-287.11
-309.08
-316.4
-313.48
-317.87
-316.4
-319.34
-323.73
-323.73
-312.01
-304.69
-292.97
-298.83
-300.29
-295.9
-297.37
-304.69
-380.86
-646.02
-795.42
-968.28
-1086.9
-1038.6
-1037.1
-1138.2
-1182.1
-1158.7
-1179.2
-1211.4
-1239.2
-1231.9
-1230.5
-1255.4
-1267.1
-1275.9
-1268.6
-1281.7
-1286.2
-1275.9
-1281.7
-1278.8
-1284.7
-1268.6
-1277.3
-1281.7
-1275.9
-1261.3
-1201.2
-843.78
-563.96
-402.83
-292.97
-203.62
-153.81
-139.16
-155.27
-143.56
-112.79
-96.678
-98.142
-76.17
-48.34
-32.227
-21.973
-4.3945
0
0
0
0
0
0
0
0
0
0
0
0
-54.199
-342.77
-464.36
-622.56
-729.48
-703.14
-635.76
-730.98
-801.24
-820.32
-813
-826.2
-839.34
-840.84
-836.4
-829.08
-851.1
-868.68
-865.74
-859.86
-876
-884.76
-881.82
-884.76
-887.7
-865.74
-865.74
-886.26
-877.44
-862.8
-818.82
-372.07
-1.4648
268.07
430.66
338.38
225.59
341.31
461.42
508.3
401.37
417.48
509.77
555.17
479
487.79
544.92
575.68
561.04
562.5
590.33
604.98
591.8
583.01
596.19
603.54
591.8
574.22
577.15
585.94
609.36
725.1
771.96
783.72
826.2
877.44
897.96
918.48
940.44
944.82
922.86
944.82
972.66
965.34
958.02
956.52
968.28
977.04
982.92
965.34
950.7
960.96
977.04
972.66
966.78
968.28
977.04
981.42
975.6
974.1
915.54
243.16
-325.19
-726.54
-953.64
-1076.6
-900.9
-741.24
-911.16
-1069.3
-1154.3
-1211.4
-1233.4
-930.18
-810.06
-993.18
-1107.4
-1188
-1236.3
-1261.3
-1253.9
-1062
-1063.5
-1160.2
-1202.6
-1242.2
-1261.3
-1262.7
-1171.9
-1164.5
-1190.9
-853.98
-525.88
-401.37
-295.9
-161.13
-77.634
-46.875
-43.945
-17.578
-4.3945
0
10.254
7.3242
-13.184
-5.8594
10.254
10.254
-2.9297
-1.4648
1.4648
0
0
0
0
0
0
0
0
0
-4.3945
-106.93
-164.06
-186.04
-196.29
-188.96
-193.36
-221.19
-228.52
-228.52
-246.1
-235.84
-238.77
-243.16
-253.42
-243.16
-229.98
-222.65
-209.47
-216.8
-218.26
-224.12
-234.38
-234.38
-237.31
-237.31
-244.63
-247.56
-235.84
-235.84
-219.73
-29.297
89.358
89.358
83.496
149.41
191.89
203.62
216.8
231.44
212.4
222.65
222.65
224.12
231.44
227.05
240.23
243.16
251.95
247.56
246.1
251.95
247.56
250.49
247.56
247.56
237.31
231.44
241.7
232.91
227.05
-133.3
-326.66
-490.72
-615.24
-590.33
-492.19
-597.65
-667.98
-643.08
-662.1
-711.9
-720.72
-717.78
-735.36
-748.56
-735.36
-741.24
-750
-766.14
-760.26
-761.7
-758.76
-771.96
-760.26
-752.94
-764.64
-782.22
-761.7
-748.56
-757.32
-836.4
-881.82
-924.3
-966.78
-981.42
-977.04
-979.98
-997.56
-1009.3
-1006.3
-1007.8
-1016.6
-1034.2
-1050.3
-1048.8
-1044.4
-1038.6
-1048.8
-1044.4
-1021
-1018.1
-1035.7
-1035.7
-1031.3
-1038.6
-1025.4
-1022.5
-1050.3
-1037.1
-1013.7
-776.34
-525.88
-373.54
-266.6
-225.59
-234.38
-212.4
-184.57
-165.53
-127.44
-77.634
-48.34
-33.691
-14.648
0
0
-1.4648
-1.4648
-1.4648
-2.9297
-2.9297
-5.8594
-8.7888
-10.254
-8.7888
-4.3945
-4.3945
-5.8594
-1.4648
-1.4648
-77.634
-137.69
-171.38
-183.11
-181.64
-206.54
-216.8
-213.87
-222.65
-225.59
-235.84
-243.16
-237.31
-238.77
-231.44
-235.84
-232.91
-238.77
-241.7
-238.77
-241.7
-237.31
-244.63
-244.63
-246.1
-243.16
-235.84
-224.12
-209.47
-210.94
-383.79
-553.71
-632.82
-706.08
-726.54
-745.62
-791.04
-821.76
-820.32
-830.58
-859.86
-893.58
-884.76
-873.06
-890.64
-908.22
-900.9
-900.9
-909.66
-903.78
-892.08
-905.28
-912.6
-903.78
-895.02
-890.64
-889.14
-902.34
-915.54
-895.02
-506.84
77.634
420.41
396.97
410.15
590.33
706.08
738.3
511.23
484.87
644.52
742.68
793.92
815.94
827.64
793.92
700.2
742.68
795.42
823.26
820.32
795.42
805.68
815.94
791.04
786.6
799.8
791.04
799.8
798.36
480.47
52.735
-194.83
-375
-473.14
-464.36
-222.65
-285.64
-423.34
-499.51
-540.53
-550.78
-433.6
-442.38
-499.51
-521.48
-484.87
-490.72
-503.9
-512.69
-524.41
-530.27
-543.46
-541.99
-533.2
-528.81
-543.46
-555.17
-550.78
-539.06
-448.24
-312.01
-260.74
-221.19
-193.36
-183.11
-158.2
-115.72
-83.496
-70.314
-54.199
-51.269
-45.41
-41.015
-42.481
-33.691
-32.227
-16.113
-7.3242
-7.3242
-11.719
-10.254
-13.184
-21.973
-17.578
-26.367
-26.367
-20.508
-11.719
77.634
187.5
205.08
243.16
272.46
304.69
316.4
325.19
335.45
341.31
338.38
345.7
351.56
351.56
351.56
354.49
355.96
354.49
354.49
357.42
357.42
350.1
351.56
350.1
351.56
342.77
338.38
353.03
357.42
355.96
84.96
-206.54
-301.76
-481.93
-581.54
-427.73
-449.71
-583.01
-644.52
-615.24
-628.44
-682.62
-708.96
-701.64
-703.14
-714.84
-735.36
-730.98
-719.22
-720.72
-739.74
-748.56
-738.3
-735.36
-736.8
-741.24
-738.3
-738.3
-735.36
-733.86
-604.98
-405.76
-300.29
-254.88
-243.16
-209.47
-194.83
-180.17
-137.69
-83.496
-60.06
-60.06
-51.269
-32.227
-24.902
-32.227
-29.297
-29.297
-24.902
-19.043
-2.9297
-2.9297
-7.3242
-10.254
-17.578
-30.762
-11.719
-10.254
-23.438
-19.043
202.15
477.54
613.74
818.82
868.68
763.2
836.4
930.18
927.24
899.4
975.6
1018.1
1022.5
1003.4
1040
1079.6
1073.8
1040
1048.8
1056.2
1075.2
1079.6
1073.8
1064.9
1066.4
1069.3
1059.1
1063.5
1062
1076.6
1073.8
1079.6
1088.4
1072.3
1075.2
1082.5
1075.2
1072.3
1064.9
1067.9
1085.5
1079.6
1060.6
1076.6
1082.5
1081.1
1067.9
1066.4
1082.5
1064.9
1064.9
1082.5
1066.4
1045.9
1069.3
1081.1
1081.1
1092.8
1092.8
1078.1
900.9
467.29
205.08
-20.508
-150.88
-215.33
-193.36
24.902
-54.199
-164.06
-224.12
-250.49
-238.77
-202.15
-216.8
-238.77
-228.52
-228.52
-240.23
-228.52
-234.38
-229.98
-235.84
-244.63
-241.7
-241.7
-234.38
-232.91
-232.91
-241.7
-287.11
-361.82
-407.23
-459.96
-486.33
-499.51
-518.56
-536.13
-544.92
-558.11
-566.89
-555.17
-541.99
-553.71
-558.11
-566.89
-572.75
-571.29
-571.29
-574.22
-574.22
-571.29
-568.36
-563.96
-571.29
-571.29
-574.22
-565.43
-561.04
-552.25
-553.71
-556.64
-544.92
-531.74
-528.81
-537.6
-547.85
-544.92
-537.6
-540.53
-536.13
-527.35
-539.06
-536.13
-530.27
-534.67
-537.6
-536.13
-540.53
-533.2
-524.41
-527.35
-537.6
-547.85
-553.71
-544.92
-543.46
-546.38
-547.85
-536.13
-361.82
208.01
537.6
698.76
629.88
748.56
861.3
908.22
769.02
697.26
832.02
911.16
955.08
956.52
874.5
889.14
938.94
962.4
946.26
947.76
969.72
959.46
934.56
946.26
962.4
974.1
985.86
962.4
978.54
999
997.56
931.62
905.28
899.4
897.96
899.4
892.08
878.88
874.5
887.7
889.14
865.74
849.6
848.16
846.66
859.86
876
865.74
864.24
871.56
883.32
883.32
877.44
862.8
839.34
843.78
867.18
873.06
849.6
853.98
752.94
291.5
-23.438
-243.16
-285.64
-172.85
-234.38
-342.77
-405.76
-350.1
-322.27
-402.83
-445.31
-433.6
-404.3
-423.34
-435.06
-437.99
-440.92
-443.85
-455.57
-465.82
-445.31
-436.52
-442.38
-452.63
-461.42
-462.89
-462.89
-464.36
-347.17
168.46
439.45
534.67
647.46
764.64
673.8
600.6
719.22
804.18
763.2
767.58
840.84
870.12
846.66
870.12
892.08
889.14
903.78
919.92
905.28
896.46
899.4
897.96
915.54
940.44
927.24
889.14
911.16
930.18
924.3
941.88
982.92
990.24
1004.9
1028.3
1060.6
1070.8
1056.2
1070.8
1094.2
1079.6
1048.8
1078.1
1101.5
1106
1098.7
1078.1
1089.8
1114.7
1098.7
1081.1
1100.1
1101.5
1101.5
1103
1110.4
1108.9
1107.4
1100.1
1081.1
1023.9
1003.4
996.12
962.4
943.38
941.88
934.56
925.8
916.98
909.66
886.26
892.08
895.02
887.7
895.02
903.78
897.96
886.26
896.46
859.86
855.48
876
876
884.76
902.34
899.4
892.08
895.02
903.78
815.94
263.67
-199.22
-477.54
-527.35
-372.07
-465.82
-624
-713.4
-744.12
-524.41
-503.9
-643.08
-723.66
-777.84
-805.68
-777.84
-673.8
-701.64
-764.64
-789.54
-760.26
-742.68
-774.9
-788.1
-785.16
-793.92
-802.74
-793.92
-786.6
-733.86
-202.15
269.53
524.41
553.71
572.75
717.78
821.76
732.42
609.36
754.38
862.8
916.98
944.82
953.64
867.18
833.52
890.64
940.44
938.94
909.66
930.18
956.52
927.24
899.4
930.18
940.44
928.74
936.06
930.18
855.48
218.26
-210.94
-522.95
-736.8
-874.5
-908.22
-679.68
-687
-840.84
-941.88
-999
-937.5
-675.3
-779.28
-896.46
-975.6
-1025.4
-1048.8
-1032.7
-900.9
-921.36
-988.74
-1032.7
-1037.1
-982.92
-962.4
-1000.5
-1023.9
-1023.9
-984.36
-818.82
-698.76
-631.32
-591.8
-561.04
-533.2
-500.98
-459.96
-418.94
-389.65
-372.07
-351.56
-353.03
-360.35
-357.42
-341.31
-332.52
-317.87
-316.4
-323.73
-325.19
-332.52
-342.77
-342.77
-342.77
-341.31
-345.7
-351.56
-351.56
-345.7
-266.6
-208.01
-165.53
-133.3
-108.4
-89.358
-70.314
-52.735
-43.945
-30.762
-20.508
-16.113
-26.367
-29.297
-16.113
-17.578
-5.8594
0
0
0
0
0
0
0
0
0
0
0
0
0
0
0
0
0
0
0
0
0
0
0
0
0
0
0
0
0
0
0
0
0
0
0
0
0
0
0
0
0
0
24.902
411.62
613.74
865.74
999
936.06
846.66
971.22
1075.2
1043
1007.8
1098.7
1158.7
1182.1
1139.6
1147
1189.4
1207
1176.2
1185.1
1205.6
1217.3
1201.2
1192.4
1202.6
1208.5
1192.4
1183.6
1192.4
1215.8
1196.8
647.46
-1.4648
-404.3
-625.5
-628.44
-588.87
-739.74
-839.34
-799.8
-525.88
-653.34
-796.86
-880.38
-933.12
-933.12
-717.78
-750
-855.48
-919.92
-952.14
-968.28
-914.04
-874.5
-919.92
-958.02
-969.72
-925.8
-931.62
-946.26
-950.7
-839.34
-706.08
-634.26
-590.33
-572.75
-561.04
-534.67
-506.84
-477.54
-445.31
-436.52
-430.66
-421.88
-405.76
-413.09
-414.55
-405.76
-402.83
-410.15
-405.76
-401.37
-405.76
-402.83
-407.23
-410.15
-395.51
-395.51
-399.9
-399.9
-389.65
-219.73
-64.452
-2.9297
0
2.9297
11.719
24.902
46.875
61.524
73.242
74.706
76.17
76.17
74.706
73.242
77.634
80.568
74.706
71.778
64.452
70.314
76.17
79.104
79.104
82.032
79.104
70.314
68.85
71.778
67.38
16.113
-23.438
-27.832
-29.297
-17.578
-5.8594
-10.254
-20.508
-32.227
-24.902
-24.902
-26.367
-17.578
-2.9297
-2.9297
-1.4648
0
-1.4648
0
0
0
0
0
0
0
-1.4648
0
-2.9297
0
2.9297
332.52
607.92
813
908.22
867.18
899.4
956.52
950.7
984.36
1038.6
1104.5
1113.3
1119.1
1147
1161.6
1147
1132.3
1154.3
1185.1
1177.7
1164.5
1179.2
1168.9
1174.8
1176.2
1186.5
1208.5
1186.5
1158.7
1164.5
1021
848.16
748.56
685.56
643.08
615.24
581.54
549.32
515.63
484.87
458.5
443.85
440.92
429.2
413.09
408.69
402.83
405.76
411.62
410.15
398.44
405.76
402.83
394.04
391.12
407.23
414.55
404.3
391.12
396.97
99.612
-215.33
-350.1
-503.9
-553.71
-392.58
-452.63
-552.25
-594.73
-565.43
-578.62
-619.62
-641.58
-637.2
-646.02
-657.72
-651.84
-647.46
-662.1
-667.98
-647.46
-647.46
-656.28
-659.16
-654.78
-657.72
-654.78
-654.78
-662.1
-653.34
-667.98
-695.82
-708.96
-723.66
-728.04
-723.66
-733.86
-745.62
-741.24
-730.98
-735.36
-745.62
-745.62
-739.74
-736.8
-744.12
-736.8
-732.42
-738.3
-745.62
-739.74
-730.98
-729.48
-745.62
-728.04
-723.66
-733.86
-744.12
-728.04
-723.66
-717.78
-695.82
-662.1
-640.14
-625.5
-621.12
-588.87
-584.47
-587.4
-585.94
-581.54
-583.01
-574.22
-572.75
-574.22
-574.22
-577.15
-578.62
-559.57
-562.5
-571.29
-583.01
-561.04
-561.04
-569.83
-574.22
-577.15
-569.83
-566.89
-243.16
269.53
541.99
706.08
708.96
730.98
703.14
675.3
763.2
839.34
795.42
810.06
876
883.32
886.26
921.36
947.76
947.76
944.82
946.26
960.96
978.54
994.62
974.1
991.68
1015.1
1023.9
1000.5
977.04
984.36
676.74
77.634
-290.04
-530.27
-660.66
-591.8
-407.23
-547.85
-682.62
-758.76
-791.04
-587.4
-536.13
-669.42
-751.44
-801.24
-830.58
-776.34
-704.58
-752.94
-804.18
-808.62
-777.84
-793.92
-807.12
-807.12
-813
-829.08
-837.9
-824.7
-890.64
-1016.6
-1023.9
-1067.9
-1132.3
-1117.7
-1158.7
-1198.3
-1220.2
-1230.5
-1218.8
-1226.1
-1230.5
-1226.1
-1240.7
-1249.5
-1267.1
-1259.8
-1262.7
-1251
-1242.2
-1252.4
-1240.7
-1246.6
-1258.3
-1256.8
-1259.8
-1248.1
-1258.3
-1258.3
-1081.1
-684.06
-414.55
-229.98
-145.02
-149.41
-114.26
-49.805
-26.367
-23.438
-23.438
-14.648
-5.8594
0
-14.648
-26.367
-14.648
-1.4648
0
0
0
1.4648
0
0
0
0
0
0
0
0
137.69
336.91
414.55
531.74
631.32
583.01
621.12
692.88
695.82
698.76
720.72
742.68
766.14
785.16
777.84
774.9
788.1
798.36
793.92
782.22
789.54
774.9
760.26
770.52
786.6
789.54
783.72
789.54
798.36
785.16
660.66
377.93
221.19
136.23
93.75
79.104
52.735
30.762
11.719
8.7888
5.8594
1.4648
0
0
0
0
0
0
0
0
0
0
0
0
0
0
0
0
0
0
-13.184
-46.875
-48.34
-38.086
-48.34
-51.269
-54.199
-60.06
-62.988
-61.524
-74.706
-73.242
-73.242
-67.38
-58.594
-64.452
-64.452
-62.988
-68.85
-64.452
-71.778
-71.778
-70.314
-65.916
-55.664
-60.06
-74.706
-74.706
-77.634
0
-140.63
-367.67
-577.15
-732.42
-713.4
-729.48
-770.52
-793.92
-839.34
-874.5
-884.76
-905.28
-911.16
-905.28
-915.54
-930.18
-956.52
-959.46
-952.14
-962.4
-959.46
-934.56
-940.44
-950.7
-941.88
-956.52
-959.46
-941.88
-943.38
-963.84
-912.6
-807.12
-745.62
-711.9
-670.92
-643.08
-628.44
-622.56
-602.04
-572.75
-569.83
-569.83
-552.25
-549.32
-549.32
-544.92
-537.6
-540.53
-536.13
-525.88
-528.81
-528.81
-534.67
-546.38
-549.32
-541.99
-544.92
-549.32
-553.71
-556.64
-597.65
-688.5
-760.26
-845.22
-871.56
-868.68
-905.28
-933.12
-947.76
-963.84
-987.3
-985.86
-966.78
-965.34
-963.84
-966.78
-972.66
-959.46
-962.4
-991.68
-993.18
-981.42
-999
-1004.9
-993.18
-991.68
-977.04
-974.1
-987.3
-991.68
-766.14
-79.104
377.93
603.54
786.6
698.76
638.7
763.2
824.7
714.84
733.86
867.18
861.3
777.84
897.96
987.3
1012.2
960.96
1010.8
1064.9
1076.6
1013.7
1047.4
1086.9
1108.9
1091.3
1086.9
1103
1113.3
1100.1
864.24
165.53
-316.4
-596.19
-678.24
-679.68
-613.74
-735.36
-883.32
-922.86
-713.4
-697.26
-846.66
-956.52
-1022.5
-1025.4
-840.84
-864.24
-959.46
-1022.5
-1062
-1057.6
-974.1
-993.18
-1038.6
-1054.7
-1041.5
-1022.5
-1035.7
-1057.6
-886.26
-310.55
165.53
424.81
517.09
260.74
357.42
517.09
600.6
637.2
552.25
375
486.33
591.8
647.46
676.74
685.56
666.48
640.14
643.08
663.6
650.4
634.26
643.08
654.78
647.46
644.52
647.46
660.66
656.28
722.16
874.5
912.6
987.3
1001.9
1015.1
1026.8
1054.7
1088.4
1107.4
1101.5
1106
1135.3
1152.8
1157.2
1151.3
1136.7
1148.5
1151.3
1147
1154.3
1151.3
1130.9
1142.6
1155.8
1145.5
1142.6
1157.2
1168.9
1160.2
1094.2
895.02
767.58
691.38
646.02
612.3
575.68
520.02
493.65
473.14
445.31
429.2
416.02
408.69
398.44
388.18
391.12
394.04
391.12
385.25
379.39
385.25
383.79
379.39
392.58
401.37
395.51
392.58
395.51
399.9
304.69
8.7888
-90.822
-165.53
-188.96
-162.6
-215.33
-257.81
-275.39
-288.58
-303.22
-306.15
-306.15
-309.08
-303.22
-307.62
-310.55
-319.34
-322.27
-320.8
-325.19
-322.27
-314.94
-300.29
-304.69
-307.62
-310.55
-316.4
-310.55
-309.08
-197.75
139.16
155.27
166.99
231.44
285.64
313.48
372.07
416.02
459.96
480.47
477.54
465.82
476.08
498.05
509.77
506.84
514.16
517.09
505.37
498.05
509.77
514.16
509.77
506.84
499.51
506.84
509.77
503.9
503.9
552.25
691.38
751.44
880.38
950.7
889.14
940.44
1001.9
997.56
1022.5
1057.6
1043
1043
1050.3
1067.9
1086.9
1088.4
1067.9
1073.8
1084
1092.8
1082.5
1062
1081.1
1086.9
1078.1
1081.1
1078.1
1070.8
1092.8
979.98
455.57
21.973
-257.81
-386.72
-328.13
-278.32
-373.54
-451.17
-348.63
-269.53
-392.58
-481.93
-522.95
-517.09
-487.79
-506.84
-533.2
-527.35
-517.09
-527.35
-541.99
-546.38
-534.67
-537.6
-541.99
-555.17
-563.96
-547.85
-537.6
-574.22
-736.8
-789.54
-865.74
-896.46
-933.12
-974.1
-1010.8
-1016.6
-1029.8
-1059.1
-1069.3
-1062
-1073.8
-1091.3
-1082.5
-1079.6
-1091.3
-1082.5
-1095.7
-1095.7
-1073.8
-1084
-1091.3
-1082.5
-1085.5
-1078.1
-1081.1
-1098.7
-1094.2
-1060.6
-909.66
-792.48
-723.66
-687
-666.48
-638.7
-594.73
-555.17
-531.74
-506.84
-487.79
-487.79
-490.72
-490.72
-486.33
-481.93
-483.4
-481.93
-486.33
-479
-483.4
-490.72
-490.72
-487.79
-493.65
-498.05
-498.05
-496.58
-486.33
-484.87
-421.88
-385.25
-355.96
-329.59
-310.55
-278.32
-243.16
-222.65
-219.73
-213.87
-205.08
-200.68
-188.96
-194.83
-202.15
-193.36
-202.15
-208.01
-190.43
-196.29
-191.89
-181.64
-190.43
-184.57
-186.04
-205.08
-199.22
-193.36
-197.75
-237.31
-474.61
-566.89
-654.78
-695.82
-714.84
-747.06
-783.72
-807.12
-843.78
-865.74
-865.74
-870.12
-881.82
-896.46
-896.46
-906.72
-918.48
-915.54
-903.78
-912.6
-905.28
-897.96
-892.08
-890.64
-887.7
-896.46
-902.34
-897.96
-905.28
-855.48
-473.14
-169.92
24.902
58.594
1.4648
111.33
153.81
106.93
128.9
169.92
169.92
153.81
188.96
206.54
202.15
202.15
208.01
215.33
206.54
210.94
205.08
199.22
208.01
208.01
202.15
219.73
212.4
218.26
221.19
183.11
8.7888
-96.678
-101.08
-99.612
-118.65
-145.02
-158.2
-166.99
-175.78
-177.25
-168.46
-177.25
-174.32
-169.92
-178.71
-187.5
-187.5
-194.83
-194.83
-193.36
-191.89
-186.04
-174.32
-178.71
-187.5
-186.04
-183.11
-171.38
-172.85
-125.98
265.13
386.72
575.68
717.78
757.32
603.54
632.82
741.24
777.84
752.94
792.48
813
818.82
839.34
851.1
845.22
837.9
845.22
848.16
845.22
855.48
865.74
862.8
849.6
855.48
868.68
859.86
856.92
861.3
864.24
896.46
936.06
947.76
955.08
963.84
962.4
974.1
994.62
993.18
981.42
990.24
1015.1
1025.4
1012.2
1009.3
1000.5
1006.3
1009.3
1001.9
996.12
978.54
1000.5
1028.3
1009.3
978.54
996.12
1007.8
987.3
985.86
1001.9
962.4
933.12
918.48
893.58
861.3
858.42
855.48
830.58
820.32
820.32
799.8
791.04
798.36
814.44
804.18
788.1
796.86
805.68
798.36
798.36
805.68
795.42
786.6
799.8
807.12
804.18
804.18
802.74
796.86
785.16
725.1
682.62
651.84
610.86
565.43
537.6
517.09
503.9
490.72
484.87
486.33
480.47
473.14
477.54
489.26
474.61
465.82
468.75
473.14
474.61
479
476.08
464.36
467.29
474.61
483.4
470.21
468.75
471.68
493.65
679.68
767.58
862.8
896.46
892.08
919.92
953.64
996.12
1009.3
1022.5
1037.1
1047.4
1067.9
1097.2
1089.8
1053.2
1072.3
1089.8
1079.6
1078.1
1075.2
1086.9
1097.2
1091.3
1072.3
1075.2
1072.3
1073.8
1073.8
1060.6
669.42
323.73
79.104
-74.706
-79.104
5.8594
-54.199
-54.199
-19.043
-61.524
-133.3
-181.64
-202.15
-199.22
-200.68
-184.57
-174.32
-181.64
-190.43
-200.68
-216.8
-218.26
-209.47
-202.15
-193.36
-191.89
-200.68
-203.62
-209.47
-206.54
-180.17
-152.35
-131.84
-120.12
-112.79
-98.142
-95.214
-89.358
-90.822
-89.358
-92.286
-90.822
-90.822
-87.888
-87.888
-90.822
-92.286
-95.214
-86.424
-86.424
-83.496
-80.568
-83.496
-92.286
-83.496
-83.496
-68.85
-64.452
-62.988
-67.38
-10.254
1.4648
2.9297
11.719
7.3242
4.3945
8.7888
16.113
20.508
4.3945
1.4648
2.9297
1.4648
2.9297
1.4648
0
0
1.4648
2.9297
2.9297
4.3945
7.3242
11.719
14.648
23.438
23.438
13.184
4.3945
0
1.4648
5.8594
5.8594
5.8594
8.7888
21.973
38.086
42.481
48.34
49.805
45.41
38.086
35.156
43.945
36.621
38.086
33.691
27.832
32.227
41.015
36.621
38.086
45.41
45.41
35.156
39.551
35.156
36.621
45.41
43.945
23.438
-180.17
-317.87
-298.83
-351.56
-370.61
-388.18
-435.06
-465.82
-477.54
-492.19
-490.72
-489.26
-495.12
-508.3
-520.02
-524.41
-509.77
-498.05
-508.3
-512.69
-514.16
-508.3
-496.58
-484.87
-489.26
-498.05
-502.44
-505.37
-495.12
-498.05
-625.5
-725.1
-760.26
-820.32
-843.78
-843.78
-853.98
-856.92
-864.24
-883.32
-890.64
-889.14
-914.04
-912.6
-914.04
-925.8
-933.12
-921.36
-921.36
-924.3
-906.72
-912.6
-931.62
-922.86
-918.48
-937.5
-952.14
-936.06
-924.3
-921.36
-654.78
-377.93
-224.12
-127.44
-115.72
-115.72
-70.314
-30.762
-11.719
4.3945
8.7888
0
0
0
0
0
0
0
0
0
0
0
0
0
0
0
0
0
0
-1.4648
-112.79
-206.54
-235.84
-271
-285.64
-309.08
-329.59
-342.77
-358.88
-369.14
-377.93
-383.79
-386.72
-382.33
-379.39
-382.33
-373.54
-372.07
-373.54
-369.14
-363.28
-357.42
-355.96
-363.28
-367.67
-369.14
-358.88
-364.75
-357.42
-353.03
-33.691
232.91
322.27
470.21
457.03
385.25
467.29
517.09
549.32
616.68
643.08
660.66
672.36
687
681.18
670.92
675.3
688.5
698.76
692.88
684.06
681.18
687
678.24
673.8
684.06
700.2
703.14
691.38
685.56
496.58
278.32
168.46
90.822
79.104
61.524
32.227
4.3945
-10.254
-13.184
-2.9297
0
0
0
0
0
0
0
0
0
0
0
0
0
0
0
0
0
0
-1.4648
-161.13
-285.64
-404.3
-480.47
-483.4
-489.26
-541.99
-571.29
-583.01
-588.87
-594.73
-599.12
-594.73
-585.94
-584.47
-584.47
-599.12
-600.6
-578.62
-583.01
-596.19
-604.98
-621.12
-622.56
-621.12
-628.44
-628.44
-619.62
-613.74
-618.18
-730.98
-839.34
-884.76
-946.26
-969.72
-1004.9
-1035.7
-1075.2
-1098.7
-1089.8
-1106
-1108.9
-1107.4
-1113.3
-1110.4
-1120.6
-1141.1
-1144
-1136.7
-1132.3
-1126.4
-1127.9
-1116.2
-1129.4
-1135.3
-1123.6
-1120.6
-1129.4
-1133.8
-1130.9
-874.5
-514.16
-281.25
-171.38
-147.95
-77.634
-30.762
-20.508
-14.648
-8.7888
-1.4648
8.7888
7.3242
-11.719
-7.3242
5.8594
7.3242
1.4648
0
1.4648
0
0
0
0
0
0
0
0
0
0
-7.3242
-4.3945
0
0
0
0
0
0
0
0
0
0
0
0
0
0
0
0
0
0
0
0
0
0
0
0
0
0
0
0
2.9297
0
0
0
0
0
0
0
0
0
0
0
0
0
0
0
0
0
0
0
0
0
0
0
0
0
0
0
0
-292.97
-572.75
-788.1
-982.92
-1103
-1078.1
-877.44
-979.98
-1101.5
-1174.8
-1195.3
-1089.8
-1125
-1192.4
-1223.2
-1199.7
-1173.4
-1218.8
-1245.1
-1265.6
-1259.8
-1253.9
-1267.1
-1262.7
-1252.4
-1245.1
-1239.2
-1253.9
-1242.2
-1249.5
-1180.7
-1045.9
-966.78
-902.34
-851.1
-818.82
-810.06
-799.8
-777.84
-750
-711.9
-697.26
-697.26
-692.88
-670.92
-653.34
-650.4
-669.42
-676.74
-663.6
-666.48
-673.8
-691.38
-691.38
-694.32
-684.06
-698.76
-708.96
-685.56
-670.92
-402.83
111.33
279.79
499.51
600.6
500.98
439.45
604.98
716.28
720.72
606.42
688.5
766.14
805.68
788.1
770.52
801.24
814.44
799.8
785.16
791.04
807.12
818.82
820.32
817.38
833.52
848.16
832.02
827.64
849.6
856.92
820.32
834.96
859.86
871.56
870.12
870.12
883.32
883.32
876
859.86
851.1
858.42
870.12
859.86
837.9
865.74
884.76
878.88
874.5
884.76
886.26
874.5
876
883.32
852.54
851.1
871.56
892.08
896.46
698.76
312.01
79.104
-102.54
-136.23
14.648
-64.452
-172.85
-224.12
-244.63
-197.75
-186.04
-222.65
-229.98
-212.4
-219.73
-229.98
-241.7
-243.16
-247.56
-238.77
-229.98
-232.91
-235.84
-237.31
-234.38
-235.84
-235.84
-243.16
-244.63
-96.678
177.25
193.36
285.64
388.18
348.63
392.58
464.36
479
471.68
489.26
505.37
506.84
517.09
522.95
521.48
527.35
515.63
517.09
536.13
536.13
527.35
518.56
528.81
543.46
546.38
544.92
544.92
543.46
537.6
373.54
-17.578
-186.04
-326.66
-402.83
-395.51
-238.77
-325.19
-418.94
-467.29
-471.68
-433.6
-446.78
-464.36
-473.14
-470.21
-464.36
-462.89
-461.42
-467.29
-474.61
-476.08
-492.19
-493.65
-479
-476.08
-484.87
-496.58
-498.05
-490.72
-398.44
-202.15
-117.19
-57.129
-49.805
-27.832
-1.4648
5.8594
4.3945
7.3242
0
0
1.4648
2.9297
1.4648
0
0
0
0
0
0
0
0
0
0
0
0
0
0
0
93.75
265.13
357.42
503.9
556.64
498.05
568.36
622.56
631.32
657.72
676.74
663.6
670.92
692.88
701.64
691.38
687
706.08
720.72
725.1
719.22
707.52
707.52
706.08
700.2
697.26
701.64
682.62
663.6
669.42
629.88
502.44
432.13
389.65
366.21
347.17
309.08
269.53
240.23
224.12
202.15
196.29
181.64
174.32
175.78
166.99
156.74
156.74
159.67
150.88
140.63
140.63
140.63
143.56
159.67
177.25
175.78
171.38
184.57
181.64
102.54
-70.314
-93.75
-82.032
-121.58
-147.95
-164.06
-178.71
-187.5
-186.04
-196.29
-200.68
-203.62
-208.01
-210.94
-215.33
-227.05
-221.19
-227.05
-219.73
-209.47
-215.33
-209.47
-200.68
-200.68
-197.75
-203.62
-196.29
-196.29
-200.68
-238.77
-348.63
-389.65
-413.09
-439.45
-462.89
-476.08
-486.33
-512.69
-518.56
-502.44
-509.77
-521.48
-533.2
-541.99
-549.32
-547.85
-558.11
-563.96
-566.89
-556.64
-546.38
-540.53
-547.85
-547.85
-550.78
-539.06
-515.63
-524.41
-527.35
-476.08
-303.22
-218.26
-164.06
-143.56
-105.47
-64.452
-26.367
0
0
0
0
0
0
0
0
0
0
0
0
0
0
0
0
0
0
0
0
0
0
35.156
139.16
146.48
184.57
238.77
253.42
276.86
276.86
290.04
301.76
310.55
312.01
320.8
320.8
317.87
319.34
320.8
316.4
317.87
322.27
323.73
326.66
329.59
333.98
333.98
319.34
326.66
325.19
322.27
319.34
205.08
-180.17
-331.06
-471.68
-561.04
-588.87
-528.81
-540.53
-562.5
-569.83
-600.6
-610.86
-606.42
-624
-631.32
-622.56
-640.14
-644.52
-637.2
-638.7
-651.84
-659.16
-653.34
-648.9
-651.84
-657.72
-643.08
-629.88
-626.94
-640.14
-619.62
-530.27
-477.54
-448.24
-426.27
-410.15
-398.44
-383.79
-367.67
-360.35
-350.1
-336.91
-336.91
-339.85
-328.13
-319.34
-320.8
-323.73
-313.48
-313.48
-314.94
-314.94
-317.87
-322.27
-328.13
-316.4
-298.83
-298.83
-294.43
-295.9
-177.25
235.84
391.12
591.8
635.76
604.98
644.52
675.3
757.32
824.7
868.68
871.56
921.36
946.26
966.78
955.08
952.14
956.52
977.04
991.68
979.98
969.72
990.24
972.66
978.54
1000.5
1000.5
982.92
969.72
981.42
1000.5
1010.8
993.18
966.78
985.86
994.62
985.86
977.04
960.96
978.54
999
999
981.42
978.54
975.6
994.62
994.62
966.78
982.92
1007.8
1015.1
1010.8
994.62
987.3
981.42
996.12
984.36
968.28
968.28
971.22
981.42
971.22
956.52
931.62
925.8
941.88
946.26
930.18
918.48
921.36
934.56
912.6
886.26
893.58
903.78
900.9
896.46
908.22
903.78
884.76
895.02
918.48
915.54
911.16
916.98
916.98
914.04
922.86
924.3
908.22
909.66
896.46
873.06
851.1
833.52
814.44
796.86
793.92
804.18
792.48
766.14
780.78
792.48
782.22
779.28
791.04
804.18
786.6
770.52
780.78
783.72
777.84
776.34
774.9
780.78
770.52
779.28
786.6
766.14
767.58
744.12
600.6
493.65
454.1
417.48
375
336.91
306.15
269.53
246.1
227.05
222.65
209.47
203.62
203.62
196.29
193.36
191.89
190.43
199.22
205.08
209.47
219.73
228.52
218.26
218.26
212.4
203.62
196.29
200.68
158.2
-203.62
-353.03
-461.42
-583.01
-644.52
-603.54
-571.29
-615.24
-638.7
-631.32
-640.14
-667.98
-684.06
-681.18
-667.98
-675.3
-681.18
-679.68
-681.18
-672.36
-678.24
-694.32
-682.62
-659.16
-631.32
-607.92
-602.04
-599.12
-596.19
-571.29
-436.52
-353.03
-279.79
-218.26
-222.65
-209.47
-164.06
-147.95
-150.88
-150.88
-124.51
-96.678
-89.358
-93.75
-86.424
-87.888
-76.17
-96.678
-92.286
-96.678
-96.678
-90.822
-84.96
-92.286
-86.424
-101.08
-108.4
-98.142
-77.634
-89.358
-123.05
-134.77
-124.51
-128.9
-136.23
-149.41
-146.48
-137.69
-142.09
-140.63
-128.9
-120.12
-124.51
-139.16
-147.95
-145.02
-140.63
-153.81
-158.2
-155.27
-159.67
-165.53
-150.88
-130.37
-128.9
-139.16
-136.23
-131.84
-143.56
-121.58
143.56
238.77
345.7
353.03
351.56
445.31
479
492.19
515.63
533.2
540.53
541.99
536.13
541.99
556.64
558.11
559.57
559.57
566.89
578.62
581.54
581.54
583.01
578.62
572.75
559.57
556.64
561.04
558.11
515.63
46.875
-205.08
-380.86
-536.13
-480.47
-427.73
-525.88
-619.62
-613.74
-635.76
-666.48
-706.08
-725.1
-726.54
-735.36
-747.06
-733.86
-735.36
-742.68
-728.04
-722.16
-736.8
-750
-752.94
-738.3
-748.56
-764.64
-751.44
-750
-725.1
-388.18
-93.75
77.634
136.23
11.719
68.85
177.25
188.96
186.04
221.19
231.44
215.33
232.91
265.13
285.64
291.5
291.5
297.37
292.97
288.58
285.64
279.79
268.07
265.13
278.32
287.11
288.58
288.58
294.43
257.81
-145.02
-279.79
-474.61
-637.2
-556.64
-464.36
-616.68
-722.16
-780.78
-704.58
-687
-748.56
-782.22
-764.64
-766.14
-795.42
-815.94
-817.38
-827.64
-846.66
-836.4
-810.06
-818.82
-827.64
-802.74
-798.36
-807.12
-792.48
-788.1
-810.06
-924.3
-1019.5
-1028.3
-1070.8
-1084
-1086.9
-1123.6
-1144
-1154.3
-1171.9
-1190.9
-1207
-1185.1
-1174.8
-1174.8
-1166
-1179.2
-1185.1
-1189.4
-1212.9
-1217.3
-1214.3
-1188
-1189.4
-1198.3
-1185.1
-1192.4
-1204.1
-1212.9
-1180.7
-820.32
-476.08
-254.88
-164.06
-102.54
-54.199
-54.199
-96.678
-48.34
-4.3945
-1.4648
-4.3945
2.9297
1.4648
0
1.4648
2.9297
5.8594
4.3945
0
1.4648
0
1.4648
1.4648
0
0
0
0
0
0
-29.297
-46.875
-46.875
-55.664
-57.129
-58.594
-58.594
-76.17
-79.104
-87.888
-90.822
-77.634
-71.778
-61.524
-80.568
-83.496
-86.424
-80.568
-76.17
-82.032
-82.032
-89.358
-86.424
-93.75
-90.822
-87.888
-87.888
-89.358
-93.75
-115.72
-388.18
-533.2
-711.9
-839.34
-895.02
-805.68
-827.64
-900.9
-922.86
-893.58
-918.48
-958.02
-969.72
-953.64
-972.66
-1004.9
-1009.3
-1004.9
-999
-990.24
-997.56
-997.56
-1000.5
-1009.3
-1021
-1028.3
-1031.3
-1003.4
-987.3
-996.12
-842.28
-662.1
-574.22
-517.09
-489.26
-467.29
-433.6
-404.3
-379.39
-354.49
-331.06
-310.55
-303.22
-282.71
-271
-257.81
-262.21
-263.67
-256.35
-251.95
-259.28
-263.67
-256.35
-257.81
-249.02
-253.42
-251.95
-254.88
-247.56
-257.81
-493.65
-675.3
-855.48
-979.98
-985.86
-955.08
-1019.5
-1060.6
-1056.2
-1063.5
-1086.9
-1100.1
-1097.2
-1103
-1133.8
-1148.5
-1161.6
-1163.1
-1168.9
-1170.4
-1152.8
-1160.2
-1161.6
-1164.5
-1166
-1158.7
-1164.5
-1155.8
-1138.2
-1139.6
-751.44
-194.83
210.94
394.04
332.52
405.76
522.95
588.87
402.83
290.04
455.57
577.15
643.08
675.3
688.5
684.06
610.86
603.54
650.4
675.3
660.66
647.46
657.72
640.14
604.98
622.56
635.76
646.02
650.4
660.66
369.14
43.945
-117.19
-249.02
-222.65
-14.648
-118.65
-240.23
-290.04
-257.81
-303.22
-342.77
-342.77
-345.7
-342.77
-339.85
-347.17
-350.1
-358.88
-370.61
-373.54
-376.46
-373.54
-358.88
-360.35
-355.96
-351.56
-363.28
-375
-360.35
-82.032
215.33
259.28
284.18
424.81
500.98
477.54
423.34
512.69
556.64
525.88
503.9
539.06
571.29
577.15
572.75
575.68
583.01
597.65
600.6
594.73
585.94
590.33
606.42
607.92
587.4
593.26
609.36
599.12
593.26
527.35
405.76
326.66
314.94
309.08
313.48
297.37
273.92
250.49
249.02
221.19
206.54
209.47
191.89
199.22
194.83
194.83
208.01
205.08
208.01
221.19
216.8
219.73
213.87
209.47
200.68
178.71
181.64
191.89
186.04
282.71
391.12
421.88
464.36
483.4
499.51
522.95
533.2
553.71
566.89
578.62
578.62
593.26
599.12
590.33
594.73
591.8
583.01
587.4
599.12
597.65
590.33
580.08
580.08
577.15
569.83
572.75
580.08
575.68
588.87
602.04
594.73
581.54
591.8
603.54
600.6
597.65
600.6
607.92
613.74
618.18
609.36
603.54
610.86
615.24
610.86
618.18
621.12
607.92
613.74
616.68
606.42
603.54
612.3
606.42
580.08
572.75
584.47
591.8
596.19
413.09
152.35
27.832
-23.438
19.043
-21.973
-70.314
-98.142
-134.77
-165.53
-168.46
-164.06
-166.99
-165.53
-147.95
-140.63
-152.35
-150.88
-137.69
-152.35
-158.2
-134.77
-131.84
-150.88
-152.35
-139.16
-143.56
-158.2
-152.35
-136.23
-101.08
-62.988
-43.945
-43.945
-46.875
-35.156
-24.902
-8.7888
-4.3945
-7.3242
-5.8594
-10.254
-8.7888
-8.7888
-13.184
-23.438
-24.902
-32.227
-14.648
-7.3242
-5.8594
-10.254
-11.719
-14.648
-35.156
-30.762
-33.691
-24.902
-16.113
64.452
183.11
208.01
268.07
310.55
328.13
350.1
363.28
373.54
377.93
379.39
385.25
394.04
391.12
389.65
392.58
396.97
401.37
405.76
413.09
411.62
408.69
399.9
398.44
396.97
398.44
395.51
396.97
401.37
399.9
272.46
77.634
-30.762
-93.75
-111.33
-115.72
-120.12
-127.44
-125.98
-123.05
-124.51
-124.51
-123.05
-117.19
-120.12
-127.44
-124.51
-114.26
-108.4
-118.65
-124.51
-123.05
-114.26
-117.19
-120.12
-130.37
-127.44
-124.51
-123.05
-133.3
-62.988
42.481
36.621
52.735
79.104
98.142
118.65
117.19
109.87
105.47
115.72
121.58
128.9
130.37
131.84
134.77
136.23
128.9
125.98
128.9
137.69
136.23
120.12
120.12
127.44
127.44
120.12
114.26
118.65
127.44
300.29
524.41
733.86
840.84
757.32
817.38
921.36
985.86
988.74
994.62
1018.1
1021
1021
1034.2
1051.7
1062
1040
1048.8
1063.5
1070.8
1078.1
1094.2
1085.5
1079.6
1092.8
1095.7
1098.7
1089.8
1079.6
1086.9
1059.1
974.1
931.62
895.02
851.1
811.5
788.1
769.02
761.7
751.44
738.3
726.54
722.16
732.42
730.98
710.46
703.14
704.58
707.52
698.76
706.08
725.1
726.54
697.26
694.32
710.46
714.84
708.96
707.52
708.96
707.52
704.58
707.52
714.84
726.54
728.04
720.72
722.16
730.98
730.98
710.46
706.08
723.66
726.54
691.38
695.82
714.84
713.4
710.46
708.96
711.9
708.96
701.64
703.14
711.9
710.46
723.66
723.66
714.84
729.48
706.08
626.94
581.54
556.64
537.6
508.3
471.68
440.92
423.34
408.69
398.44
395.51
389.65
389.65
383.79
395.51
389.65
383.79
389.65
391.12
380.86
379.39
377.93
380.86
382.33
389.65
396.97
392.58
401.37
399.9
186.04
-291.5
-556.64
-729.48
-710.46
-563.96
-692.88
-818.82
-826.2
-723.66
-793.92
-877.44
-928.74
-900.9
-823.26
-837.9
-862.8
-867.18
-861.3
-849.6
-840.84
-829.08
-820.32
-771.96
-774.9
-861.3
-896.46
-912.6
-914.04
-922.86
-805.68
-493.65
-320.8
-216.8
-162.6
-146.48
-130.37
-109.87
-73.242
-21.973
-10.254
-5.8594
-2.9297
0
0
0
0
0
0
0
0
0
0
0
0
0
0
0
0
0
33.691
99.612
84.96
125.98
156.74
187.5
206.54
210.94
221.19
212.4
225.59
229.98
225.59
231.44
231.44
243.16
240.23
237.31
234.38
237.31
249.02
240.23
232.91
225.59
228.52
222.65
213.87
224.12
222.65
222.65
341.31
600.6
738.3
818.82
892.08
937.5
982.92
1048.8
1041.5
1062
1127.9
1152.8
1114.7
1129.4
1152.8
1158.7
1155.8
1133.8
1157.2
1174.8
1180.7
1182.1
1168.9
1189.4
1207
1211.4
1199.7
1190.9
1207
1193.8
1130.9
987.3
884.76
830.58
782.22
738.3
695.82
663.6
634.26
609.36
585.94
562.5
543.46
536.13
540.53
543.46
528.81
521.48
515.63
512.69
508.3
514.16
502.44
511.23
524.41
528.81
521.48
527.35
521.48
506.84
534.67
626.94
653.34
670.92
720.72
745.62
733.86
745.62
771.96
788.1
795.42
798.36
793.92
799.8
793.92
795.42
795.42
808.62
799.8
780.78
780.78
793.92
793.92
795.42
799.8
791.04
776.34
785.16
801.24
796.86
717.78
471.68
331.06
247.56
188.96
196.29
172.85
115.72
73.242
30.762
-1.4648
-1.4648
0
0
0
0
0
0
0
0
0
0
0
0
0
0
0
0
0
0
-52.735
-250.49
-342.77
-435.06
-430.66
-455.57
-517.09
-550.78
-583.01
-604.98
-610.86
-604.98
-606.42
-621.12
-604.98
-588.87
-599.12
-609.36
-616.68
-599.12
-587.4
-585.94
-588.87
-600.6
-602.04
-594.73
-613.74
-629.88
-638.7
-619.62
-530.27
-130.37
106.93
200.68
104
140.63
284.18
357.42
339.85
331.06
377.93
396.97
376.46
402.83
423.34
420.41
416.02
424.81
429.2
423.34
418.94
418.94
433.6
430.66
429.2
427.73
430.66
426.27
421.88
427.73
310.55
-181.64
-328.13
-591.8
-757.32
-818.82
-549.32
-588.87
-760.26
-859.86
-922.86
-918.48
-786.6
-830.58
-903.78
-938.94
-937.5
-886.26
-890.64
-925.8
-953.64
-959.46
-953.64
-966.78
-968.28
-963.84
-962.4
-944.82
-930.18
-949.2
-940.44
-830.58
-760.26
-736.8
-716.28
-688.5
-666.48
-650.4
-643.08
-602.04
-577.15
-581.54
-591.8
-585.94
-553.71
-550.78
-556.64
-571.29
-574.22
-568.36
-558.11
-563.96
-571.29
-572.75
-563.96
-558.11
-561.04
-558.11
-563.96
-561.04
-520.02
-339.85
-243.16
-206.54
-153.81
-120.12
-90.822
-65.916
-52.735
-27.832
-4.3945
0
0
0
0
0
0
0
0
0
0
0
0
0
0
0
0
0
0
0
-64.452
-398.44
-613.74
-815.94
-867.18
-792.48
-903.78
-1004.9
-1051.7
-974.1
-988.74
-1053.2
-1094.2
-1078.1
-1079.6
-1117.7
-1138.2
-1144
-1119.1
-1114.7
-1141.1
-1142.6
-1144
-1144
-1149.9
-1166
-1171.9
-1151.3
-1139.6
-1129.4
-1133.8
-1053.2
-971.22
-924.3
-895.02
-862.8
-842.28
-826.2
-795.42
-769.02
-770.52
-771.96
-744.12
-733.86
-750
-763.2
-748.56
-741.24
-755.88
-738.3
-711.9
-728.04
-732.42
-707.52
-708.96
-714.84
-719.22
-714.84
-706.08
-719.22
-729.48
-757.32
-774.9
-780.78
-771.96
-770.52
-776.34
-779.28
-792.48
-808.62
-791.04
-786.6
-804.18
-801.24
-783.72
-785.16
-783.72
-766.14
-764.64
-776.34
-785.16
-767.58
-754.38
-771.96
-791.04
-785.16
-782.22
-791.04
-811.5
-795.42
-728.04
-284.18
82.032
219.73
284.18
263.67
361.82
454.1
429.2
367.67
448.24
508.3
483.4
487.79
524.41
552.25
541.99
537.6
549.32
562.5
562.5
558.11
559.57
553.71
558.11
572.75
565.43
556.64
552.25
558.11
522.95
48.34
-143.56
-375
-558.11
-508.3
-379.39
-555.17
-673.8
-739.74
-676.74
-590.33
-679.68
-748.56
-771.96
-722.16
-711.9
-744.12
-771.96
-780.78
-792.48
-796.86
-792.48
-786.6
-779.28
-783.72
-796.86
-801.24
-793.92
-783.72
-755.88
-279.79
104
306.15
433.6
578.62
477.54
394.04
520.02
670.92
626.94
578.62
657.72
708.96
735.36
754.38
788.1
811.5
798.36
799.8
832.02
852.54
851.1
845.22
861.3
856.92
843.78
846.66
855.48
843.78
834.96
944.82
997.56
1013.7
1095.7
1144
1123.6
1136.7
1164.5
1183.6
1170.4
1161.6
1186.5
1202.6
1205.6
1193.8
1189.4
1207
1195.3
1202.6
1214.3
1221.7
1226.1
1230.5
1233.4
1246.6
1251
1234.9
1230.5
1243.7
1227.5
1076.6
952.14
880.38
832.02
796.86
767.58
733.86
706.08
672.36
637.2
613.74
599.12
585.94
584.47
581.54
577.15
555.17
547.85
558.11
562.5
534.67
536.13
544.92
559.57
562.5
562.5
549.32
547.85
544.92
540.53
142.09
-161.13
-339.85
-508.3
-500.98
-358.88
-426.27
-574.22
-648.9
-650.4
-559.57
-606.42
-666.48
-697.26
-646.02
-619.62
-659.16
-692.88
-695.82
-675.3
-676.74
-700.2
-708.96
-694.32
-703.14
-714.84
-714.84
-706.08
-701.64
-704.58
-779.28
-826.2
-840.84
-890.64
-916.98
-892.08
-909.66
-944.82
-947.76
-944.82
-962.4
-953.64
-956.52
-975.6
-971.22
-960.96
-974.1
-975.6
-979.98
-991.68
-991.68
-963.84
-975.6
-978.54
-958.02
-956.52
-968.28
-962.4
-962.4
-963.84
-703.14
-424.81
-224.12
-99.612
-83.496
-93.75
-26.367
4.3945
-1.4648
29.297
38.086
35.156
35.156
29.297
7.3242
13.184
23.438
23.438
7.3242
0
4.3945
5.8594
4.3945
4.3945
2.9297
2.9297
1.4648
2.9297
1.4648
0
-309.08
-518.56
-635.76
-782.22
-761.7
-695.82
-769.02
-836.4
-840.84
-868.68
-903.78
-924.3
-943.38
-936.06
-938.94
-956.52
-963.84
-941.88
-955.08
-978.54
-974.1
-974.1
-991.68
-990.24
-978.54
-988.74
-981.42
-966.78
-972.66
-968.28
-1010.8
-1067.9
-1089.8
-1103
-1120.6
-1119.1
-1132.3
-1149.9
-1161.6
-1177.7
-1182.1
-1192.4
-1193.8
-1179.2
-1182.1
-1183.6
-1186.5
-1201.2
-1196.8
-1204.1
-1192.4
-1179.2
-1179.2
-1168.9
-1186.5
-1195.3
-1196.8
-1208.5
-1204.1
-1185.1
-1028.3
-817.38
-719.22
-654.78
-602.04
-543.46
-511.23
-480.47
-448.24
-426.27
-394.04
-358.88
-329.59
-314.94
-313.48
-319.34
-314.94
-303.22
-298.83
-312.01
-307.62
-304.69
-304.69
-303.22
-310.55
-320.8
-322.27
-309.08
-304.69
-298.83
-278.32
-257.81
-241.7
-234.38
-228.52
-225.59
-229.98
-229.98
-216.8
-219.73
-200.68
-200.68
-200.68
-197.75
-205.08
-200.68
-199.22
-203.62
-199.22
-202.15
-205.08
-200.68
-202.15
-206.54
-193.36
-197.75
-191.89
-188.96
-194.83
36.621
238.77
317.87
402.83
417.48
395.51
481.93
502.44
520.02
571.29
603.54
594.73
593.26
604.98
613.74
603.54
594.73
600.6
612.3
624
618.18
619.62
621.12
607.92
604.98
618.18
613.74
596.19
603.54
616.68
635.76
656.28
665.04
685.56
697.26
711.9
716.28
730.98
742.68
725.1
726.54
745.62
755.88
754.38
741.24
736.8
745.62
741.24
726.54
744.12
744.12
750
730.98
728.04
739.74
750
742.68
733.86
733.86
735.36
430.66
-127.44
-484.87
-725.1
-851.1
-780.78
-609.36
-738.3
-868.68
-946.26
-982.92
-791.04
-681.18
-823.26
-918.48
-979.98
-1009.3
-1001.9
-883.32
-900.9
-965.34
-1010.8
-1018.1
-969.72
-918.48
-938.94
-981.42
-1009.3
-1004.9
-1015.1
-993.18
-914.04
-864.24
-817.38
-770.52
-730.98
-703.14
-691.38
-667.98
-651.84
-647.46
-650.4
-650.4
-653.34
-654.78
-662.1
-667.98
-654.78
-653.34
-662.1
-662.1
-650.4
-640.14
-641.58
-651.84
-665.04
-653.34
-657.72
-666.48
-672.36
-467.29
33.691
309.08
309.08
404.3
448.24
298.83
383.79
509.77
549.32
484.87
537.6
565.43
558.11
569.83
600.6
606.42
610.86
613.74
606.42
618.18
618.18
609.36
621.12
629.88
628.44
609.36
594.73
604.98
612.3
536.13
380.86
314.94
284.18
259.28
243.16
205.08
166.99
139.16
120.12
105.47
96.678
95.214
89.358
73.242
74.706
71.778
70.314
65.916
68.85
65.916
58.594
62.988
67.38
73.242
73.242
73.242
73.242
70.314
70.314
150.88
285.64
332.52
418.94
430.66
492.19
543.46
555.17
568.36
581.54
578.62
575.68
593.26
599.12
602.04
607.92
612.3
607.92
597.65
606.42
600.6
581.54
577.15
591.8
594.73
602.04
597.65
590.33
587.4
593.26
426.27
-27.832
-250.49
-432.13
-408.69
-259.28
-344.24
-496.58
-572.75
-553.71
-503.9
-563.96
-606.42
-594.73
-558.11
-581.54
-597.65
-604.98
-616.68
-624
-618.18
-619.62
-616.68
-625.5
-626.94
-616.68
-616.68
-632.82
-647.46
-640.14
-622.56
-569.83
-536.13
-499.51
-471.68
-436.52
-411.62
-396.97
-386.72
-383.79
-379.39
-360.35
-342.77
-335.45
-350.1
-355.96
-353.03
-353.03
-364.75
-373.54
-367.67
-360.35
-358.88
-373.54
-377.93
-380.86
-385.25
-388.18
-377.93
-375
-304.69
-77.634
51.269
105.47
99.612
70.314
106.93
130.37
134.77
147.95
158.2
152.35
153.81
164.06
162.6
155.27
149.41
142.09
149.41
155.27
152.35
145.02
146.48
156.74
155.27
153.81
164.06
166.99
156.74
155.27
272.46
527.35
704.58
855.48
900.9
892.08
933.12
1023.9
1070.8
1081.1
1114.7
1163.1
1168.9
1160.2
1183.6
1177.7
1182.1
1176.2
1188
1186.5
1164.5
1183.6
1174.8
1170.4
1173.4
1168.9
1192.4
1201.2
1204.1
1196.8
1148.5
962.4
830.58
745.62
700.2
670.92
643.08
591.8
549.32
530.27
517.09
487.79
465.82
457.03
451.17
452.63
455.57
454.1
462.89
468.75
468.75
470.21
473.14
483.4
477.54
473.14
464.36
464.36
470.21
470.21
345.7
-190.43
-437.99
-689.94
-830.58
-761.7
-615.24
-770.52
-884.76
-955.08
-963.84
-779.28
-805.68
-906.72
-974.1
-1007.8
-1022.5
-928.74
-896.46
-956.52
-993.18
-978.54
-969.72
-1003.4
-1012.2
-1019.5
-1028.3
-1013.7
-1015.1
-1016.6
-990.24
-911.16
-858.42
-808.62
-774.9
-755.88
-736.8
-714.84
-695.82
-687
-682.62
-669.42
-656.28
-654.78
-659.16
-653.34
-650.4
-648.9
-663.6
-669.42
-662.1
-665.04
-673.8
-675.3
-666.48
-657.72
-662.1
-657.72
-651.84
-643.08
-578.62
-197.75
46.875
158.2
166.99
106.93
102.54
199.22
272.46
281.25
325.19
351.56
364.75
357.42
353.03
364.75
366.21
375
376.46
380.86
379.39
376.46
370.61
361.82
360.35
372.07
376.46
389.65
388.18
389.65
297.37
-275.39
-578.62
-840.84
-975.6
-876
-754.38
-921.36
-1037.1
-1111.8
-1139.6
-982.92
-911.16
-1019.5
-1089.8
-1148.5
-1176.2
-1161.6
-1043
-1051.7
-1117.7
-1158.7
-1170.4
-1132.3
-1122.1
-1158.7
-1179.2
-1180.7
-1167.5
-1160.2
-1151.3
-1117.7
-1062
-1018.1
-999
-971.22
-947.76
-931.62
-900.9
-884.76
-892.08
-895.02
-900.9
-911.16
-918.48
-899.4
-906.72
-916.98
-896.46
-886.26
-887.7
-878.88
-890.64
-900.9
-899.4
-892.08
-895.02
-900.9
-896.46
-902.34
-896.46
-755.88
-644.52
-590.33
-569.83
-555.17
-521.48
-493.65
-477.54
-455.57
-427.73
-414.55
-405.76
-396.97
-386.72
-377.93
-379.39
-383.79
-380.86
-373.54
-363.28
-361.82
-360.35
-357.42
-364.75
-358.88
-360.35
-369.14
-373.54
-367.67
-323.73
7.3242
193.36
205.08
235.84
313.48
329.59
396.97
446.78
467.29
480.47
498.05
511.23
520.02
534.67
540.53
540.53
546.38
549.32
546.38
541.99
549.32
541.99
544.92
553.71
559.57
544.92
544.92
556.64
547.85
520.02
301.76
124.51
32.227
-20.508
-27.832
-7.3242
-33.691
-46.875
-55.664
-57.129
-52.735
-57.129
-55.664
-52.735
-52.735
-60.06
-54.199
-49.805
-45.41
-43.945
-48.34
-46.875
-49.805
-51.269
-51.269
-55.664
-54.199
-49.805
-45.41
-19.043
379.39
505.37
678.24
833.52
855.48
782.22
829.08
896.46
874.5
893.58
946.26
985.86
966.78
949.2
979.98
1001.9
1022.5
1012.2
1007.8
1004.9
1031.3
1047.4
1029.8
1026.8
1028.3
1023.9
1013.7
1009.3
1001.9
1015.1
1029.8
1029.8
1057.6
1070.8
1063.5
1078.1
1084
1088.4
1069.3
1067.9
1081.1
1082.5
1059.1
1063.5
1070.8
1075.2
1072.3
1041.5
1054.7
1075.2
1076.6
1070.8
1084
1088.4
1092.8
1085.5
1050.3
1060.6
1066.4
1028.3
558.11
79.104
-237.31
-411.62
-259.28
-152.35
-294.43
-437.99
-528.81
-569.83
-418.94
-328.13
-459.96
-536.13
-584.47
-613.74
-597.65
-479
-496.58
-559.57
-590.33
-593.26
-568.36
-572.75
-587.4
-585.94
-581.54
-597.65
-603.54
-603.54
-454.1
-317.87
-259.28
-234.38
-202.15
-178.71
-155.27
-118.65
-86.424
-54.199
-43.945
-42.481
-32.227
-19.043
-1.4648
0
0
0
-1.4648
0
0
0
0
0
0
0
-1.4648
0
0
0
64.452
104
108.4
123.05
137.69
133.3
139.16
150.88
156.74
152.35
159.67
164.06
156.74
155.27
159.67
161.13
153.81
153.81
158.2
155.27
158.2
168.46
158.2
155.27
161.13
162.6
147.95
143.56
162.6
169.92
351.56
527.35
654.78
716.28
673.8
720.72
780.78
836.4
856.92
876
859.86
890.64
908.22
906.72
924.3
938.94
924.3
928.74
956.52
953.64
928.74
922.86
927.24
941.88
950.7
937.5
919.92
933.12
938.94
921.36
638.7
328.13
177.25
26.367
-76.17
-102.54
-19.043
-11.719
-77.634
-121.58
-143.56
-105.47
-84.96
-109.87
-117.19
-109.87
-115.72
-123.05
-101.08
-101.08
-99.612
-104
-105.47
-105.47
-101.08
-95.214
-106.93
-117.19
-115.72
-108.4
-2.9297
83.496
104
123.05
169.92
183.11
194.83
191.89
187.5
203.62
222.65
241.7
250.49
243.16
241.7
235.84
240.23
229.98
240.23
238.77
228.52
225.59
224.12
238.77
246.1
246.1
243.16
235.84
243.16
234.38
275.39
320.8
301.76
314.94
358.88
382.33
389.65
401.37
408.69
401.37
376.46
373.54
389.65
391.12
396.97
399.9
388.18
388.18
383.79
392.58
392.58
404.3
413.09
410.15
392.58
391.12
391.12
394.04
392.58
399.9
43.945
-292.97
-536.13
-767.58
-883.32
-701.64
-656.28
-823.26
-934.56
-978.54
-813
-832.02
-936.06
-1009.3
-1040
-1026.8
-987.3
-1010.8
-1047.4
-1070.8
-1054.7
-1050.3
-1057.6
-1060.6
-1066.4
-1054.7
-1050.3
-1064.9
-1044.4
-826.2
-470.21
-218.26
-41.015
-19.043
-5.8594
62.988
93.75
93.75
70.314
55.664
82.032
99.612
74.706
76.17
99.612
95.214
83.496
95.214
105.47
108.4
104
95.214
92.286
96.678
98.142
93.75
96.678
86.424
90.822
-61.524
-263.67
-295.9
-369.14
-395.51
-394.04
-414.55
-455.57
-481.93
-498.05
-518.56
-521.48
-520.02
-515.63
-524.41
-527.35
-528.81
-520.02
-522.95
-530.27
-517.09
-514.16
-509.77
-499.51
-484.87
-483.4
-481.93
-484.87
-479
-471.68
-583.01
-751.44
-818.82
-911.16
-953.64
-936.06
-977.04
-990.24
-1007.8
-1038.6
-1048.8
-1059.1
-1076.6
-1079.6
-1085.5
-1085.5
-1072.3
-1069.3
-1062
-1056.2
-1066.4
-1054.7
-1064.9
-1085.5
-1070.8
-1081.1
-1097.2
-1079.6
-1081.1
-1088.4
-842.28
-339.85
-11.719
86.424
209.47
328.13
314.94
134.77
114.26
232.91
345.7
372.07
333.98
370.61
394.04
375
380.86
401.37
424.81
443.85
448.24
452.63
459.96
449.71
446.78
461.42
455.57
471.68
470.21
457.03
279.79
-76.17
-193.36
-316.4
-376.46
-292.97
-292.97
-375
-394.04
-402.83
-426.27
-442.38
-445.31
-451.17
-439.45
-442.38
-445.31
-449.71
-451.17
-451.17
-458.5
-452.63
-435.06
-436.52
-437.99
-442.38
-440.92
-449.71
-455.57
-443.85
-429.2
-402.83
-385.25
-367.67
-364.75
-355.96
-341.31
-325.19
-339.85
-347.17
-333.98
-332.52
-345.7
-342.77
-326.66
-329.59
-332.52
-335.45
-339.85
-338.38
-348.63
-354.49
-354.49
-354.49
-353.03
-360.35
-363.28
-353.03
-350.1
-354.49
-462.89
-684.06
-799.8
-924.3
-991.68
-933.12
-941.88
-1019.5
-1050.3
-1062
-1091.3
-1113.3
-1129.4
-1130.9
-1125
-1136.7
-1151.3
-1151.3
-1168.9
-1183.6
-1188
-1183.6
-1148.5
-1161.6
-1163.1
-1147
-1145.5
-1157.2
-1176.2
-1180.7
-962.4
-268.07
373.54
736.8
914.04
853.98
842.28
972.66
1069.3
1091.3
830.58
808.62
978.54
1079.6
1145.5
1171.9
1183.6
1147
937.5
1018.1
1110.4
1161.6
1195.3
1198.3
1142.6
1098.7
1148.5
1190.9
1198.3
1167.5
1138.2
1123.6
1097.2
1047.4
1019.5
1029.8
1040
1013.7
1001.9
1016.6
1018.1
991.68
993.18
991.68
996.12
1010.8
1003.4
1009.3
1021
1012.2
1000.5
1001.9
1003.4
1000.5
1007.8
988.74
981.42
996.12
990.24
988.74
826.2
186.04
-229.98
-539.06
-706.08
-518.56
-583.01
-751.44
-867.18
-909.66
-685.56
-593.26
-750
-861.3
-931.62
-977.04
-993.18
-845.22
-792.48
-881.82
-941.88
-982.92
-994.62
-908.22
-890.64
-944.82
-978.54
-979.98
-963.84
-969.72
-883.32
-522.95
-301.76
-169.92
-57.129
8.7888
-23.438
-45.41
-1.4648
4.3945
5.8594
21.973
45.41
48.34
52.735
55.664
55.664
60.06
49.805
43.945
45.41
45.41
38.086
30.762
27.832
35.156
36.621
45.41
42.481
38.086
-46.875
-332.52
-421.88
-506.84
-539.06
-527.35
-561.04
-575.68
-590.33
-621.12
-634.26
-643.08
-657.72
-662.1
-653.34
-651.84
-657.72
-666.48
-663.6
-672.36
-679.68
-694.32
-692.88
-691.38
-688.5
-692.88
-681.18
-675.3
-676.74
-678.24
-594.73
-238.77
-26.367
79.104
136.23
23.438
21.973
115.72
184.57
199.22
227.05
244.63
250.49
246.1
259.28
256.35
266.6
279.79
278.32
281.25
281.25
272.46
260.74
262.21
263.67
268.07
269.53
271
268.07
263.67
193.36
-131.84
-265.13
-323.73
-405.76
-396.97
-350.1
-401.37
-424.81
-439.45
-465.82
-476.08
-468.75
-470.21
-481.93
-484.87
-468.75
-467.29
-471.68
-477.54
-484.87
-487.79
-476.08
-464.36
-461.42
-471.68
-477.54
-489.26
-473.14
-474.61
-423.34
-111.33
64.452
162.6
164.06
74.706
139.16
199.22
202.15
224.12
241.7
247.56
251.95
260.74
254.88
263.67
257.81
262.21
263.67
268.07
259.28
263.67
271
273.92
272.46
268.07
260.74
256.35
263.67
262.21
216.8
-102.54
-268.07
-372.07
-320.8
-316.4
-407.23
-449.71
-481.93
-502.44
-528.81
-546.38
-559.57
-559.57
-550.78
-552.25
-558.11
-569.83
-571.29
-571.29
-566.89
-562.5
-565.43
-574.22
-587.4
-568.36
-524.41
-503.9
-543.46
-566.89
-514.16
-23.438
357.42
568.36
602.04
577.15
638.7
634.26
549.32
638.7
713.4
742.68
769.02
792.48
802.74
798.36
814.44
815.94
810.06
832.02
846.66
808.62
811.5
833.52
829.08
818.82
826.2
842.28
843.78
832.02
804.18
496.58
263.67
115.72
16.113
-23.438
-23.438
-8.7888
-5.8594
-23.438
-30.762
-27.832
-26.367
-32.227
-38.086
-38.086
-32.227
-20.508
-27.832
-26.367
-23.438
-24.902
-24.902
-24.902
-30.762
-30.762
-16.113
-7.3242
-10.254
-13.184
33.691
454.1
609.36
666.48
848.16
963.84
896.46
805.68
934.56
1010.8
1001.9
981.42
1019.5
1040
1029.8
1035.7
1047.4
1051.7
1062
1070.8
1106
1113.3
1107.4
1100.1
1097.2
1104.5
1101.5
1089.8
1100.1
1089.8
1021
392.58
-193.36
-500.98
-612.3
-748.56
-861.3
-742.68
-729.48
-884.76
-984.36
-994.62
-673.8
-726.54
-887.7
-988.74
-1050.3
-1091.3
-1032.7
-856.92
-928.74
-1015.1
-1059.1
-1091.3
-1066.4
-1009.3
-1038.6
-1079.6
-1100.1
-1101.5
-1023.9
-584.47
-143.56
55.664
121.58
203.62
238.77
111.33
58.594
61.524
101.08
145.02
229.98
303.22
379.39
429.2
429.2
413.09
436.52
430.66
413.09
429.2
452.63
437.99
443.85
455.57
455.57
445.31
448.24
455.57
467.29
518.56
540.53
537.6
587.4
618.18
612.3
632.82
663.6
685.56
666.48
635.76
654.78
678.24
672.36
657.72
663.6
676.74
672.36
672.36
672.36
660.66
672.36
688.5
681.18
667.98
670.92
685.56
665.04
659.16
644.52
105.47
-282.71
-599.12
-820.32
-946.26
-984.36
-678.24
-684.06
-862.8
-971.22
-1037.1
-1084
-1047.4
-779.28
-868.68
-974.1
-1026.8
-1073.8
-1072.3
-1003.4
-1021
-1064.9
-1089.8
-1079.6
-1031.3
-1054.7
-1086.9
-1094.2
-1088.4
-1086.9
-1041.5
-990.24
-933.12
-893.58
-884.76
-868.68
-846.66
-827.64
-826.2
-814.44
-808.62
-810.06
-798.36
-780.78
-776.34
-779.28
-791.04
-789.54
-793.92
-813
-813
-793.92
-795.42
-802.74
-798.36
-780.78
-782.22
-785.16
-777.84
-785.16
-692.88
-587.4
-533.2
-495.12
-458.5
-427.73
-398.44
-361.82
-320.8
-295.9
-291.5
-291.5
-282.71
-281.25
-279.79
-284.18
-298.83
-287.11
-278.32
-282.71
-279.79
-278.32
-273.92
-278.32
-279.79
-291.5
-301.76
-313.48
-304.69
-303.22
-509.77
-631.32
-751.44
-858.42
-884.76
-864.24
-930.18
-984.36
-993.18
-1007.8
-1029.8
-1028.3
-1045.9
-1056.2
-1041.5
-1053.2
-1053.2
-1048.8
-1067.9
-1073.8
-1063.5
-1072.3
-1076.6
-1081.1
-1057.6
-1050.3
-1069.3
-1075.2
-1056.2
-1066.4
-691.38
-108.4
288.58
509.77
451.17
320.8
426.27
607.92
698.76
744.12
747.06
563.96
512.69
635.76
729.48
776.34
796.86
805.68
795.42
733.86
755.88
782.22
788.1
750
752.94
782.22
791.04
758.76
770.52
796.86
798.36
764.64
760.26
773.46
767.58
745.62
739.74
755.88
760.26
736.8
728.04
742.68
754.38
758.76
748.56
754.38
766.14
747.06
732.42
754.38
767.58
750
744.12
761.7
767.58
747.06
745.62
760.26
758.76
752.94
388.18
-61.524
-354.49
-571.29
-619.62
-473.14
-514.16
-656.28
-659.16
-477.54
-591.8
-711.9
-769.02
-754.38
-694.32
-742.68
-786.6
-792.48
-788.1
-799.8
-813
-823.26
-826.2
-815.94
-815.94
-818.82
-821.76
-814.44
-817.38
-818.82
-834.96
-834.96
-855.48
-884.76
-887.7
-880.38
-896.46
-908.22
-897.96
-902.34
-908.22
-899.4
-884.76
-881.82
-893.58
-909.66
-916.98
-893.58
-895.02
-906.72
-906.72
-892.08
-897.96
-905.28
-887.7
-896.46
-912.6
-900.9
-893.58
-761.7
-518.56
-392.58
-291.5
-235.84
-225.59
-221.19
-191.89
-159.67
-127.44
-92.286
-64.452
-36.621
-33.691
-20.508
-4.3945
0
0
0
0
0
0
0
0
0
0
0
0
0
0
7.3242
7.3242
0
0
0
0
0
0
0
0
0
0
0
0
0
0
0
0
0
0
0
0
0
0
0
0
0
0
0
0
-48.34
-121.58
-146.48
-166.99
-197.75
-221.19
-237.31
-238.77
-243.16
-254.88
-250.49
-268.07
-268.07
-265.13
-263.67
-273.92
-260.74
-266.6
-269.53
-260.74
-253.42
-268.07
-268.07
-272.46
-266.6
-256.35
-250.49
-237.31
-229.98
-231.44
-416.02
-641.58
-751.44
-941.88
-1054.7
-1006.3
-937.5
-1029.8
-1111.8
-1135.3
-1120.6
-1167.5
-1196.8
-1208.5
-1195.3
-1186.5
-1211.4
-1214.3
-1207
-1210
-1207
-1221.7
-1229
-1223.2
-1220.2
-1217.3
-1231.9
-1231.9
-1230.5
-1230.5
-1167.5
-1035.7
-914.04
-862.8
-839.34
-817.38
-782.22
-725.1
-695.82
-682.62
-676.74
-666.48
-666.48
-656.28
-653.34
-662.1
-667.98
-647.46
-646.02
-651.84
-646.02
-648.9
-643.08
-634.26
-646.02
-651.84
-654.78
-648.9
-643.08
-651.84
-732.42
-859.86
-934.56
-1048.8
-1101.5
-1073.8
-1117.7
-1173.4
-1188
-1188
-1208.5
-1215.8
-1229
-1229
-1243.7
-1236.3
-1246.6
-1258.3
-1249.5
-1249.5
-1240.7
-1252.4
-1251
-1243.7
-1264.1
-1259.8
-1258.3
-1239.2
-1233.4
-1249.5
-1188
-1019.5
-895.02
-821.76
-776.34
-760.26
-716.28
-669.42
-654.78
-644.52
-609.36
-590.33
-587.4
-591.8
-594.73
-585.94
-572.75
-566.89
-572.75
-571.29
-563.96
-568.36
-574.22
-572.75
-563.96
-562.5
-556.64
-555.17
-558.11
-574.22
-414.55
52.735
303.22
420.41
382.33
366.21
414.55
522.95
527.35
506.84
581.54
631.32
606.42
572.75
625.5
662.1
647.46
629.88
662.1
681.18
672.36
670.92
687
691.38
682.62
678.24
691.38
697.26
685.56
663.6
511.23
4.3945
-227.05
-443.85
-568.36
-490.72
-420.41
-561.04
-660.66
-682.62
-574.22
-621.12
-694.32
-719.22
-704.58
-725.1
-739.74
-747.06
-761.7
-766.14
-752.94
-755.88
-771.96
-764.64
-741.24
-748.56
-760.26
-758.76
-744.12
-742.68
-783.72
-903.78
-962.4
-990.24
-1037.1
-1053.2
-1057.6
-1086.9
-1097.2
-1113.3
-1123.6
-1126.4
-1127.9
-1136.7
-1138.2
-1141.1
-1126.4
-1125
-1133.8
-1130.9
-1144
-1132.3
-1139.6
-1157.2
-1147
-1145.5
-1144
-1135.3
-1147
-1133.8
-1113.3
-1086.9
-1040
-1009.3
-985.86
-958.02
-950.7
-944.82
-924.3
-928.74
-937.5
-934.56
-934.56
-946.26
-940.44
-922.86
-925.8
-930.18
-918.48
-924.3
-921.36
-914.04
-922.86
-933.12
-925.8
-924.3
-930.18
-924.3
-921.36
-934.56
-884.76
-635.76
-471.68
-379.39
-319.34
-291.5
-246.1
-213.87
-205.08
-200.68
-177.25
-150.88
-140.63
-128.9
-112.79
-99.612
-105.47
-104
-104
-104
-105.47
-106.93
-104
-99.612
-93.75
-83.496
-80.568
-71.778
-77.634
-84.96
-150.88
-367.67
-500.98
-669.42
-757.32
-659.16
-685.56
-780.78
-840.84
-804.18
-780.78
-832.02
-876
-887.7
-880.38
-893.58
-908.22
-890.64
-876
-900.9
-912.6
-892.08
-902.34
-908.22
-899.4
-900.9
-915.54
-897.96
-896.46
-900.9
-916.98
-978.54
-1031.3
-1075.2
-1095.7
-1111.8
-1133.8
-1148.5
-1166
-1161.6
-1177.7
-1179.2
-1170.4
-1177.7
-1182.1
-1195.3
-1190.9
-1179.2
-1196.8
-1186.5
-1190.9
-1190.9
-1189.4
-1208.5
-1208.5
-1198.3
-1198.3
-1189.4
-1204.1
-1195.3
-1133.8
-751.44
-436.52
-215.33
-92.286
-14.648
1.4648
0
-5.8594
7.3242
5.8594
10.254
29.297
33.691
45.41
46.875
45.41
43.945
51.269
49.805
49.805
52.735
58.594
46.875
39.551
43.945
41.015
43.945
41.015
36.621
23.438
-73.242
-109.87
-109.87
-109.87
-121.58
-139.16
-150.88
-140.63
-149.41
-158.2
-153.81
-140.63
-152.35
-158.2
-153.81
-145.02
-150.88
-152.35
-147.95
-140.63
-150.88
-149.41
-142.09
-140.63
-152.35
-159.67
-152.35
-145.02
-152.35
-162.6
-240.23
-287.11
-339.85
-357.42
-354.49
-383.79
-407.23
-418.94
-426.27
-432.13
-443.85
-440.92
-435.06
-432.13
-435.06
-429.2
-423.34
-429.2
-429.2
-421.88
-418.94
-414.55
-424.81
-435.06
-436.52
-427.73
-411.62
-420.41
-432.13
-361.82
193.36
499.51
719.22
874.5
824.7
695.82
880.38
1010.8
1078.1
1073.8
947.76
955.08
1053.2
1120.6
1152.8
1154.3
1101.5
1114.7
1148.5
1149.9
1119.1
1130.9
1132.3
1147
1123.6
1123.6
1136.7
1141.1
1152.8
1129.4
692.88
285.64
-48.34
-243.16
-339.85
-213.87
-145.02
-246.1
-335.45
-358.88
-241.7
-250.49
-344.24
-388.18
-372.07
-338.38
-360.35
-392.58
-405.76
-399.9
-402.83
-404.3
-399.9
-399.9
-396.97
-394.04
-401.37
-399.9
-398.44
-395.51
-351.56
-314.94
-291.5
-273.92
-251.95
-229.98
-213.87
-190.43
-178.71
-166.99
-169.92
-177.25
-178.71
-175.78
-174.32
-169.92
-169.92
-172.85
-166.99
-164.06
-175.78
-178.71
-175.78
-172.85
-175.78
-171.38
-168.46
-172.85
-166.99
-174.32
-225.59
-240.23
-268.07
-301.76
-316.4
-329.59
-335.45
-326.66
-333.98
-347.17
-344.24
-335.45
-339.85
-350.1
-354.49
-339.85
-348.63
-354.49
-360.35
-355.96
-348.63
-350.1
-351.56
-336.91
-329.59
-332.52
-339.85
-348.63
-353.03
-338.38
13.184
276.86
307.62
354.49
454.1
451.17
439.45
522.95
568.36
565.43
594.73
610.86
626.94
634.26
615.24
610.86
626.94
648.9
653.34
640.14
638.7
654.78
648.9
641.58
634.26
646.02
654.78
632.82
628.44
632.82
331.06
42.481
-99.612
-140.63
-7.3242
-51.269
-137.69
-181.64
-200.68
-227.05
-250.49
-263.67
-287.11
-290.04
-300.29
-295.9
-295.9
-287.11
-281.25
-284.18
-288.58
-284.18
-290.04
-292.97
-295.9
-297.37
-285.64
-284.18
-284.18
-284.18
-411.62
-509.77
-552.25
-609.36
-637.2
-653.34
-682.62
-697.26
-704.58
-707.52
-717.78
-716.28
-725.1
-720.72
-713.4
-719.22
-738.3
-730.98
-713.4
-722.16
-739.74
-736.8
-728.04
-741.24
-739.74
-729.48
-729.48
-720.72
-733.86
-735.36
-511.23
-281.25
-139.16
-89.358
-84.96
-55.664
-14.648
0
0
0
0
0
0
0
0
0
0
0
0
0
0
0
0
0
0
0
0
0
0
1.4648
301.76
502.44
602.04
763.2
834.96
728.04
763.2
851.1
867.18
870.12
925.8
938.94
943.38
960.96
978.54
963.84
969.72
984.36
988.74
988.74
1004.9
1007.8
994.62
999
1007.8
1016.6
999
988.74
