0
-62.988
-544.92
-856.92
-1041.5
-1155.8
-1223.2
-1270
-1302.2
-1319.8
-1340.3
-1344.7
-1356.4
-1357.9
-1360.9
-1360.9
-1366.7
-1368.2
-1368.2
-1372.6
-1366.7
-1372.6
-1372.6
-1378.4
-1374
-1379.9
-1375.5
-1378.4
-1378.4
-1379.9
-1382.8
-1356.4
-1127.9
-915.54
-763.2
-670.92
-613.74
-575.68
-544.92
-525.88
-508.3
-498.05
-481.93
-470.21
-462.89
-455.57
-452.63
-448.24
-445.31
-439.45
-435.06
-436.52
-432.13
-436.52
-433.6
-436.52
-432.13
-432.13
-429.2
-433.6
-430.66
-426.27
-358.88
-301.76
-269.53
-250.49
-232.91
-219.73
-208.01
-196.29
-188.96
-180.17
-171.38
-164.06
-158.2
-153.81
-150.88
-149.41
-146.48
-146.48
-140.63
-131.84
-128.9
-131.84
-136.23
-139.16
-142.09
-142.09
-143.56
-145.02
-143.56
-131.84
36.621
156.74
216.8
243.16
263.67
271
279.79
281.25
282.71
284.18
288.58
287.11
285.64
284.18
287.11
285.64
284.18
287.11
284.18
288.58
287.11
288.58
284.18
285.64
287.11
284.18
288.58
284.18
288.58
262.21
-36.621
-268.07
-388.18
-451.17
-489.26
-514.16
-524.41
-531.74
-537.6
-537.6
-540.53
-541.99
-546.38
-543.46
-541.99
-543.46
-541.99
-546.38
-549.32
-544.92
-543.46
-544.92
-547.85
-544.92
-547.85
-546.38
-543.46
-543.46
-547.85
-569.83
-807.12
-1006.3
-1133.8
-1207
-1258.3
-1290.5
-1306.6
-1325.7
-1336
-1349.1
-1344.7
-1356.4
-1353.5
-1357.9
-1362.3
-1363.7
-1365.2
-1365.2
-1368.2
-1362.3
-1371.1
-1366.7
-1371.1
-1369.6
-1371.1
-1369.6
-1369.6
-1376.9
-1371.1
-1376.9
-1337.4
-1306.6
-1278.8
-1256.8
-1237.8
-1218.8
-1207
-1190.9
-1190.9
-1180.7
-1171.9
-1173.4
-1160.2
-1163.1
-1160.2
-1155.8
-1158.7
-1152.8
-1151.3
-1149.9
-1148.5
-1149.9
-1149.9
-1147
-1148.5
-1144
-1147
-1148.5
-1144
-1127.9
-801.24
-467.29
-247.56
-115.72
-45.41
-8.7888
5.8594
17.578
16.113
17.578
14.648
10.254
7.3242
2.9297
1.4648
1.4648
4.3945
4.3945
8.7888
7.3242
10.254
8.7888
4.3945
4.3945
1.4648
0
0
0
0
2.9297
43.945
76.17
93.75
104
108.4
111.33
114.26
112.79
114.26
117.19
115.72
115.72
114.26
115.72
115.72
115.72
115.72
115.72
115.72
115.72
117.19
114.26
115.72
115.72
115.72
115.72
115.72
115.72
114.26
114.26
115.72
115.72
115.72
115.72
114.26
115.72
115.72
117.19
115.72
115.72
117.19
115.72
114.26
115.72
115.72
115.72
115.72
115.72
115.72
114.26
114.26
115.72
115.72
114.26
115.72
112.79
114.26
115.72
114.26
99.612
-224.12
-477.54
-624
-706.08
-752.94
-776.34
-796.86
-810.06
-814.44
-818.82
-823.26
-827.64
-824.7
-826.2
-830.58
-830.58
-830.58
-832.02
-834.96
-830.58
-832.02
-832.02
-836.4
-832.02
-833.52
-834.96
-834.96
-832.02
-833.52
-839.34
-892.08
-947.76
-990.24
-1010.8
-1023.9
-1038.6
-1038.6
-1044.4
-1053.2
-1048.8
-1054.7
-1057.6
-1056.2
-1057.6
-1060.6
-1056.2
-1062
-1063.5
-1059.1
-1062
-1062
-1060.6
-1064.9
-1063.5
-1063.5
-1066.4
-1062
-1062
-1066.4
-1054.7
-777.84
-465.82
-256.35
-127.44
-60.06
-24.902
-11.719
-4.3945
-1.4648
1.4648
1.4648
0
0
0
0
0
0
0
0
0
0
0
0
0
0
0
0
0
0
0
-51.269
-96.678
-109.87
-111.33
-114.26
-124.51
-131.84
-137.69
-140.63
-140.63
-143.56
-145.02
-143.56
-145.02
-146.48
-143.56
-143.56
-147.95
-145.02
-146.48
-145.02
-146.48
-145.02
-143.56
-146.48
-142.09
-143.56
-145.02
-145.02
-150.88
-449.71
-758.76
-933.12
-1032.7
-1101.5
-1142.6
-1167.5
-1186.5
-1198.3
-1207
-1215.8
-1215.8
-1223.2
-1218.8
-1223.2
-1227.5
-1224.6
-1230.5
-1227.5
-1229
-1230.5
-1229
-1236.3
-1230.5
-1234.9
-1230.5
-1230.5
-1236.3
-1230.5
-1236.3
-1221.7
-1208.5
-1199.7
-1189.4
-1186.5
-1176.2
-1173.4
-1171.9
-1161.6
-1164.5
-1161.6
-1158.7
-1163.1
-1152.8
-1154.3
-1155.8
-1152.8
-1157.2
-1152.8
-1151.3
-1151.3
-1145.5
-1154.3
-1149.9
-1149.9
-1151.3
-1147
-1149.9
-1151.3
-1144
-757.32
-73.242
483.4
763.2
908.22
997.56
1057.6
1091.3
1120.6
1133.8
1141.1
1152.8
1151.3
1158.7
1161.6
1160.2
1164.5
1164.5
1167.5
1168.9
1166
1170.4
1168.9
1168.9
1171.9
1168.9
1171.9
1173.4
1168.9
1171.9
832.02
313.48
-64.452
-279.79
-382.33
-437.99
-471.68
-490.72
-500.98
-502.44
-506.84
-511.23
-514.16
-517.09
-517.09
-514.16
-512.69
-515.63
-517.09
-518.56
-517.09
-515.63
-514.16
-515.63
-518.56
-517.09
-518.56
-515.63
-514.16
-517.09
-304.69
17.578
206.54
297.37
341.31
364.75
377.93
380.86
386.72
391.12
396.97
396.97
399.9
396.97
396.97
396.97
398.44
399.9
401.37
399.9
399.9
398.44
399.9
396.97
402.83
399.9
401.37
398.44
398.44
398.44
418.94
445.31
461.42
473.14
476.08
479
481.93
481.93
483.4
486.33
484.87
483.4
484.87
486.33
484.87
486.33
487.79
484.87
484.87
484.87
486.33
484.87
484.87
484.87
483.4
481.93
486.33
486.33
484.87
486.33
268.07
-61.524
-253.42
-341.31
-391.12
-421.88
-439.45
-445.31
-448.24
-448.24
-455.57
-455.57
-458.5
-458.5
-455.57
-458.5
-457.03
-461.42
-461.42
-458.5
-457.03
-457.03
-458.5
-457.03
-462.89
-458.5
-457.03
-458.5
-457.03
-544.92
-681.18
-758.76
-802.74
-833.52
-855.48
-864.24
-867.18
-876
-880.38
-877.44
-883.32
-887.7
-884.76
-884.76
-889.14
-889.14
-887.7
-892.08
-890.64
-887.7
-890.64
-893.58
-890.64
-889.14
-892.08
-892.08
-889.14
-890.64
-895.02
-744.12
-493.65
-332.52
-234.38
-178.71
-152.35
-134.77
-118.65
-105.47
-93.75
-84.96
-76.17
-64.452
-55.664
-48.34
-43.945
-39.551
-36.621
-35.156
-33.691
-32.227
-30.762
-29.297
-35.156
-33.691
-33.691
-33.691
-30.762
-30.762
-30.762
95.214
301.76
416.02
477.54
514.16
537.6
547.85
558.11
562.5
565.43
568.36
568.36
566.89
568.36
571.29
569.83
568.36
569.83
569.83
569.83
571.29
571.29
568.36
571.29
572.75
569.83
574.22
569.83
571.29
574.22
563.96
543.46
528.81
515.63
502.44
496.58
489.26
484.87
474.61
473.14
467.29
467.29
464.36
464.36
458.5
458.5
458.5
457.03
459.96
457.03
458.5
454.1
457.03
452.63
457.03
457.03
455.57
455.57
452.63
455.57
506.84
618.18
682.62
716.28
742.68
760.26
771.96
776.34
780.78
786.6
789.54
785.16
791.04
792.48
793.92
791.04
792.48
796.86
793.92
793.92
796.86
796.86
793.92
792.48
795.42
796.86
791.04
792.48
795.42
795.42
575.68
41.015
-310.55
-476.08
-571.29
-629.88
-659.16
-676.74
-688.5
-700.2
-707.52
-706.08
-708.96
-711.9
-716.28
-714.84
-713.4
-714.84
-719.22
-717.78
-716.28
-716.28
-719.22
-719.22
-714.84
-717.78
-720.72
-719.22
-717.78
-717.78
-621.12
-395.51
-247.56
-159.67
-106.93
-79.104
-62.988
-51.269
-39.551
-26.367
-14.648
-5.8594
2.9297
5.8594
8.7888
7.3242
4.3945
1.4648
0
0
0
0
0
0
0
0
0
0
0
0
187.5
581.54
799.8
922.86
999
1047.4
1078.1
1095.7
1111.8
1117.7
1125
1130.9
1130.9
1135.3
1135.3
1136.7
1141.1
1136.7
1139.6
1141.1
1138.2
1144
1141.1
1141.1
1142.6
1141.1
1144
1142.6
1141.1
1145.5
1056.2
837.9
685.56
581.54
520.02
481.93
458.5
436.52
420.41
408.69
395.51
385.25
376.46
369.14
361.82
360.35
354.49
351.56
350.1
345.7
344.24
345.7
342.77
341.31
344.24
342.77
344.24
342.77
341.31
342.77
357.42
411.62
440.92
459.96
470.21
474.61
477.54
479
484.87
483.4
484.87
487.79
483.4
483.4
487.79
486.33
486.33
484.87
486.33
483.4
481.93
487.79
484.87
483.4
484.87
483.4
480.47
487.79
484.87
483.4
432.13
268.07
174.32
115.72
83.496
68.85
55.664
41.015
29.297
13.184
2.9297
-1.4648
-5.8594
-7.3242
-7.3242
-4.3945
-4.3945
-2.9297
0
0
0
0
0
0
0
0
0
0
0
0
-67.38
-276.86
-407.23
-486.33
-533.2
-558.11
-574.22
-583.01
-584.47
-591.8
-597.65
-596.19
-599.12
-596.19
-599.12
-600.6
-602.04
-600.6
-597.65
-603.54
-602.04
-602.04
-603.54
-597.65
-600.6
-604.98
-603.54
-600.6
-600.6
-600.6
-451.17
127.44
549.32
758.76
881.82
955.08
1000.5
1028.3
1050.3
1057.6
1064.9
1075.2
1073.8
1076.6
1081.1
1078.1
1082.5
1084
1081.1
1085.5
1086.9
1085.5
1086.9
1085.5
1085.5
1088.4
1084
1088.4
1089.8
1085.5
944.82
354.49
-131.84
-388.18
-511.23
-575.68
-619.62
-644.52
-662.1
-673.8
-673.8
-678.24
-682.62
-684.06
-684.06
-684.06
-685.56
-689.94
-688.5
-687
-687
-688.5
-691.38
-688.5
-688.5
-691.38
-692.88
-687
-688.5
-689.94
-670.92
-594.73
-537.6
-503.9
-483.4
-468.75
-449.71
-437.99
-420.41
-410.15
-405.76
-399.9
-396.97
-391.12
-388.18
-382.33
-379.39
-375
-373.54
-373.54
-373.54
-376.46
-375
-372.07
-372.07
-372.07
-372.07
-373.54
-373.54
-375
-410.15
-559.57
-651.84
-710.46
-747.06
-767.58
-777.84
-785.16
-792.48
-793.92
-792.48
-798.36
-799.8
-799.8
-796.86
-801.24
-805.68
-801.24
-802.74
-805.68
-802.74
-801.24
-801.24
-807.12
-804.18
-801.24
-804.18
-807.12
-802.74
-802.74
-761.7
-561.04
-411.62
-316.4
-266.6
-235.84
-218.26
-205.08
-190.43
-178.71
-166.99
-155.27
-149.41
-140.63
-131.84
-127.44
-123.05
-118.65
-118.65
-115.72
-117.19
-114.26
-115.72
-115.72
-117.19
-115.72
-117.19
-115.72
-117.19
-117.19
-188.96
-534.67
-754.38
-874.5
-950.7
-999
-1028.3
-1043
-1060.6
-1064.9
-1072.3
-1079.6
-1078.1
-1082.5
-1084
-1082.5
-1088.4
-1088.4
-1086.9
-1094.2
-1086.9
-1085.5
-1094.2
-1086.9
-1089.8
-1092.8
-1086.9
-1091.3
-1091.3
-1088.4
-1023.9
-604.98
-227.05
21.973
150.88
212.4
246.1
262.21
275.39
278.32
282.71
284.18
282.71
282.71
285.64
285.64
282.71
287.11
287.11
288.58
285.64
285.64
288.58
284.18
287.11
284.18
284.18
287.11
287.11
288.58
325.19
540.53
688.5
773.46
827.64
858.42
874.5
889.14
897.96
900.9
902.34
906.72
908.22
909.66
911.16
914.04
909.66
914.04
914.04
912.6
912.6
916.98
912.6
914.04
915.54
915.54
914.04
916.98
916.98
914.04
889.14
717.78
596.19
515.63
467.29
440.92
417.48
399.9
382.33
373.54
361.82
350.1
338.38
332.52
328.13
325.19
320.8
316.4
319.34
313.48
314.94
314.94
312.01
314.94
313.48
314.94
314.94
313.48
312.01
313.48
237.31
-348.63
-747.06
-969.72
-1091.3
-1173.4
-1229
-1256.8
-1284.7
-1300.8
-1315.4
-1319.8
-1322.8
-1330.1
-1325.7
-1336
-1331.5
-1338.8
-1337.4
-1337.4
-1338.8
-1338.8
-1346.2
-1338.8
-1346.2
-1340.3
-1344.7
-1344.7
-1346.2
-1344.7
-1340.3
-1296.4
-1249.5
-1226.1
-1201.2
-1179.2
-1164.5
-1144
-1141.1
-1130.9
-1122.1
-1123.6
-1111.8
-1110.4
-1107.4
-1101.5
-1106
-1101.5
-1097.2
-1098.7
-1092.8
-1097.2
-1095.7
-1092.8
-1094.2
-1092.8
-1088.4
-1092.8
-1092.8
-1089.8
-1076.6
-883.32
-719.22
-610.86
-541.99
-496.58
-468.75
-448.24
-433.6
-416.02
-405.76
-394.04
-383.79
-370.61
-360.35
-358.88
-354.49
-351.56
-350.1
-350.1
-345.7
-347.17
-344.24
-344.24
-341.31
-342.77
-342.77
-345.7
-345.7
-344.24
-309.08
64.452
350.1
492.19
569.83
618.18
643.08
656.28
672.36
672.36
675.3
678.24
681.18
685.56
684.06
681.18
684.06
685.56
685.56
684.06
684.06
685.56
685.56
684.06
685.56
684.06
687
687
685.56
685.56
656.28
266.6
-86.424
-275.39
-367.67
-417.48
-439.45
-459.96
-470.21
-474.61
-481.93
-481.93
-484.87
-483.4
-483.4
-487.79
-486.33
-487.79
-484.87
-487.79
-484.87
-486.33
-486.33
-489.26
-489.26
-486.33
-486.33
-486.33
-490.72
-489.26
-490.72
-503.9
-518.56
-528.81
-536.13
-540.53
-539.06
-539.06
-540.53
-541.99
-544.92
-546.38
-541.99
-541.99
-541.99
-546.38
-549.32
-543.46
-543.46
-543.46
-544.92
-546.38
-544.92
-544.92
-544.92
-543.46
-544.92
-547.85
-546.38
-541.99
-509.77
45.41
575.68
837.9
1000.5
1097.2
1155.8
1201.2
1220.2
1240.7
1252.4
1262.7
1268.6
1267.1
1274.4
1273
1277.3
1278.8
1277.3
1281.7
1278.8
1283.2
1278.8
1283.2
1281.7
1283.2
1284.7
1281.7
1284.7
1283.2
1274.4
1135.3
994.62
909.66
845.22
805.68
780.78
755.88
736.8
719.22
708.96
703.14
694.32
687
679.68
678.24
676.74
670.92
667.98
669.42
666.48
665.04
660.66
659.16
660.66
659.16
660.66
657.72
657.72
659.16
665.04
789.54
905.28
982.92
1025.4
1053.2
1073.8
1082.5
1094.2
1097.2
1098.7
1104.5
1107.4
1106
1111.8
1107.4
1110.4
1113.3
1110.4
1111.8
1113.3
1111.8
1116.2
1113.3
1113.3
1116.2
1113.3
1113.3
1114.7
1110.4
1117.7
1111.8
1107.4
1106
1100.1
1100.1
1098.7
1094.2
1095.7
1094.2
1091.3
1094.2
1089.8
1089.8
1092.8
1088.4
1089.8
1089.8
1086.9
1089.8
1088.4
1085.5
1089.8
1086.9
1085.5
1088.4
1085.5
1086.9
1088.4
1086.9
1079.6
758.76
394.04
152.35
13.184
-54.199
-83.496
-96.678
-104
-114.26
-109.87
-115.72
-114.26
-112.79
-115.72
-115.72
-117.19
-115.72
-115.72
-115.72
-117.19
-115.72
-117.19
-114.26
-109.87
-98.142
-93.75
-96.678
-98.142
-101.08
-108.4
-202.15
-292.97
-338.38
-366.21
-380.86
-391.12
-395.51
-395.51
-395.51
-396.97
-398.44
-401.37
-402.83
-402.83
-399.9
-398.44
-398.44
-398.44
-401.37
-402.83
-402.83
-401.37
-401.37
-399.9
-398.44
-399.9
-399.9
-401.37
-401.37
-404.3
-471.68
-547.85
-590.33
-619.62
-634.26
-641.58
-647.46
-650.4
-654.78
-654.78
-656.28
-656.28
-659.16
-662.1
-659.16
-657.72
-659.16
-660.66
-660.66
-660.66
-659.16
-662.1
-662.1
-660.66
-659.16
-660.66
-663.6
-660.66
-660.66
-659.16
-648.9
-631.32
-616.68
-600.6
-590.33
-584.47
-581.54
-571.29
-566.89
-561.04
-559.57
-558.11
-556.64
-549.32
-550.78
-546.38
-550.78
-549.32
-546.38
-544.92
-544.92
-544.92
-547.85
-547.85
-543.46
-541.99
-546.38
-546.38
-544.92
-546.38
-539.06
-534.67
-534.67
-533.2
-527.35
-525.88
-521.48
-520.02
-524.41
-522.95
-520.02
-517.09
-515.63
-517.09
-520.02
-520.02
-518.56
-515.63
-517.09
-517.09
-518.56
-518.56
-515.63
-515.63
-515.63
-515.63
-518.56
-518.56
-517.09
-517.09
-534.67
-563.96
-578.62
-587.4
-587.4
-593.26
-599.12
-599.12
-600.6
-600.6
-597.65
-603.54
-603.54
-600.6
-602.04
-603.54
-602.04
-604.98
-603.54
-602.04
-600.6
-603.54
-606.42
-600.6
-602.04
-602.04
-603.54
-603.54
-602.04
-602.04
-606.42
-616.68
-622.56
-624
-625.5
-624
-629.88
-631.32
-628.44
-629.88
-631.32
-631.32
-632.82
-629.88
-628.44
-631.32
-632.82
-634.26
-629.88
-631.32
-631.32
-634.26
-632.82
-631.32
-629.88
-634.26
-634.26
-631.32
-629.88
-631.32
-543.46
-414.55
-338.38
-290.04
-260.74
-244.63
-225.59
-216.8
-203.62
-197.75
-186.04
-177.25
-169.92
-162.6
-159.67
-153.81
-149.41
-143.56
-145.02
-145.02
-142.09
-143.56
-142.09
-145.02
-143.56
-142.09
-143.56
-146.48
-143.56
-146.48
-206.54
-294.43
-342.77
-366.21
-380.86
-388.18
-394.04
-395.51
-398.44
-399.9
-401.37
-398.44
-401.37
-399.9
-399.9
-402.83
-402.83
-402.83
-404.3
-402.83
-399.9
-399.9
-401.37
-402.83
-399.9
-402.83
-401.37
-401.37
-399.9
-574.22
-833.52
-984.36
-1076.6
-1139.6
-1174.8
-1199.7
-1217.3
-1227.5
-1239.2
-1240.7
-1248.1
-1246.6
-1248.1
-1253.9
-1251
-1256.8
-1253.9
-1256.8
-1255.4
-1256.8
-1262.7
-1256.8
-1262.7
-1256.8
-1255.4
-1262.7
-1258.3
-1262.7
-1259.8
-1029.8
-588.87
-238.77
-13.184
104
161.13
194.83
210.94
216.8
227.05
224.12
225.59
229.98
225.59
228.52
228.52
221.19
219.73
218.26
227.05
227.05
228.52
229.98
231.44
227.05
229.98
227.05
231.44
225.59
227.05
169.92
74.706
27.832
13.184
7.3242
1.4648
0
-4.3945
-1.4648
0
1.4648
1.4648
0
-1.4648
0
0
0
0
0
0
0
0
0
0
0
0
0
0
0
0
-156.74
-429.2
-581.54
-669.42
-717.78
-747.06
-766.14
-776.34
-788.1
-791.04
-791.04
-796.86
-802.74
-798.36
-798.36
-802.74
-804.18
-801.24
-804.18
-808.62
-805.68
-801.24
-804.18
-805.68
-805.68
-804.18
-805.68
-807.12
-804.18
-804.18
-659.16
-355.96
-139.16
-7.3242
58.594
84.96
99.612
106.93
109.87
114.26
114.26
114.26
114.26
115.72
115.72
115.72
115.72
115.72
114.26
114.26
112.79
106.93
98.142
87.888
80.568
71.778
57.129
41.015
38.086
42.481
-52.735
-231.44
-325.19
-377.93
-413.09
-430.66
-442.38
-448.24
-451.17
-452.63
-452.63
-452.63
-458.5
-455.57
-458.5
-454.1
-457.03
-454.1
-459.96
-455.57
-461.42
-455.57
-457.03
-454.1
-458.5
-457.03
-461.42
-458.5
-457.03
-458.5
-292.97
86.424
313.48
421.88
479
517.09
540.53
552.25
558.11
561.04
563.96
566.89
566.89
568.36
566.89
569.83
568.36
571.29
572.75
566.89
569.83
572.75
572.75
574.22
568.36
571.29
572.75
571.29
574.22
568.36
350.1
-235.84
-566.89
-742.68
-840.84
-895.02
-931.62
-958.02
-969.72
-978.54
-988.74
-991.68
-993.18
-999
-996.12
-997.56
-1003.4
-1001.9
-1001.9
-1006.3
-1003.4
-1000.5
-1007.8
-1004.9
-1003.4
-1007.8
-1003.4
-1004.9
-1007.8
-1006.3
-789.54
-118.65
423.34
678.24
817.38
906.72
959.46
993.18
1019.5
1032.7
1045.9
1054.7
1057.6
1059.1
1064.9
1064.9
1069.3
1070.8
1069.3
1073.8
1072.3
1069.3
1073.8
1073.8
1070.8
1076.6
1075.2
1075.2
1076.6
1075.2
855.48
125.98
-426.27
-698.76
-851.1
-947.76
-1003.4
-1037.1
-1066.4
-1079.6
-1089.8
-1100.1
-1098.7
-1104.5
-1110.4
-1107.4
-1111.8
-1116.2
-1113.3
-1116.2
-1116.2
-1114.7
-1122.1
-1114.7
-1119.1
-1119.1
-1116.2
-1122.1
-1120.6
-1119.1
-1104.5
-1037.1
-993.18
-966.78
-940.44
-918.48
-903.78
-887.7
-878.88
-873.06
-867.18
-859.86
-855.48
-855.48
-849.6
-845.22
-846.66
-845.22
-840.84
-840.84
-842.28
-839.34
-834.96
-837.9
-837.9
-833.52
-833.52
-837.9
-834.96
-832.02
-870.12
-991.68
-1070.8
-1123.6
-1158.7
-1176.2
-1195.3
-1202.6
-1210
-1217.3
-1215.8
-1223.2
-1221.7
-1226.1
-1227.5
-1227.5
-1231.9
-1224.6
-1231.9
-1230.5
-1230.5
-1234.9
-1229
-1234.9
-1230.5
-1231.9
-1236.3
-1231.9
-1236.3
-1229
-1084
-445.31
235.84
659.16
873.06
994.62
1075.2
1122.1
1155.8
1177.7
1188
1201.2
1204.1
1211.4
1214.3
1214.3
1220.2
1218.8
1223.2
1223.2
1221.7
1226.1
1221.7
1223.2
1224.6
1223.2
1227.5
1224.6
1227.5
1224.6
1127.9
730.98
416.02
216.8
109.87
49.805
19.043
4.3945
0
-8.7888
-4.3945
-2.9297
0
0
2.9297
0
0
0
0
0
0
0
0
0
0
0
0
0
0
0
-57.129
-287.11
-420.41
-500.98
-537.6
-556.64
-575.68
-580.08
-590.33
-594.73
-594.73
-594.73
-594.73
-602.04
-600.6
-599.12
-599.12
-599.12
-603.54
-603.54
-597.65
-600.6
-599.12
-600.6
-604.98
-602.04
-599.12
-602.04
-602.04
-603.54
-619.62
-691.38
-745.62
-777.84
-793.92
-804.18
-814.44
-820.32
-818.82
-823.26
-826.2
-829.08
-826.2
-829.08
-834.96
-830.58
-830.58
-830.58
-834.96
-829.08
-832.02
-833.52
-834.96
-830.58
-834.96
-836.4
-833.52
-834.96
-837.9
-834.96
-704.58
-13.184
547.85
833.52
997.56
1095.7
1157.2
1198.3
1220.2
1242.2
1251
1261.3
1265.6
1267.1
1273
1273
1278.8
1275.9
1280.3
1280.3
1278.8
1284.7
1280.3
1286.2
1283.2
1286.2
1284.7
1283.2
1286.2
1281.7
1189.4
606.42
61.524
-290.04
-454.1
-546.38
-599.12
-626.94
-647.46
-662.1
-672.36
-675.3
-675.3
-679.68
-684.06
-682.62
-682.62
-682.62
-687
-688.5
-685.56
-687
-688.5
-688.5
-689.94
-687
-685.56
-691.38
-688.5
-687
-593.26
36.621
562.5
829.08
984.36
1075.2
1133.8
1174.8
1198.3
1214.3
1224.6
1230.5
1240.7
1237.8
1245.1
1245.1
1248.1
1252.4
1249.5
1253.9
1252.4
1253.9
1253.9
1252.4
1256.8
1252.4
1258.3
1255.4
1255.4
1258.3
1196.8
813
476.08
257.81
133.3
61.524
27.832
10.254
1.4648
-2.9297
-7.3242
-2.9297
0
4.3945
1.4648
-1.4648
-1.4648
0
0
0
0
0
0
0
0
0
0
0
0
0
5.8594
52.735
79.104
96.678
104
111.33
109.87
114.26
112.79
114.26
115.72
115.72
117.19
115.72
117.19
117.19
117.19
115.72
117.19
117.19
115.72
115.72
115.72
115.72
114.26
117.19
114.26
117.19
114.26
114.26
150.88
423.34
621.12
733.86
801.24
837.9
865.74
883.32
890.64
896.46
903.78
905.28
905.28
909.66
911.16
908.22
911.16
911.16
911.16
909.66
916.98
911.16
914.04
915.54
915.54
912.6
914.04
915.54
911.16
911.16
924.3
988.74
1050.3
1089.8
1111.8
1129.4
1144
1144
1155.8
1155.8
1158.7
1163.1
1163.1
1166
1166
1166
1168.9
1167.5
1170.4
1171.9
1167.5
1173.4
1170.4
1170.4
1171.9
1168.9
1171.9
1170.4
1170.4
1173.4
1133.8
767.58
413.09
174.32
35.156
-33.691
-64.452
-71.778
-77.634
-86.424
-84.96
-84.96
-89.358
-84.96
-86.424
-87.888
-89.358
-86.424
-86.424
-86.424
-70.314
-54.199
-43.945
-41.015
-33.691
-33.691
-33.691
-43.945
-45.41
-48.34
-89.358
-452.63
-733.86
-890.64
-978.54
-1034.2
-1075.2
-1091.3
-1108.9
-1126.4
-1126.4
-1136.7
-1142.6
-1141.1
-1148.5
-1147
-1149.9
-1152.8
-1152.8
-1154.3
-1154.3
-1152.8
-1157.2
-1154.3
-1157.2
-1154.3
-1149.9
-1155.8
-1155.8
-1152.8
-1157.2
-1157.2
-1163.1
-1163.1
-1167.5
-1171.9
-1171.9
-1173.4
-1173.4
-1173.4
-1179.2
-1174.8
-1180.7
-1176.2
-1174.8
-1180.7
-1179.2
-1179.2
-1182.1
-1179.2
-1180.7
-1177.7
-1179.2
-1182.1
-1176.2
-1182.1
-1174.8
-1177.7
-1180.7
-1177.7
-1180.7
-1168.9
-1158.7
-1152.8
-1139.6
-1136.7
-1132.3
-1125
-1123.6
-1117.7
-1113.3
-1116.2
-1108.9
-1108.9
-1107.4
-1101.5
-1104.5
-1100.1
-1098.7
-1101.5
-1095.7
-1095.7
-1098.7
-1092.8
-1094.2
-1097.2
-1091.3
-1092.8
-1092.8
-1092.8
-1079.6
-763.2
-430.66
-208.01
-70.314
-1.4648
33.691
45.41
52.735
54.199
54.199
57.129
55.664
60.06
54.199
57.129
58.594
58.594
57.129
52.735
51.269
42.481
39.551
27.832
21.973
11.719
2.9297
1.4648
0
0
0
0
0
0
0
0
0
0
0
0
0
0
0
0
0
0
0
0
0
0
0
0
0
0
0
0
0
0
0
0
2.9297
121.58
234.38
292.97
328.13
345.7
357.42
363.28
364.75
364.75
369.14
364.75
367.67
372.07
369.14
370.61
369.14
369.14
370.61
366.21
369.14
372.07
372.07
373.54
369.14
372.07
369.14
369.14
372.07
372.07
376.46
517.09
656.28
736.8
788.1
818.82
832.02
845.22
856.92
859.86
862.8
868.68
873.06
870.12
873.06
873.06
874.5
873.06
877.44
876
874.5
876
878.88
877.44
877.44
878.88
880.38
874.5
878.88
880.38
867.18
566.89
206.54
-11.719
-134.77
-196.29
-232.91
-253.42
-268.07
-271
-279.79
-281.25
-282.71
-282.71
-287.11
-287.11
-284.18
-285.64
-284.18
-282.71
-284.18
-287.11
-285.64
-287.11
-285.64
-287.11
-287.11
-285.64
-287.11
-282.71
-292.97
-577.15
-861.3
-1023.9
-1127.9
-1195.3
-1237.8
-1270
-1289
-1302.2
-1315.4
-1319.8
-1330.1
-1325.7
-1328.6
-1331.5
-1337.4
-1336
-1337.4
-1340.3
-1334.5
-1341.8
-1340.3
-1343.3
-1341.8
-1343.3
-1341.8
-1341.8
-1344.7
-1340.3
-1341.8
-886.26
-190.43
344.24
646.02
810.06
911.16
968.28
1007.8
1034.2
1044.4
1059.1
1067.9
1067.9
1073.8
1078.1
1075.2
1081.1
1081.1
1079.6
1084
1082.5
1085.5
1086.9
1084
1086.9
1085.5
1084
1086.9
1085.5
1081.1
728.04
215.33
-136.23
-309.08
-399.9
-445.31
-468.75
-487.79
-496.58
-506.84
-509.77
-511.23
-511.23
-512.69
-514.16
-515.63
-517.09
-517.09
-515.63
-514.16
-515.63
-517.09
-517.09
-517.09
-515.63
-515.63
-518.56
-518.56
-520.02
-517.09
-486.33
-451.17
-427.73
-408.69
-394.04
-382.33
-364.75
-357.42
-347.17
-344.24
-335.45
-333.98
-329.59
-325.19
-322.27
-319.34
-314.94
-316.4
-314.94
-316.4
-316.4
-317.87
-317.87
-317.87
-313.48
-316.4
-313.48
-314.94
-314.94
-312.01
71.778
572.75
823.26
968.28
1060.6
1110.4
1151.3
1170.4
1185.1
1199.7
1201.2
1210
1212.9
1212.9
1220.2
1217.3
1221.7
1221.7
1221.7
1223.2
1221.7
1227.5
1224.6
1226.1
1229
1223.2
1229
1224.6
1227.5
1229
1009.3
710.46
499.51
370.61
291.5
251.95
229.98
210.94
188.96
175.78
164.06
155.27
146.48
137.69
131.84
124.51
123.05
117.19
117.19
117.19
115.72
114.26
115.72
114.26
115.72
114.26
112.79
114.26
114.26
114.26
161.13
231.44
263.67
288.58
298.83
307.62
310.55
313.48
312.01
312.01
313.48
314.94
313.48
313.48
316.4
314.94
314.94
314.94
314.94
313.48
310.55
316.4
314.94
313.48
312.01
314.94
313.48
313.48
312.01
5.8594
-467.29
-706.08
-840.84
-918.48
-962.4
-997.56
-1015.1
-1026.8
-1040
-1044.4
-1044.4
-1053.2
-1050.3
-1053.2
-1057.6
-1057.6
-1057.6
-1066.4
-1059.1
-1060.6
-1063.5
-1059.1
-1062
-1063.5
-1059.1
-1062
-1063.5
-1059.1
-1064.9
-1000.5
-881.82
-814.44
-770.52
-736.8
-711.9
-689.94
-675.3
-659.16
-650.4
-641.58
-637.2
-631.32
-622.56
-618.18
-618.18
-616.68
-610.86
-607.92
-606.42
-606.42
-607.92
-604.98
-602.04
-603.54
-604.98
-604.98
-604.98
-602.04
-603.54
-540.53
-423.34
-358.88
-313.48
-288.58
-271
-253.42
-238.77
-229.98
-219.73
-209.47
-202.15
-194.83
-190.43
-183.11
-180.17
-177.25
-175.78
-174.32
-169.92
-174.32
-174.32
-169.92
-172.85
-172.85
-171.38
-172.85
-172.85
-174.32
-174.32
-354.49
-694.32
-881.82
-997.56
-1066.4
-1107.4
-1139.6
-1157.2
-1167.5
-1180.7
-1182.1
-1189.4
-1193.8
-1189.4
-1196.8
-1193.8
-1198.3
-1199.7
-1198.3
-1201.2
-1198.3
-1202.6
-1204.1
-1201.2
-1207
-1201.2
-1201.2
-1205.6
-1202.6
-1207
-1000.5
-486.33
-77.634
184.57
306.15
369.14
401.37
420.41
437.99
443.85
448.24
451.17
452.63
454.1
451.17
458.5
454.1
458.5
454.1
455.57
454.1
454.1
457.03
452.63
455.57
455.57
451.17
454.1
455.57
455.57
235.84
-322.27
-606.42
-763.2
-856.92
-914.04
-955.08
-972.66
-991.68
-1006.3
-1009.3
-1015.1
-1021
-1016.6
-1019.5
-1025.4
-1022.5
-1025.4
-1028.3
-1023.9
-1028.3
-1029.8
-1025.4
-1031.3
-1032.7
-1025.4
-1029.8
-1032.7
-1026.8
-1034.2
-1063.5
-1145.5
-1210
-1246.6
-1277.3
-1294.9
-1306.6
-1316.9
-1316.9
-1328.6
-1327.1
-1337.4
-1331.5
-1333
-1336
-1337.4
-1341.8
-1338.8
-1344.7
-1334.5
-1341.8
-1341.8
-1344.7
-1344.7
-1344.7
-1344.7
-1341.8
-1347.7
-1343.3
-1349.1
-1328.6
-1281.7
-1246.6
-1217.3
-1198.3
-1173.4
-1161.6
-1147
-1133.8
-1133.8
-1122.1
-1119.1
-1119.1
-1110.4
-1110.4
-1106
-1101.5
-1106
-1100.1
-1098.7
-1101.5
-1095.7
-1097.2
-1100.1
-1092.8
-1097.2
-1095.7
-1092.8
-1098.7
-1094.2
-944.82
-398.44
112.79
414.55
575.68
657.72
708.96
744.12
761.7
773.46
782.22
789.54
792.48
791.04
793.92
795.42
795.42
793.92
798.36
798.36
796.86
796.86
799.8
799.8
798.36
799.8
802.74
799.8
798.36
799.8
747.06
559.57
439.45
361.82
319.34
291.5
275.39
254.88
241.7
232.91
219.73
210.94
202.15
194.83
187.5
178.71
165.53
161.13
155.27
153.81
162.6
166.99
169.92
171.38
171.38
172.85
172.85
171.38
171.38
169.92
203.62
333.98
416.02
462.89
493.65
514.16
520.02
528.81
530.27
533.2
539.06
537.6
539.06
537.6
539.06
540.53
540.53
541.99
541.99
539.06
540.53
541.99
541.99
540.53
539.06
537.6
541.99
540.53
541.99
539.06
458.5
83.496
-186.04
-322.27
-389.65
-433.6
-454.1
-468.75
-474.61
-479
-479
-483.4
-481.93
-486.33
-486.33
-484.87
-483.4
-487.79
-489.26
-489.26
-490.72
-487.79
-484.87
-489.26
-487.79
-487.79
-489.26
-486.33
-487.79
-486.33
-518.56
-678.24
-782.22
-851.1
-892.08
-922.86
-936.06
-946.26
-956.52
-958.02
-960.96
-966.78
-968.28
-965.34
-971.22
-971.22
-969.72
-974.1
-974.1
-971.22
-974.1
-974.1
-971.22
-975.6
-974.1
-968.28
-975.6
-978.54
-972.66
-977.04
-928.74
-653.34
-433.6
-297.37
-213.87
-171.38
-145.02
-127.44
-115.72
-101.08
-89.358
-80.568
-68.85
-61.524
-52.735
-43.945
-39.551
-35.156
-35.156
-32.227
-32.227
-30.762
-30.762
-29.297
-24.902
-27.832
-30.762
-33.691
-30.762
-27.832
-10.254
140.63
224.12
276.86
301.76
319.34
329.59
333.98
336.91
338.38
338.38
333.98
339.85
338.38
342.77
339.85
342.77
341.31
341.31
341.31
339.85
344.24
342.77
344.24
345.7
341.31
342.77
341.31
339.85
339.85
383.79
689.94
909.66
1040
1125
1173.4
1208.5
1231.9
1242.2
1258.3
1259.8
1268.6
1270
1271.5
1275.9
1273
1280.3
1277.3
1278.8
1280.3
1278.8
1281.7
1278.8
1284.7
1281.7
1284.7
1283.2
1281.7
1284.7
1280.3
1226.1
689.94
146.48
-234.38
-424.81
-522.95
-577.15
-606.42
-622.56
-635.76
-644.52
-651.84
-653.34
-651.84
-653.34
-659.16
-657.72
-657.72
-657.72
-660.66
-662.1
-662.1
-659.16
-662.1
-660.66
-663.6
-662.1
-660.66
-660.66
-663.6
-651.84
-555.17
-476.08
-439.45
-411.62
-392.58
-376.46
-360.35
-345.7
-336.91
-326.66
-322.27
-313.48
-307.62
-303.22
-300.29
-294.43
-291.5
-288.58
-290.04
-287.11
-287.11
-291.5
-288.58
-288.58
-290.04
-285.64
-288.58
-284.18
-284.18
-291.5
-360.35
-414.55
-446.78
-461.42
-473.14
-477.54
-480.47
-484.87
-487.79
-489.26
-484.87
-484.87
-486.33
-486.33
-487.79
-489.26
-486.33
-487.79
-486.33
-486.33
-486.33
-489.26
-489.26
-486.33
-484.87
-487.79
-489.26
-490.72
-492.19
-498.05
-610.86
-707.52
-766.14
-798.36
-818.82
-833.52
-842.28
-845.22
-849.6
-853.98
-855.48
-855.48
-859.86
-861.3
-856.92
-859.86
-862.8
-862.8
-859.86
-861.3
-864.24
-858.42
-859.86
-865.74
-862.8
-859.86
-861.3
-864.24
-861.3
-836.4
-355.96
221.19
563.96
730.98
829.08
890.64
927.24
949.2
968.28
978.54
979.98
990.24
990.24
988.74
994.62
994.62
991.68
997.56
999
996.12
1000.5
1000.5
997.56
1000.5
1000.5
996.12
1000.5
1000.5
997.56
988.74
716.28
435.06
265.13
164.06
111.33
80.568
62.988
48.34
36.621
27.832
8.7888
0
-5.8594
-7.3242
-2.9297
-1.4648
0
1.4648
0
0
0
0
0
0
0
0
0
0
0
10.254
326.66
609.36
761.7
848.16
902.34
937.5
956.52
968.28
981.42
984.36
987.3
994.62
994.62
991.68
997.56
997.56
996.12
999
1000.5
999
1001.9
1001.9
1000.5
1001.9
1000.5
1000.5
1001.9
1000.5
999
991.68
500.98
-115.72
-498.05
-701.64
-808.62
-876
-919.92
-947.76
-963.84
-975.6
-984.36
-985.86
-991.68
-996.12
-994.62
-997.56
-1003.4
-997.56
-1000.5
-1003.4
-1000.5
-1000.5
-1006.3
-1000.5
-1007.8
-1006.3
-1004.9
-1006.3
-1006.3
-996.12
-615.24
-87.888
288.58
486.33
599.12
660.66
704.58
726.54
741.24
750
755.88
763.2
761.7
764.64
766.14
767.58
766.14
764.64
769.02
767.58
767.58
766.14
769.02
770.52
769.02
769.02
773.46
770.52
767.58
769.02
874.5
991.68
1064.9
1119.1
1147
1170.4
1186.5
1193.8
1204.1
1207
1210
1214.3
1212.9
1220.2
1217.3
1223.2
1220.2
1220.2
1223.2
1220.2
1223.2
1221.7
1223.2
1226.1
1221.7
1224.6
1224.6
1223.2
1224.6
1221.7
955.08
581.54
326.66
166.99
82.032
36.621
10.254
1.4648
-4.3945
-5.8594
-2.9297
-1.4648
-2.9297
-1.4648
0
0
0
0
0
0
0
0
0
0
0
0
0
0
0
0
0
0
0
0
0
0
0
0
0
0
0
0
0
0
0
0
0
0
0
0
0
0
0
0
0
0
0
0
0
0
-228.52
-543.46
-722.16
-826.2
-883.32
-922.86
-952.14
-962.4
-972.66
-985.86
-984.36
-988.74
-994.62
-993.18
-996.12
-1000.5
-996.12
-1000.5
-1004.9
-999
-999
-1004.9
-999
-1001.9
-1006.3
-1001.9
-1000.5
-1004.9
-1001.9
-779.28
-373.54
-74.706
102.54
181.64
224.12
251.95
260.74
272.46
276.86
276.86
279.79
279.79
281.25
284.18
284.18
284.18
285.64
285.64
284.18
282.71
282.71
282.71
284.18
284.18
284.18
285.64
285.64
284.18
287.11
131.84
-131.84
-254.88
-317.87
-353.03
-373.54
-380.86
-389.65
-391.12
-395.51
-398.44
-399.9
-401.37
-399.9
-399.9
-396.97
-399.9
-399.9
-401.37
-399.9
-399.9
-398.44
-399.9
-399.9
-401.37
-402.83
-404.3
-402.83
-401.37
-401.37
-203.62
153.81
355.96
455.57
517.09
552.25
569.83
580.08
584.47
590.33
593.26
597.65
593.26
596.19
597.65
599.12
599.12
599.12
596.19
602.04
599.12
602.04
600.6
599.12
602.04
602.04
599.12
600.6
596.19
600.6
477.54
246.1
99.612
29.297
-8.7888
-23.438
-26.367
-29.297
-35.156
-33.691
-33.691
-29.297
-32.227
-29.297
-29.297
-29.297
-33.691
-32.227
-33.691
-32.227
-29.297
-30.762
-26.367
-27.832
-32.227
-32.227
-32.227
-29.297
-32.227
-27.832
-152.35
-411.62
-549.32
-635.76
-688.5
-720.72
-738.3
-745.62
-757.32
-764.64
-764.64
-766.14
-767.58
-771.96
-769.02
-769.02
-771.96
-774.9
-770.52
-770.52
-774.9
-776.34
-774.9
-774.9
-776.34
-777.84
-774.9
-774.9
-777.84
-776.34
-750
-692.88
-660.66
-637.2
-615.24
-596.19
-583.01
-572.75
-563.96
-553.71
-544.92
-540.53
-539.06
-534.67
-530.27
-528.81
-520.02
-521.48
-521.48
-522.95
-518.56
-517.09
-515.63
-518.56
-521.48
-521.48
-518.56
-517.09
-514.16
-517.09
-490.72
-421.88
-377.93
-350.1
-332.52
-319.34
-304.69
-288.58
-279.79
-271
-263.67
-253.42
-241.7
-232.91
-227.05
-229.98
-227.05
-231.44
-232.91
-231.44
-231.44
-232.91
-234.38
-232.91
-234.38
-232.91
-229.98
-228.52
-229.98
-227.05
-174.32
-20.508
64.452
99.612
121.58
130.37
137.69
137.69
142.09
142.09
143.56
142.09
143.56
146.48
145.02
146.48
145.02
145.02
146.48
145.02
146.48
143.56
143.56
145.02
143.56
143.56
143.56
145.02
142.09
143.56
218.26
433.6
561.04
635.76
672.36
698.76
714.84
726.54
729.48
730.98
736.8
739.74
738.3
738.3
744.12
741.24
741.24
738.3
741.24
744.12
739.74
739.74
741.24
742.68
742.68
742.68
742.68
745.62
742.68
739.74
603.54
111.33
-234.38
-404.3
-496.58
-550.78
-581.54
-600.6
-612.3
-616.68
-619.62
-626.94
-628.44
-628.44
-625.5
-628.44
-631.32
-632.82
-631.32
-626.94
-626.94
-632.82
-631.32
-631.32
-629.88
-631.32
-632.82
-634.26
-629.88
-629.88
-685.56
-883.32
-1012.2
-1097.2
-1154.3
-1188
-1217.3
-1230.5
-1243.7
-1253.9
-1256.8
-1267.1
-1262.7
-1267.1
-1268.6
-1270
-1275.9
-1271.5
-1277.3
-1271.5
-1273
-1277.3
-1273
-1280.3
-1273
-1275.9
-1274.4
-1275.9
-1278.8
-1274.4
-1148.5
-455.57
281.25
706.08
927.24
1048.8
1130.9
1180.7
1211.4
1234.9
1243.7
1258.3
1264.1
1267.1
1271.5
1271.5
1277.3
1275.9
1277.3
1281.7
1278.8
1286.2
1280.3
1284.7
1280.3
1283.2
1284.7
1283.2
1286.2
1284.7
1149.9
437.99
-224.12
-618.18
-813
-927.24
-1001.9
-1050.3
-1078.1
-1100.1
-1113.3
-1117.7
-1129.4
-1130.9
-1130.9
-1138.2
-1133.8
-1142.6
-1141.1
-1141.1
-1147
-1142.6
-1144
-1147
-1144
-1149.9
-1149.9
-1147
-1151.3
-1145.5
-1054.7
-457.03
216.8
631.32
839.34
953.64
1028.3
1076.6
1101.5
1126.4
1138.2
1145.5
1154.3
1152.8
1160.2
1160.2
1160.2
1166
1163.1
1168.9
1167.5
1166
1170.4
1166
1167.5
1170.4
1167.5
1171.9
1168.9
1170.4
1168.9
1142.6
1123.6
1103
1088.4
1082.5
1070.8
1064.9
1062
1051.7
1051.7
1047.4
1041.5
1041.5
1041.5
1035.7
1037.1
1035.7
1032.7
1034.2
1032.7
1028.3
1032.7
1031.3
1026.8
1034.2
1029.8
1029.8
1032.7
1028.3
972.66
549.32
169.92
-61.524
-171.38
-225.59
-253.42
-259.28
-266.6
-272.46
-278.32
-279.79
-282.71
-284.18
-285.64
-287.11
-284.18
-290.04
-285.64
-287.11
-284.18
-285.64
-287.11
-287.11
-287.11
-290.04
-290.04
-290.04
-291.5
-288.58
-231.44
229.98
531.74
697.26
792.48
843.78
878.88
902.34
911.16
918.48
928.74
928.74
930.18
937.5
937.5
936.06
940.44
941.88
937.5
940.44
941.88
938.94
940.44
941.88
940.44
938.94
943.38
943.38
938.94
941.88
947.76
1006.3
1066.4
1095.7
1119.1
1136.7
1144
1149.9
1157.2
1154.3
1161.6
1161.6
1161.6
1167.5
1164.5
1167.5
1168.9
1166
1170.4
1166
1167.5
1170.4
1166
1171.9
1168.9
1168.9
1170.4
1166
1170.4
1167.5
1166
1149.9
1123.6
1107.4
1092.8
1078.1
1072.3
1063.5
1057.6
1057.6
1050.3
1047.4
1047.4
1041.5
1038.6
1038.6
1034.2
1034.2
1034.2
1031.3
1032.7
1034.2
1029.8
1029.8
1031.3
1026.8
1029.8
1029.8
1026.8
1029.8
996.12
500.98
-36.621
-373.54
-546.38
-648.9
-706.08
-739.74
-760.26
-776.34
-785.16
-788.1
-791.04
-795.42
-798.36
-798.36
-796.86
-802.74
-802.74
-802.74
-802.74
-807.12
-804.18
-802.74
-804.18
-807.12
-802.74
-802.74
-805.68
-805.68
-805.68
-876
-941.88
-977.04
-1001.9
-1023.9
-1031.3
-1035.7
-1047.4
-1044.4
-1050.3
-1056.2
-1051.7
-1056.2
-1057.6
-1056.2
-1060.6
-1060.6
-1056.2
-1060.6
-1060.6
-1059.1
-1064.9
-1060.6
-1060.6
-1064.9
-1057.6
-1059.1
-1063.5
-1059.1
-1048.8
-804.18
-552.25
-377.93
-275.39
-215.33
-184.57
-165.53
-150.88
-134.77
-125.98
-114.26
-104
-95.214
-84.96
-79.104
-71.778
-67.38
-60.06
-61.524
-61.524
-58.594
-58.594
-55.664
-60.06
-57.129
-58.594
-57.129
-60.06
-57.129
-46.875
306.15
591.8
748.56
842.28
895.02
933.12
956.52
965.34
978.54
985.86
984.36
990.24
993.18
993.18
993.18
999
994.62
999
1001.9
997.56
999
1001.9
997.56
1000.5
1000.5
997.56
1001.9
1003.4
997.56
987.3
464.36
-216.8
-591.8
-780.78
-890.64
-960.96
-1003.4
-1028.3
-1048.8
-1059.1
-1064.9
-1073.8
-1075.2
-1075.2
-1084
-1079.6
-1084
-1088.4
-1082.5
-1086.9
-1088.4
-1084
-1089.8
-1088.4
-1088.4
-1091.3
-1086.9
-1089.8
-1092.8
-1088.4
-1095.7
-1100.1
-1098.7
-1107.4
-1107.4
-1108.9
-1116.2
-1108.9
-1111.8
-1114.7
-1113.3
-1116.2
-1116.2
-1114.7
-1116.2
-1114.7
-1117.7
-1119.1
-1116.2
-1116.2
-1116.2
-1117.7
-1122.1
-1117.7
-1117.7
-1122.1
-1114.7
-1119.1
-1119.1
-1113.3
-726.54
-92.286
404.3
654.78
786.6
861.3
912.6
940.44
956.52
975.6
979.98
982.92
988.74
991.68
993.18
997.56
997.56
994.62
999
997.56
996.12
997.56
999
997.56
1000.5
1001.9
999
1000.5
1000.5
996.12
889.14
757.32
673.8
621.12
590.33
568.36
544.92
528.81
512.69
502.44
492.19
486.33
477.54
473.14
467.29
465.82
464.36
459.96
458.5
458.5
454.1
457.03
457.03
457.03
457.03
458.5
455.57
455.57
455.57
454.1
17.578
-544.92
-826.2
-993.18
-1094.2
-1152.8
-1196.8
-1221.7
-1237.8
-1255.4
-1259.8
-1270
-1270
-1271.5
-1277.3
-1275.9
-1283.2
-1280.3
-1286.2
-1281.7
-1284.7
-1287.6
-1284.7
-1290.5
-1286.2
-1287.6
-1284.7
-1289
-1290.5
-1287.6
-994.62
-443.85
23.438
292.97
430.66
500.98
539.06
562.5
574.22
583.01
593.26
591.8
593.26
596.19
594.73
599.12
597.65
597.65
594.73
597.65
597.65
599.12
596.19
594.73
599.12
599.12
600.6
599.12
602.04
190.43
-473.14
-814.44
-1015.1
-1135.3
-1207
-1262.7
-1290.5
-1312.5
-1330.1
-1338.8
-1350.6
-1352
-1357.9
-1357.9
-1362.3
-1363.7
-1365.2
-1369.6
-1365.2
-1369.6
-1369.6
-1374
-1368.2
-1371.1
-1368.2
-1372.6
-1371.1
-1374
-1374
-1095.7
-544.92
-54.199
276.86
429.2
514.16
558.11
581.54
597.65
610.86
618.18
618.18
618.18
625.5
626.94
624
625.5
628.44
628.44
626.94
626.94
625.5
626.94
625.5
628.44
626.94
625.5
625.5
628.44
626.94
314.94
-358.88
-716.28
-908.22
-1018.1
-1088.4
-1133.8
-1158.7
-1182.1
-1196.8
-1202.6
-1214.3
-1212.9
-1220.2
-1220.2
-1221.7
-1227.5
-1224.6
-1230.5
-1226.1
-1227.5
-1230.5
-1227.5
-1231.9
-1227.5
-1231.9
-1231.9
-1231.9
-1234.9
-1230.5
-999
-401.37
147.95
479
644.52
735.36
786.6
824.7
845.22
855.48
865.74
873.06
873.06
874.5
878.88
880.38
876
881.82
881.82
880.38
881.82
884.76
883.32
881.82
884.76
884.76
881.82
883.32
883.32
883.32
752.94
479
301.76
199.22
143.56
111.33
95.214
79.104
68.85
57.129
46.875
36.621
27.832
23.438
20.508
13.184
7.3242
2.9297
1.4648
1.4648
1.4648
5.8594
4.3945
8.7888
10.254
10.254
4.3945
5.8594
2.9297
1.4648
89.358
281.25
385.25
437.99
473.14
489.26
500.98
502.44
508.3
508.3
511.23
512.69
514.16
512.69
512.69
512.69
514.16
514.16
514.16
512.69
514.16
514.16
517.09
517.09
517.09
514.16
514.16
514.16
515.63
514.16
578.62
733.86
837.9
896.46
931.62
953.64
972.66
978.54
982.92
990.24
990.24
988.74
996.12
994.62
993.18
999
997.56
996.12
1001.9
1000.5
997.56
1000.5
999
996.12
1001.9
999
997.56
1000.5
1000.5
997.56
767.58
-14.648
-577.15
-856.92
-1018.1
-1120.6
-1180.7
-1221.7
-1249.5
-1264.1
-1283.2
-1283.2
-1297.9
-1297.9
-1302.2
-1306.6
-1305.2
-1311.1
-1308.1
-1313.9
-1311.1
-1313.9
-1315.4
-1313.9
-1318.4
-1313.9
-1318.4
-1311.1
-1318.4
-1318.4
-1303.7
-1267.1
-1230.5
-1205.6
-1182.1
-1166
-1152.8
-1136.7
-1133.8
-1122.1
-1117.7
-1119.1
-1110.4
-1110.4
-1107.4
-1100.1
-1103
-1101.5
-1098.7
-1100.1
-1095.7
-1094.2
-1097.2
-1092.8
-1095.7
-1095.7
-1092.8
-1094.2
-1094.2
-1092.8
-1107.4
-1139.6
-1166
-1186.5
-1195.3
-1207
-1208.5
-1215.8
-1218.8
-1218.8
-1226.1
-1221.7
-1227.5
-1229
-1226.1
-1230.5
-1226.1
-1231.9
-1231.9
-1230.5
-1233.4
-1229
-1234.9
-1231.9
-1233.4
-1234.9
-1230.5
-1234.9
-1230.5
-1233.4
-1229
-1204.1
-1186.5
-1164.5
-1152.8
-1142.6
-1130.9
-1129.4
-1120.6
-1117.7
-1117.7
-1108.9
-1110.4
-1108.9
-1103
-1104.5
-1101.5
-1098.7
-1103
-1097.2
-1097.2
-1101.5
-1094.2
-1097.2
-1097.2
-1092.8
-1095.7
-1095.7
-1092.8
-1097.2
-1110.4
-1190.9
-1248.1
-1284.7
-1313.9
-1327.1
-1343.3
-1347.7
-1355
-1360.9
-1362.3
-1368.2
-1366.7
-1371.1
-1366.7
-1376.9
-1371.1
-1376.9
-1372.6
-1375.5
-1375.5
-1375.5
-1378.4
-1375.5
-1379.9
-1374
-1379.9
-1374
-1379.9
-1376.9
-1280.3
-656.28
96.678
606.42
856.92
996.12
1086.9
1142.6
1174.8
1201.2
1212.9
1226.1
1234.9
1234.9
1243.7
1243.7
1243.7
1249.5
1248.1
1252.4
1249.5
1253.9
1252.4
1251
1253.9
1251
1256.8
1252.4
1255.4
1255.4
1182.1
742.68
350.1
92.286
-43.945
-109.87
-136.23
-152.35
-162.6
-166.99
-169.92
-169.92
-164.06
-150.88
-147.95
-146.48
-149.41
-161.13
-164.06
-166.99
-166.99
-172.85
-171.38
-169.92
-174.32
-174.32
-171.38
-175.78
-172.85
-174.32
-115.72
282.71
553.71
704.58
788.1
842.28
876
897.96
909.66
919.92
925.8
925.8
933.12
934.56
931.62
936.06
937.5
934.56
937.5
938.94
938.94
938.94
941.88
940.44
937.5
941.88
941.88
937.5
941.88
940.44
912.6
719.22
565.43
464.36
402.83
366.21
339.85
319.34
298.83
290.04
275.39
266.6
259.28
254.88
243.16
238.77
234.38
231.44
228.52
229.98
225.59
228.52
227.05
229.98
227.05
229.98
227.05
229.98
225.59
227.05
218.26
114.26
38.086
1.4648
-17.578
-24.902
-24.902
-24.902
-29.297
-33.691
-33.691
-30.762
-32.227
-27.832
-27.832
-27.832
-30.762
-32.227
-33.691
-29.297
-29.297
-27.832
-29.297
-27.832
-30.762
-30.762
-33.691
-30.762
-29.297
-32.227
-48.34
-275.39
-452.63
-549.32
-602.04
-632.82
-651.84
-666.48
-672.36
-676.74
-678.24
-681.18
-687
-685.56
-684.06
-685.56
-689.94
-687
-687
-687
-687
-692.88
-688.5
-687
-688.5
-689.94
-689.94
-687
-688.5
-691.38
-687
-650.4
-615.24
-597.65
-577.15
-562.5
-547.85
-534.67
-527.35
-521.48
-517.09
-509.77
-505.37
-499.51
-496.58
-496.58
-496.58
-493.65
-490.72
-487.79
-487.79
-489.26
-492.19
-489.26
-487.79
-486.33
-484.87
-489.26
-490.72
-489.26
-471.68
-244.63
-42.481
68.85
115.72
137.69
142.09
146.48
146.48
161.13
162.6
166.99
166.99
172.85
171.38
169.92
171.38
171.38
169.92
169.92
171.38
171.38
168.46
168.46
162.6
161.13
162.6
165.53
166.99
172.85
184.57
440.92
656.28
774.9
848.16
892.08
916.98
934.56
947.76
952.14
953.64
960.96
963.84
960.96
965.34
968.28
963.84
969.72
969.72
966.78
968.28
969.72
965.34
969.72
969.72
966.78
969.72
971.22
969.72
968.28
952.14
477.54
-71.778
-405.76
-577.15
-673.8
-729.48
-761.7
-786.6
-804.18
-808.62
-815.94
-820.32
-824.7
-821.76
-824.7
-830.58
-827.64
-829.08
-829.08
-832.02
-829.08
-829.08
-832.02
-830.58
-826.2
-830.58
-832.02
-830.58
-829.08
-836.4
-965.34
-1095.7
-1189.4
-1243.7
-1280.3
-1309.6
-1321.3
-1337.4
-1343.3
-1353.5
-1353.5
-1360.9
-1359.4
-1360.9
-1366.7
-1363.7
-1369.6
-1365.2
-1369.6
-1365.2
-1374
-1368.2
-1374
-1369.6
-1369.6
-1371.1
-1369.6
-1374
-1369.6
-1371.1
-1292
-1208.5
-1152.8
-1108.9
-1082.5
-1056.2
-1031.3
-1016.6
-1001.9
-991.68
-987.3
-974.1
-971.22
-969.72
-963.84
-960.96
-963.84
-956.52
-953.64
-956.52
-952.14
-950.7
-953.64
-952.14
-946.26
-952.14
-950.7
-947.76
-950.7
-947.76
-682.62
-358.88
-145.02
-24.902
38.086
61.524
74.706
77.634
82.032
83.496
86.424
83.496
82.032
67.38
49.805
26.367
11.719
1.4648
0
0
0
0
0
0
0
0
0
0
0
2.9297
202.15
462.89
621.12
714.84
764.64
793.92
818.82
830.58
834.96
842.28
846.66
848.16
848.16
851.1
853.98
849.6
851.1
853.98
852.54
851.1
853.98
853.98
853.98
853.98
856.92
855.48
852.54
855.48
855.48
853.98
820.32
782.22
754.38
729.48
708.96
695.82
685.56
673.8
665.04
656.28
654.78
646.02
643.08
637.2
637.2
635.76
634.26
629.88
631.32
632.82
631.32
629.88
629.88
629.88
628.44
628.44
625.5
626.94
626.94
626.94
561.04
470.21
416.02
388.18
367.67
353.03
338.38
322.27
309.08
301.76
287.11
279.79
269.53
262.21
262.21
259.28
259.28
257.81
257.81
257.81
256.35
257.81
256.35
254.88
253.42
254.88
254.88
254.88
256.35
256.35
-89.358
-565.43
-807.12
-944.82
-1034.2
-1089.8
-1117.7
-1145.5
-1161.6
-1170.4
-1183.6
-1180.7
-1189.4
-1188
-1189.4
-1198.3
-1193.8
-1199.7
-1196.8
-1193.8
-1198.3
-1201.2
-1201.2
-1196.8
-1202.6
-1199.7
-1204.1
-1202.6
-1201.2
-1221.7
-1242.2
-1267.1
-1280.3
-1287.6
-1296.4
-1293.5
-1302.2
-1302.2
-1308.1
-1308.1
-1311.1
-1311.1
-1309.6
-1316.9
-1311.1
-1318.4
-1311.1
-1313.9
-1313.9
-1315.4
-1316.9
-1313.9
-1316.9
-1309.6
-1318.4
-1313.9
-1316.9
-1318.4
-1315.4
-1081.1
-555.17
-128.9
155.27
284.18
353.03
398.44
421.88
432.13
439.45
443.85
448.24
449.71
454.1
451.17
455.57
454.1
449.71
452.63
455.57
452.63
455.57
457.03
452.63
454.1
454.1
457.03
455.57
455.57
457.03
446.78
432.13
423.34
411.62
405.76
398.44
389.65
386.72
380.86
377.93
375
375
373.54
373.54
370.61
372.07
369.14
370.61
373.54
372.07
372.07
372.07
370.61
369.14
370.61
372.07
369.14
370.61
370.61
370.61
395.51
437.99
467.29
483.4
498.05
505.37
505.37
506.84
511.23
511.23
511.23
514.16
514.16
512.69
512.69
512.69
514.16
514.16
512.69
509.77
509.77
512.69
512.69
514.16
512.69
511.23
509.77
512.69
514.16
514.16
307.62
-175.78
-476.08
-632.82
-719.22
-764.64
-799.8
-821.76
-829.08
-839.34
-846.66
-851.1
-851.1
-851.1
-855.48
-855.48
-853.98
-858.42
-861.3
-855.48
-856.92
-861.3
-859.86
-856.92
-861.3
-861.3
-858.42
-858.42
-861.3
-861.3
-849.6
-829.08
-808.62
-789.54
-774.9
-767.58
-760.26
-748.56
-742.68
-741.24
-738.3
-733.86
-728.04
-729.48
-729.48
-725.1
-720.72
-725.1
-723.66
-722.16
-717.78
-719.22
-722.16
-720.72
-716.28
-720.72
-720.72
-717.78
-717.78
-716.28
-533.2
70.314
505.37
723.66
842.28
919.92
966.78
993.18
1013.7
1028.3
1034.2
1040
1044.4
1041.5
1048.8
1050.3
1045.9
1053.2
1051.7
1051.7
1056.2
1053.2
1054.7
1056.2
1054.7
1053.2
1057.6
1053.2
1056.2
1059.1
855.48
130.37
-452.63
-751.44
-918.48
-1015.1
-1075.2
-1117.7
-1139.6
-1158.7
-1173.4
-1176.2
-1185.1
-1190.9
-1188
-1195.3
-1193.8
-1198.3
-1199.7
-1199.7
-1202.6
-1196.8
-1202.6
-1202.6
-1202.6
-1204.1
-1198.3
-1202.6
-1204.1
-1202.6
-1183.6
-1091.3
-1031.3
-994.62
-960.96
-938.94
-924.3
-900.9
-884.76
-880.38
-871.56
-862.8
-862.8
-856.92
-848.16
-846.66
-848.16
-843.78
-839.34
-839.34
-840.84
-836.4
-834.96
-837.9
-836.4
-832.02
-832.02
-837.9
-832.02
-832.02
-815.94
-741.24
-688.5
-651.84
-629.88
-613.74
-593.26
-575.68
-566.89
-556.64
-552.25
-549.32
-537.6
-531.74
-531.74
-525.88
-528.81
-522.95
-521.48
-517.09
-518.56
-520.02
-521.48
-517.09
-518.56
-518.56
-518.56
-518.56
-520.02
-517.09
-455.57
-222.65
-62.988
17.578
54.199
70.314
77.634
79.104
84.96
83.496
83.496
87.888
84.96
86.424
84.96
82.032
84.96
84.96
84.96
87.888
86.424
86.424
89.358
89.358
86.424
89.358
87.888
89.358
86.424
89.358
36.621
-186.04
-304.69
-370.61
-407.23
-427.73
-437.99
-445.31
-448.24
-457.03
-454.1
-457.03
-455.57
-455.57
-455.57
-455.57
-459.96
-459.96
-457.03
-459.96
-455.57
-461.42
-459.96
-459.96
-461.42
-455.57
-458.5
-455.57
-459.96
-458.5
-424.81
-243.16
-125.98
-55.664
-20.508
-7.3242
-2.9297
0
-1.4648
-1.4648
-1.4648
-2.9297
-1.4648
0
-1.4648
-1.4648
0
0
0
-1.4648
0
0
0
0
0
0
0
0
0
0
0
-251.95
-552.25
-716.28
-815.94
-870.12
-903.78
-928.74
-944.82
-947.76
-959.46
-962.4
-963.84
-968.28
-971.22
-966.78
-971.22
-974.1
-971.22
-974.1
-975.6
-969.72
-974.1
-977.04
-972.66
-974.1
-975.6
-974.1
-974.1
-979.98
-977.04
-909.66
-818.82
-761.7
-720.72
-695.82
-678.24
-662.1
-637.2
-626.94
-618.18
-613.74
-607.92
-602.04
-596.19
-594.73
-590.33
-587.4
-585.94
-581.54
-583.01
-580.08
-578.62
-580.08
-574.22
-575.68
-578.62
-577.15
-577.15
-575.68
-575.68
-703.14
-870.12
-974.1
-1043
-1084
-1107.4
-1129.4
-1136.7
-1145.5
-1157.2
-1155.8
-1161.6
-1164.5
-1158.7
-1167.5
-1166
-1167.5
-1171.9
-1167.5
-1171.9
-1168.9
-1170.4
-1174.8
-1171.9
-1173.4
-1173.4
-1170.4
-1176.2
-1171.9
-1176.2
-805.68
-58.594
509.77
798.36
955.08
1047.4
1110.4
1144
1171.9
1188
1195.3
1207
1208.5
1212.9
1215.8
1215.8
1221.7
1220.2
1221.7
1224.6
1220.2
1226.1
1223.2
1226.1
1226.1
1224.6
1229
1224.6
1229
871.56
155.27
-379.39
-647.46
-795.42
-880.38
-933.12
-962.4
-985.86
-1000.5
-1006.3
-1015.1
-1021
-1018.1
-1023.9
-1025.4
-1025.4
-1028.3
-1028.3
-1026.8
-1031.3
-1028.3
-1028.3
-1034.2
-1028.3
-1029.8
-1034.2
-1029.8
-1029.8
-1035.7
-752.94
-228.52
140.63
338.38
437.99
493.65
528.81
544.92
552.25
558.11
562.5
566.89
571.29
566.89
566.89
568.36
571.29
569.83
571.29
571.29
568.36
574.22
572.75
574.22
571.29
571.29
574.22
571.29
574.22
571.29
278.32
-221.19
-508.3
-660.66
-747.06
-795.42
-824.7
-848.16
-861.3
-868.68
-871.56
-880.38
-878.88
-880.38
-883.32
-884.76
-883.32
-886.26
-889.14
-884.76
-887.7
-890.64
-889.14
-886.26
-889.14
-890.64
-886.26
-887.7
-892.08
-886.26
-927.24
-1004.9
-1050.3
-1076.6
-1101.5
-1107.4
-1119.1
-1127.9
-1127.9
-1133.8
-1136.7
-1136.7
-1142.6
-1138.2
-1142.6
-1144
-1142.6
-1147
-1144
-1144
-1148.5
-1142.6
-1148.5
-1145.5
-1142.6
-1147
-1145.5
-1144
-1148.5
-1144
-881.82
-291.5
229.98
515.63
659.16
738.3
791.04
824.7
843.78
855.48
865.74
871.56
871.56
876
878.88
877.44
877.44
883.32
881.82
881.82
883.32
884.76
881.82
881.82
884.76
883.32
881.82
883.32
883.32
880.38
728.04
421.88
221.19
105.47
41.015
8.7888
-7.3242
-16.113
-17.578
-7.3242
-5.8594
-2.9297
-2.9297
-2.9297
-4.3945
-4.3945
-7.3242
-10.254
-5.8594
-8.7888
-2.9297
-1.4648
0
0
0
0
0
0
0
0
227.05
644.52
861.3
1000.5
1082.5
1135.3
1171.9
1195.3
1212.9
1226.1
1231.9
1239.2
1240.7
1243.7
1248.1
1246.6
1251
1251
1253.9
1253.9
1252.4
1255.4
1251
1255.4
1251
1255.4
1256.8
1252.4
1258.3
1253.9
982.92
263.67
-292.97
-575.68
-720.72
-813
-871.56
-905.28
-925.8
-940.44
-955.08
-956.52
-962.4
-965.34
-963.84
-965.34
-974.1
-966.78
-968.28
-974.1
-969.72
-969.72
-974.1
-974.1
-969.72
-972.66
-972.66
-972.66
-975.6
-975.6
-924.3
-820.32
-754.38
-707.52
-673.8
-647.46
-631.32
-613.74
-599.12
-587.4
-584.47
-575.68
-572.75
-563.96
-559.57
-558.11
-558.11
-555.17
-553.71
-546.38
-550.78
-549.32
-549.32
-547.85
-543.46
-541.99
-546.38
-546.38
-544.92
-546.38
-380.86
42.481
295.9
417.48
492.19
536.13
561.04
575.68
581.54
585.94
593.26
591.8
596.19
594.73
596.19
599.12
597.65
599.12
596.19
599.12
599.12
599.12
599.12
594.73
597.65
599.12
599.12
596.19
596.19
597.65
638.7
742.68
804.18
843.78
868.68
884.76
889.14
899.4
903.78
902.34
906.72
909.66
909.66
908.22
914.04
912.6
911.16
914.04
914.04
911.16
912.6
914.04
912.6
912.6
915.54
914.04
911.16
915.54
914.04
911.16
786.6
414.55
156.74
1.4648
-73.242
-105.47
-123.05
-133.3
-137.69
-142.09
-142.09
-140.63
-133.3
-133.3
-125.98
-131.84
-133.3
-137.69
-140.63
-140.63
-143.56
-142.09
-145.02
-145.02
-142.09
-145.02
-146.48
-143.56
-146.48
-143.56
-254.88
-572.75
-757.32
-868.68
-937.5
-977.04
-1001.9
-1021
-1028.3
-1037.1
-1045.9
-1044.4
-1045.9
-1053.2
-1047.4
-1053.2
-1056.2
-1053.2
-1057.6
-1057.6
-1051.7
-1059.1
-1057.6
-1056.2
-1062
-1057.6
-1057.6
-1060.6
-1057.6
-1059.1
-991.68
-739.74
-562.5
-448.24
-380.86
-345.7
-319.34
-303.22
-287.11
-272.46
-259.28
-249.02
-240.23
-232.91
-228.52
-218.26
-215.33
-210.94
-206.54
-205.08
-203.62
-200.68
-202.15
-200.68
-199.22
-200.68
-199.22
-200.68
-199.22
-203.62
-191.89
-159.67
-137.69
-124.51
-112.79
-99.612
-93.75
-82.032
-76.17
-64.452
-57.129
-46.875
-43.945
-38.086
-36.621
-36.621
-33.691
-33.691
-30.762
-32.227
-36.621
-32.227
-32.227
-33.691
-29.297
-30.762
-27.832
-32.227
-33.691
-33.691
-128.9
-474.61
-681.18
-801.24
-868.68
-912.6
-944.82
-960.96
-969.72
-979.98
-987.3
-985.86
-994.62
-994.62
-993.18
-997.56
-1000.5
-997.56
-1001.9
-1000.5
-996.12
-1001.9
-1001.9
-999
-1001.9
-1003.4
-999
-1004.9
-1003.4
-1000.5
-886.26
-345.7
143.56
436.52
581.54
665.04
711.9
744.12
764.64
773.46
782.22
789.54
792.48
792.48
793.92
798.36
796.86
795.42
798.36
799.8
796.86
796.86
798.36
801.24
798.36
799.8
799.8
801.24
799.8
798.36
782.22
692.88
631.32
599.12
574.22
556.64
540.53
521.48
506.84
496.58
490.72
484.87
477.54
473.14
468.75
464.36
462.89
459.96
458.5
459.96
454.1
455.57
452.63
454.1
457.03
454.1
458.5
452.63
457.03
454.1
385.25
43.945
-177.25
-292.97
-351.56
-380.86
-399.9
-411.62
-418.94
-424.81
-427.73
-427.73
-424.81
-426.27
-426.27
-427.73
-427.73
-430.66
-432.13
-427.73
-429.2
-429.2
-427.73
-429.2
-433.6
-429.2
-430.66
-429.2
-427.73
-429.2
-329.59
247.56
632.82
830.58
953.64
1026.8
1070.8
1101.5
1122.1
1132.3
1144
1148.5
1151.3
1160.2
1157.2
1160.2
1163.1
1161.6
1166
1163.1
1167.5
1166
1166
1170.4
1167.5
1168.9
1170.4
1166
1170.4
1167.5
1088.4
619.62
210.94
-61.524
-196.29
-257.81
-295.9
-312.01
-319.34
-325.19
-332.52
-336.91
-339.85
-341.31
-345.7
-344.24
-342.77
-342.77
-338.38
-342.77
-338.38
-344.24
-342.77
-342.77
-345.7
-342.77
-341.31
-341.31
-339.85
-344.24
-366.21
-506.84
-609.36
-666.48
-703.14
-729.48
-744.12
-751.44
-755.88
-760.26
-767.58
-766.14
-766.14
-770.52
-771.96
-770.52
-767.58
-770.52
-774.9
-771.96
-773.46
-774.9
-776.34
-773.46
-771.96
-774.9
-776.34
-773.46
-771.96
-776.34
-791.04
-908.22
-1003.4
-1064.9
-1100.1
-1132.3
-1147
-1158.7
-1171.9
-1174.8
-1180.7
-1185.1
-1185.1
-1190.9
-1189.4
-1193.8
-1195.3
-1193.8
-1199.7
-1195.3
-1198.3
-1199.7
-1195.3
-1201.2
-1198.3
-1198.3
-1202.6
-1196.8
-1204.1
-1201.2
-1154.3
-783.72
-430.66
-187.5
-38.086
36.621
71.778
92.286
101.08
104
109.87
109.87
111.33
112.79
112.79
115.72
112.79
114.26
112.79
114.26
112.79
114.26
114.26
111.33
112.79
114.26
111.33
114.26
112.79
112.79
62.988
-376.46
-651.84
-813
-908.22
-963.84
-1010.8
-1035.7
-1051.7
-1072.3
-1076.6
-1084
-1094.2
-1088.4
-1095.7
-1098.7
-1097.2
-1101.5
-1103
-1100.1
-1106
-1101.5
-1103
-1107.4
-1101.5
-1106
-1106
-1103
-1108.9
-1104.5
-1051.7
-476.08
227.05
687
912.6
1047.4
1136.7
1188
1227.5
1251
1265.6
1278.8
1283.2
1292
1292
1299.3
1299.3
1302.2
1303.7
1302.2
1308.1
1302.2
1311.1
1305.2
1311.1
1308.1
1308.1
1309.6
1306.6
1311.1
1305.2
1283.2
1256.8
1236.3
1220.2
1201.2
1195.3
1185.1
1177.7
1174.8
1167.5
1166
1160.2
1157.2
1157.2
1151.3
1154.3
1151.3
1149.9
1151.3
1147
1147
1148.5
1144
1147
1147
1142.6
1148.5
1144
1145.5
1098.7
479
-291.5
-742.68
-971.22
-1104.5
-1190.9
-1249.5
-1281.7
-1312.5
-1324.2
-1340.3
-1344.7
-1352
-1357.9
-1357.9
-1363.7
-1362.3
-1372.6
-1360.9
-1371.1
-1368.2
-1372.6
-1372.6
-1374
-1375.5
-1372.6
-1374
-1371.1
-1376.9
-1371.1
-1357.9
-1330.1
-1315.4
-1297.9
-1286.2
-1278.8
-1267.1
-1265.6
-1253.9
-1255.4
-1251
-1246.6
-1248.1
-1239.2
-1242.2
-1239.2
-1239.2
-1240.7
-1234.9
-1236.3
-1233.4
-1236.3
-1234.9
-1233.4
-1236.3
-1229
-1234.9
-1233.4
-1230.5
-1230.5
-1149.9
-1081.1
-1037.1
-1000.5
-979.98
-959.46
-933.12
-922.86
-912.6
-897.96
-895.02
-893.58
-884.76
-880.38
-880.38
-878.88
-871.56
-876
-873.06
-865.74
-865.74
-870.12
-867.18
-864.24
-865.74
-867.18
-861.3
-862.8
-867.18
-870.12
-997.56
-1125
-1205.6
-1253.9
-1290.5
-1312.5
-1331.5
-1338.8
-1350.6
-1347.7
-1355
-1359.4
-1362.3
-1365.2
-1363.7
-1368.2
-1365.2
-1371.1
-1369.6
-1371.1
-1369.6
-1372.6
-1374
-1372.6
-1372.6
-1366.7
-1375.5
-1368.2
-1376.9
-1355
-956.52
-426.27
11.719
272.46
405.76
476.08
511.23
533.2
544.92
556.64
562.5
563.96
565.43
565.43
568.36
569.83
569.83
569.83
569.83
569.83
571.29
571.29
568.36
568.36
569.83
566.89
569.83
571.29
568.36
561.04
231.44
-124.51
-314.94
-411.62
-465.82
-498.05
-517.09
-528.81
-533.2
-533.2
-536.13
-536.13
-543.46
-543.46
-541.99
-543.46
-541.99
-547.85
-549.32
-543.46
-543.46
-541.99
-544.92
-546.38
-543.46
-544.92
-543.46
-543.46
-543.46
-537.6
-210.94
171.38
376.46
486.33
543.46
574.22
593.26
606.42
613.74
616.68
621.12
621.12
624
625.5
625.5
626.94
625.5
626.94
626.94
626.94
625.5
624
626.94
628.44
625.5
624
626.94
628.44
628.44
619.62
227.05
-237.31
-506.84
-647.46
-728.04
-774.9
-802.74
-823.26
-836.4
-839.34
-843.78
-849.6
-853.98
-852.54
-856.92
-861.3
-856.92
-856.92
-858.42
-862.8
-858.42
-861.3
-861.3
-856.92
-859.86
-861.3
-862.8
-861.3
-862.8
-861.3
-798.36
-719.22
-676.74
-650.4
-628.44
-603.54
-585.94
-574.22
-566.89
-558.11
-550.78
-547.85
-540.53
-540.53
-537.6
-530.27
-525.88
-524.41
-525.88
-522.95
-522.95
-518.56
-515.63
-517.09
-517.09
-518.56
-517.09
-515.63
-514.16
-515.63
-282.71
21.973
203.62
292.97
341.31
363.28
375
380.86
388.18
391.12
395.51
395.51
396.97
395.51
396.97
395.51
398.44
396.97
399.9
398.44
396.97
398.44
396.97
396.97
398.44
399.9
399.9
399.9
398.44
398.44
114.26
-250.49
-437.99
-540.53
-600.6
-632.82
-651.84
-660.66
-672.36
-678.24
-681.18
-681.18
-679.68
-682.62
-685.56
-685.56
-685.56
-688.5
-689.94
-691.38
-688.5
-688.5
-688.5
-689.94
-688.5
-685.56
-688.5
-689.94
-687
-687
-462.89
-142.09
58.594
166.99
222.65
250.49
263.67
269.53
271
268.07
276.86
278.32
284.18
284.18
282.71
285.64
285.64
285.64
284.18
278.32
279.79
282.71
284.18
287.11
284.18
287.11
285.64
285.64
285.64
284.18
164.06
-10.254
-96.678
-128.9
-150.88
-156.74
-165.53
-166.99
-168.46
-169.92
-169.92
-171.38
-171.38
-172.85
-174.32
-174.32
-171.38
-174.32
-172.85
-174.32
-174.32
-172.85
-172.85
-171.38
-171.38
-171.38
-171.38
-169.92
-172.85
-172.85
-395.51
-700.2
-870.12
-974.1
-1043
-1082.5
-1110.4
-1132.3
-1138.2
-1151.3
-1155.8
-1157.2
-1164.5
-1163.1
-1168.9
-1171.9
-1168.9
-1171.9
-1170.4
-1171.9
-1173.4
-1167.5
-1173.4
-1173.4
-1170.4
-1168.9
-1174.8
-1171.9
-1170.4
-914.04
-416.02
-4.3945
235.84
345.7
407.23
440.92
457.03
467.29
474.61
477.54
479
484.87
483.4
480.47
484.87
481.93
484.87
486.33
484.87
481.93
484.87
483.4
484.87
487.79
486.33
484.87
484.87
486.33
484.87
164.06
-367.67
-635.76
-788.1
-886.26
-946.26
-977.04
-1001.9
-1022.5
-1028.3
-1038.6
-1043
-1041.5
-1045.9
-1050.3
-1048.8
-1054.7
-1054.7
-1051.7
-1057.6
-1056.2
-1054.7
-1060.6
-1056.2
-1056.2
-1062
-1056.2
-1056.2
-1060.6
-1054.7
-968.28
-801.24
-684.06
-604.98
-559.57
-530.27
-512.69
-495.12
-479
-462.89
-451.17
-443.85
-435.06
-430.66
-423.34
-417.48
-413.09
-411.62
-408.69
-410.15
-404.3
-402.83
-401.37
-399.9
-399.9
-399.9
-402.83
-402.83
-401.37
-402.83
-145.02
348.63
625.5
777.84
870.12
921.36
960.96
981.42
991.68
1004.9
1012.2
1010.8
1018.1
1022.5
1018.1
1023.9
1022.5
1021
1023.9
1025.4
1022.5
1026.8
1025.4
1023.9
1028.3
1026.8
1023.9
1028.3
1025.4
1023.9
944.82
782.22
684.06
619.62
577.15
552.25
531.74
506.84
487.79
479
470.21
459.96
455.57
448.24
443.85
436.52
436.52
433.6
433.6
429.2
429.2
429.2
426.27
430.66
432.13
427.73
430.66
429.2
426.27
427.73
442.38
473.14
486.33
496.58
503.9
503.9
509.77
512.69
512.69
511.23
509.77
511.23
512.69
515.63
514.16
514.16
514.16
512.69
514.16
514.16
514.16
511.23
511.23
512.69
514.16
514.16
512.69
511.23
512.69
511.23
509.77
499.51
492.19
484.87
479
476.08
471.68
467.29
465.82
461.42
458.5
458.5
455.57
457.03
457.03
455.57
455.57
451.17
454.1
455.57
455.57
457.03
452.63
454.1
454.1
454.1
458.5
455.57
458.5
454.1
477.54
522.95
553.71
572.75
578.62
585.94
588.87
591.8
596.19
596.19
593.26
596.19
596.19
599.12
597.65
597.65
599.12
600.6
599.12
600.6
596.19
597.65
597.65
599.12
596.19
596.19
594.73
600.6
596.19
599.12
473.14
149.41
-58.594
-166.99
-224.12
-247.56
-266.6
-272.46
-279.79
-281.25
-285.64
-287.11
-285.64
-285.64
-284.18
-284.18
-288.58
-285.64
-287.11
-285.64
-288.58
-287.11
-287.11
-284.18
-284.18
-285.64
-285.64
-284.18
-288.58
-284.18
-164.06
199.22
402.83
512.69
578.62
619.62
644.52
657.72
663.6
669.42
676.74
676.74
681.18
675.3
682.62
684.06
684.06
682.62
681.18
682.62
682.62
682.62
679.68
681.18
682.62
684.06
679.68
681.18
685.56
682.62
657.72
583.01
531.74
506.84
481.93
465.82
451.17
430.66
414.55
407.23
399.9
392.58
386.72
383.79
380.86
375
370.61
370.61
372.07
372.07
372.07
373.54
370.61
369.14
364.75
370.61
370.61
370.61
370.61
369.14
350.1
290.04
246.1
222.65
203.62
191.89
178.71
166.99
158.2
147.95
139.16
134.77
124.51
123.05
117.19
117.19
115.72
114.26
112.79
115.72
115.72
114.26
108.4
104
98.142
93.75
96.678
105.47
108.4
109.87
224.12
575.68
776.34
893.58
968.28
1018.1
1041.5
1066.4
1078.1
1082.5
1094.2
1094.2
1097.2
1103
1103
1107.4
1107.4
1104.5
1108.9
1108.9
1107.4
1108.9
1108.9
1111.8
1111.8
1108.9
1110.4
1111.8
1107.4
1111.8
1122.1
1167.5
1204.1
1223.2
1242.2
1251
1259.8
1264.1
1264.1
1273
1271.5
1275.9
1274.4
1277.3
1278.8
1275.9
1281.7
1277.3
1281.7
1280.3
1280.3
1283.2
1277.3
1283.2
1278.8
1283.2
1283.2
1280.3
1284.7
1280.3
1280.3
1262.7
1252.4
1246.6
1236.3
1231.9
1224.6
1221.7
1218.8
1212.9
1214.3
1207
1211.4
1205.6
1205.6
1205.6
1201.2
1204.1
1199.7
1199.7
1202.6
1198.3
1201.2
1198.3
1198.3
1199.7
1195.3
1201.2
1196.8
1198.3
1057.6
370.61
-275.39
-628.44
-811.5
-914.04
-981.42
-1026.8
-1053.2
-1069.3
-1086.9
-1088.4
-1097.2
-1101.5
-1101.5
-1107.4
-1108.9
-1107.4
-1113.3
-1111.8
-1113.3
-1116.2
-1110.4
-1116.2
-1116.2
-1114.7
-1119.1
-1114.7
-1117.7
-1120.6
-1072.3
-881.82
-745.62
-643.08
-578.62
-540.53
-520.02
-502.44
-481.93
-462.89
-454.1
-442.38
-437.99
-430.66
-426.27
-420.41
-411.62
-410.15
-405.76
-402.83
-404.3
-404.3
-404.3
-401.37
-399.9
-398.44
-399.9
-401.37
-402.83
-402.83
-314.94
105.47
379.39
527.35
610.86
657.72
685.56
707.52
719.22
725.1
726.54
732.42
736.8
733.86
733.86
739.74
739.74
739.74
738.3
739.74
742.68
739.74
738.3
738.3
741.24
739.74
736.8
738.3
741.24
741.24
684.06
395.51
171.38
29.297
-45.41
-80.568
-93.75
-101.08
-111.33
-111.33
-114.26
-112.79
-114.26
-114.26
-115.72
-115.72
-115.72
-115.72
-115.72
-115.72
-115.72
-115.72
-115.72
-115.72
-115.72
-117.19
-114.26
-115.72
-115.72
-115.72
-70.314
212.4
385.25
481.93
536.13
568.36
588.87
606.42
612.3
615.24
618.18
619.62
624
622.56
624
622.56
622.56
628.44
626.94
624
626.94
628.44
626.94
628.44
626.94
625.5
626.94
626.94
626.94
625.5
632.82
684.06
726.54
750
763.2
777.84
783.72
786.6
788.1
792.48
793.92
791.04
792.48
795.42
795.42
792.48
793.92
798.36
796.86
795.42
796.86
799.8
796.86
795.42
798.36
796.86
796.86
795.42
796.86
798.36
738.3
284.18
-125.98
-336.91
-440.92
-503.9
-539.06
-561.04
-571.29
-580.08
-585.94
-590.33
-594.73
-594.73
-591.8
-596.19
-597.65
-600.6
-597.65
-600.6
-597.65
-602.04
-603.54
-600.6
-600.6
-599.12
-600.6
-603.54
-599.12
-599.12
-562.5
-300.29
-79.104
64.452
128.9
153.81
172.85
180.17
187.5
191.89
193.36
187.5
186.04
183.11
187.5
191.89
193.36
196.29
197.75
197.75
197.75
193.36
197.75
197.75
197.75
197.75
193.36
194.83
187.5
188.96
145.02
-303.22
-597.65
-773.46
-881.82
-946.26
-982.92
-1009.3
-1028.3
-1037.1
-1048.8
-1057.6
-1057.6
-1064.9
-1066.4
-1064.9
-1073.8
-1067.9
-1070.8
-1078.1
-1072.3
-1076.6
-1076.6
-1075.2
-1075.2
-1076.6
-1073.8
-1079.6
-1076.6
-1076.6
-1031.3
-468.75
174.32
568.36
776.34
892.08
962.4
1013.7
1041.5
1060.6
1078.1
1082.5
1091.3
1097.2
1097.2
1100.1
1106
1103
1108.9
1104.5
1107.4
1108.9
1106
1110.4
1111.8
1107.4
1114.7
1111.8
1108.9
1113.3
1089.8
906.72
755.88
643.08
572.75
527.35
502.44
479
461.42
445.31
427.73
418.94
404.3
396.97
395.51
388.18
383.79
376.46
375
373.54
373.54
372.07
372.07
372.07
369.14
370.61
370.61
369.14
372.07
370.61
367.67
314.94
265.13
238.77
221.19
206.54
191.89
178.71
168.46
158.2
150.88
140.63
133.3
128.9
124.51
118.65
118.65
115.72
117.19
115.72
117.19
114.26
114.26
112.79
114.26
112.79
114.26
114.26
112.79
112.79
92.286
-246.1
-487.79
-628.44
-711.9
-754.38
-789.54
-808.62
-824.7
-832.02
-839.34
-845.22
-843.78
-843.78
-846.66
-849.6
-848.16
-849.6
-851.1
-852.54
-851.1
-853.98
-858.42
-851.1
-852.54
-855.48
-851.1
-851.1
-853.98
-855.48
-848.16
-755.88
-676.74
-624
-584.47
-555.17
-536.13
-517.09
-503.9
-489.26
-474.61
-465.82
-457.03
-454.1
-451.17
-445.31
-440.92
-435.06
-435.06
-430.66
-435.06
-430.66
-433.6
-430.66
-427.73
-429.2
-427.73
-427.73
-427.73
-430.66
-411.62
-127.44
156.74
281.25
351.56
388.18
413.09
429.2
435.06
442.38
446.78
448.24
452.63
452.63
451.17
449.71
452.63
452.63
451.17
454.1
454.1
451.17
449.71
451.17
452.63
451.17
454.1
452.63
451.17
449.71
437.99
-71.778
-531.74
-769.02
-909.66
-997.56
-1045.9
-1088.4
-1110.4
-1126.4
-1142.6
-1145.5
-1151.3
-1158.7
-1157.2
-1163.1
-1161.6
-1161.6
-1167.5
-1164.5
-1170.4
-1170.4
-1167.5
-1173.4
-1166
-1171.9
-1173.4
-1168.9
-1173.4
-1170.4
-1161.6
-810.06
-344.24
0
197.75
297.37
355.96
383.79
402.83
413.09
416.02
420.41
420.41
424.81
427.73
426.27
426.27
427.73
427.73
424.81
424.81
426.27
429.2
426.27
426.27
424.81
423.34
423.34
427.73
426.27
421.88
208.01
-13.184
-137.69
-200.68
-237.31
-256.35
-268.07
-276.86
-278.32
-279.79
-276.86
-272.46
-279.79
-281.25
-281.25
-285.64
-287.11
-284.18
-288.58
-284.18
-285.64
-287.11
-282.71
-284.18
-284.18
-285.64
-284.18
-290.04
-288.58
-290.04
-451.17
-622.56
-722.16
-786.6
-829.08
-851.1
-867.18
-881.82
-889.14
-892.08
-899.4
-902.34
-902.34
-905.28
-908.22
-908.22
-906.72
-908.22
-908.22
-906.72
-911.16
-911.16
-906.72
-911.16
-914.04
-909.66
-911.16
-914.04
-908.22
-903.78
-672.36
-375
-178.71
-57.129
8.7888
43.945
64.452
73.242
79.104
82.032
83.496
83.496
84.96
86.424
84.96
84.96
86.424
84.96
83.496
84.96
86.424
83.496
84.96
83.496
83.496
87.888
83.496
83.496
86.424
83.496
86.424
84.96
84.96
86.424
84.96
84.96
87.888
86.424
83.496
87.888
84.96
84.96
87.888
86.424
83.496
87.888
84.96
84.96
87.888
84.96
84.96
87.888
86.424
84.96
87.888
84.96
87.888
86.424
86.424
84.96
-221.19
-591.8
-796.86
-912.6
-984.36
-1037.1
-1069.3
-1091.3
-1110.4
-1117.7
-1127.9
-1130.9
-1130.9
-1138.2
-1135.3
-1139.6
-1145.5
-1142.6
-1147
-1147
-1147
-1149.9
-1145.5
-1145.5
-1147
-1145.5
-1151.3
-1147
-1145.5
-1147
-720.72
0
517.09
793.92
953.64
1041.5
1104.5
1144
1166
1186.5
1195.3
1204.1
1208.5
1210
1217.3
1215.8
1218.8
1221.7
1220.2
1224.6
1221.7
1223.2
1224.6
1221.7
1227.5
1224.6
1226.1
1226.1
1224.6
1227.5
1082.5
880.38
747.06
654.78
597.65
565.43
544.92
522.95
503.9
489.26
479
467.29
459.96
457.03
448.24
443.85
437.99
435.06
435.06
430.66
433.6
432.13
429.2
429.2
429.2
429.2
432.13
430.66
430.66
430.66
506.84
624
691.38
733.86
754.38
769.02
780.78
788.1
786.6
789.54
796.86
796.86
795.42
798.36
799.8
798.36
796.86
799.8
799.8
798.36
796.86
801.24
801.24
798.36
799.8
801.24
799.8
799.8
801.24
619.62
331.06
145.02
35.156
-17.578
-38.086
-46.875
-49.805
-57.129
-57.129
-57.129
-57.129
-57.129
-58.594
-57.129
-57.129
-55.664
-60.06
-57.129
-57.129
-57.129
-58.594
-57.129
-58.594
-57.129
-57.129
-60.06
-57.129
-55.664
-57.129
-216.8
-451.17
-575.68
-646.02
-691.38
-723.66
-739.74
-748.56
-757.32
-761.7
-766.14
-763.2
-766.14
-769.02
-771.96
-766.14
-769.02
-771.96
-771.96
-771.96
-771.96
-776.34
-774.9
-773.46
-773.46
-777.84
-771.96
-771.96
-773.46
-776.34
-440.92
285.64
707.52
928.74
1056.2
1141.1
1193.8
1227.5
1256.8
1267.1
1280.3
1286.2
1289
1296.4
1294.9
1302.2
1299.3
1305.2
1303.7
1305.2
1308.1
1305.2
1308.1
1306.6
1311.1
1309.6
1311.1
1311.1
1309.6
1311.1
1113.3
741.24
476.08
309.08
202.15
147.95
114.26
99.612
83.496
68.85
55.664
30.762
5.8594
0
0
0
0
0
0
0
0
0
0
0
0
0
0
0
0
0
227.05
644.52
887.7
1034.2
1119.1
1180.7
1214.3
1243.7
1262.7
1270
1286.2
1284.7
1293.5
1292
1299.3
1297.9
1300.8
1305.2
1300.8
1308.1
1303.7
1308.1
1305.2
1306.6
1309.6
1308.1
1311.1
1308.1
1311.1
1308.1
1245.1
1100.1
1000.5
936.06
890.64
855.48
830.58
810.06
791.04
774.9
761.7
757.32
748.56
741.24
738.3
733.86
730.98
725.1
723.66
720.72
719.22
716.28
711.9
714.84
711.9
711.9
710.46
710.46
714.84
710.46
622.56
429.2
304.69
224.12
175.78
150.88
128.9
115.72
102.54
90.822
80.568
68.85
60.06
54.199
45.41
39.551
35.156
29.297
29.297
32.227
32.227
30.762
32.227
27.832
27.832
24.902
29.297
33.691
32.227
29.297
125.98
370.61
505.37
587.4
635.76
662.1
678.24
691.38
700.2
703.14
704.58
707.52
711.9
711.9
710.46
711.9
713.4
713.4
711.9
711.9
714.84
713.4
713.4
711.9
717.78
716.28
716.28
711.9
717.78
714.84
480.47
-200.68
-629.88
-852.54
-977.04
-1062
-1116.2
-1148.5
-1176.2
-1188
-1193.8
-1208.5
-1207
-1215.8
-1215.8
-1215.8
-1223.2
-1218.8
-1224.6
-1224.6
-1227.5
-1227.5
-1224.6
-1231.9
-1229
-1230.5
-1229
-1221.7
-1230.5
-1226.1
-1073.8
-600.6
-186.04
86.424
229.98
307.62
345.7
367.67
383.79
386.72
389.65
389.65
394.04
395.51
398.44
396.97
396.97
396.97
395.51
396.97
398.44
398.44
398.44
398.44
395.51
396.97
396.97
399.9
399.9
399.9
416.02
465.82
493.65
514.16
524.41
530.27
537.6
534.67
534.67
536.13
540.53
540.53
540.53
537.6
539.06
539.06
543.46
540.53
541.99
540.53
540.53
543.46
543.46
543.46
540.53
541.99
540.53
541.99
540.53
541.99
347.17
-320.8
-729.48
-949.2
-1075.2
-1158.7
-1214.3
-1248.1
-1278.8
-1292
-1302.2
-1312.5
-1316.9
-1324.2
-1324.2
-1330.1
-1327.1
-1336
-1334.5
-1337.4
-1338.8
-1337.4
-1340.3
-1337.4
-1343.3
-1338.8
-1341.8
-1338.8
-1341.8
-1341.8
-1280.3
-1066.4
-897.96
-780.78
-707.52
-657.72
-624
-597.65
-581.54
-563.96
-549.32
-534.67
-527.35
-520.02
-515.63
-515.63
-508.3
-502.44
-499.51
-496.58
-495.12
-493.65
-492.19
-489.26
-484.87
-484.87
-489.26
-487.79
-489.26
-486.33
-394.04
-38.086
203.62
309.08
366.21
404.3
424.81
436.52
442.38
446.78
448.24
451.17
449.71
454.1
455.57
451.17
454.1
455.57
452.63
458.5
455.57
458.5
454.1
455.57
455.57
457.03
455.57
457.03
455.57
454.1
326.66
-196.29
-531.74
-713.4
-817.38
-878.88
-916.98
-947.76
-963.84
-972.66
-981.42
-985.86
-987.3
-991.68
-993.18
-994.62
-996.12
-999
-997.56
-1000.5
-1003.4
-996.12
-1000.5
-1001.9
-997.56
-1000.5
-1001.9
-997.56
-1000.5
-1004.9
-930.18
-635.76
-417.48
-278.32
-187.5
-140.63
-114.26
-92.286
-76.17
-67.38
-55.664
-45.41
-35.156
-23.438
-19.043
-19.043
-14.648
-11.719
-10.254
-7.3242
-5.8594
-2.9297
0
0
0
0
0
0
0
0
36.621
213.87
323.73
386.72
429.2
449.71
461.42
468.75
473.14
477.54
481.93
480.47
486.33
479
484.87
480.47
484.87
487.79
483.4
481.93
483.4
480.47
484.87
483.4
483.4
483.4
479
483.4
481.93
483.4
421.88
74.706
-184.57
-301.76
-369.14
-407.23
-424.81
-433.6
-443.85
-445.31
-452.63
-455.57
-452.63
-455.57
-454.1
-451.17
-457.03
-455.57
-459.96
-455.57
-458.5
-454.1
-457.03
-457.03
-461.42
-461.42
-457.03
-455.57
-457.03
-454.1
-427.73
-234.38
-98.142
-14.648
29.297
42.481
46.875
52.735
55.664
57.129
55.664
55.664
57.129
57.129
60.06
55.664
57.129
57.129
58.594
55.664
55.664
58.594
57.129
58.594
54.199
57.129
57.129
58.594
57.129
55.664
38.086
-124.51
-205.08
-253.42
-276.86
-292.97
-301.76
-307.62
-309.08
-304.69
-306.15
-309.08
-310.55
-309.08
-316.4
-313.48
-313.48
-316.4
-313.48
-313.48
-312.01
-310.55
-314.94
-314.94
-316.4
-316.4
-316.4
-316.4
-316.4
-313.48
-253.42
218.26
540.53
714.84
818.82
878.88
919.92
947.76
960.96
968.28
978.54
984.36
982.92
987.3
990.24
990.24
994.62
993.18
991.68
996.12
996.12
993.18
996.12
996.12
996.12
997.56
999
996.12
999
999
972.66
748.56
562.5
439.45
364.75
317.87
292.97
272.46
256.35
243.16
229.98
221.19
212.4
206.54
197.75
190.43
183.11
178.71
175.78
175.78
169.92
171.38
174.32
166.99
169.92
169.92
172.85
168.46
172.85
171.38
180.17
294.43
382.33
433.6
464.36
480.47
495.12
502.44
503.9
506.84
505.37
509.77
512.69
512.69
512.69
509.77
512.69
512.69
514.16
514.16
514.16
511.23
511.23
511.23
514.16
514.16
511.23
511.23
511.23
511.23
499.51
375
268.07
202.15
164.06
142.09
127.44
111.33
101.08
87.888
76.17
64.452
55.664
42.481
33.691
32.227
33.691
32.227
29.297
32.227
30.762
32.227
29.297
27.832
32.227
33.691
30.762
33.691
33.691
32.227
39.551
250.49
421.88
517.09
568.36
602.04
619.62
634.26
643.08
644.52
648.9
650.4
651.84
653.34
651.84
654.78
654.78
656.28
656.28
653.34
654.78
657.72
656.28
651.84
653.34
656.28
656.28
654.78
653.34
654.78
657.72
698.76
730.98
755.88
770.52
780.78
782.22
788.1
791.04
793.92
791.04
793.92
796.86
795.42
793.92
798.36
799.8
796.86
796.86
798.36
799.8
795.42
796.86
798.36
798.36
795.42
796.86
799.8
798.36
798.36
776.34
169.92
-498.05
-815.94
-999
-1117.7
-1186.5
-1233.4
-1267.1
-1284.7
-1305.2
-1309.6
-1321.3
-1322.8
-1327.1
-1333
-1330.1
-1336
-1333
-1338.8
-1336
-1343.3
-1341.8
-1340.3
-1341.8
-1338.8
-1346.2
-1341.8
-1344.7
-1341.8
-1338.8
-1103
-826.2
-650.4
-528.81
-452.63
-404.3
-380.86
-360.35
-347.17
-329.59
-314.94
-310.55
-297.37
-288.58
-278.32
-275.39
-266.6
-265.13
-263.67
-260.74
-259.28
-260.74
-260.74
-259.28
-257.81
-253.42
-254.88
-256.35
-254.88
-250.49
-33.691
188.96
295.9
353.03
383.79
402.83
416.02
418.94
423.34
423.34
424.81
426.27
427.73
429.2
426.27
429.2
429.2
427.73
426.27
427.73
429.2
429.2
426.27
429.2
427.73
427.73
423.34
426.27
427.73
426.27
190.43
-82.032
-219.73
-285.64
-325.19
-347.17
-354.49
-354.49
-363.28
-364.75
-370.61
-370.61
-372.07
-375
-373.54
-370.61
-367.67
-372.07
-372.07
-372.07
-373.54
-375
-375
-373.54
-373.54
-373.54
-370.61
-373.54
-373.54
-373.54
-418.94
-468.75
-493.65
-514.16
-525.88
-533.2
-537.6
-539.06
-539.06
-540.53
-543.46
-544.92
-543.46
-541.99
-541.99
-543.46
-549.32
-546.38
-541.99
-540.53
-543.46
-544.92
-546.38
-541.99
-543.46
-543.46
-544.92
-547.85
-544.92
-541.99
-178.71
310.55
550.78
678.24
758.76
799.8
829.08
848.16
858.42
864.24
870.12
874.5
874.5
876
880.38
880.38
877.44
880.38
883.32
877.44
881.82
881.82
880.38
880.38
883.32
883.32
880.38
880.38
883.32
878.88
934.56
1015.1
1062
1098.7
1120.6
1130.9
1144
1148.5
1148.5
1158.7
1154.3
1158.7
1161.6
1160.2
1166
1163.1
1163.1
1167.5
1163.1
1166
1166
1164.5
1168.9
1166
1167.5
1170.4
1164.5
1170.4
1166
1168.9
798.36
108.4
-392.58
-626.94
-827.64
-876
-909.66
-928.74
-941.88
-952.14
-955.08
-956.52
-965.34
-966.78
-968.28
-971.22
-969.72
-968.28
-972.66
-974.1
-969.72
-972.66
-974.1
-972.66
-975.6
-977.04
-972.66
-972.66
-977.04
-1021
-1108.9
-1166
-1201.2
-1230.5
-1242.2
-1255.4
-1262.7
-1264.1
-1273
-1270
-1275.9
-1275.9
-1280.3
-1281.7
-1275.9
-1284.7
-1277.3
-1287.6
-1284.7
-1286.2
-1287.6
-1283.2
-1290.5
-1286.2
-1292
-1286.2
-1289
-1287.6
-1286.2
-1022.5
-361.82
224.12
536.13
695.82
788.1
843.78
881.82
903.78
916.98
930.18
937.5
938.94
941.88
947.76
946.26
947.76
952.14
950.7
950.7
956.52
953.64
952.14
955.08
955.08
950.7
953.64
953.64
949.2
952.14
789.54
448.24
222.65
82.032
4.3945
-29.297
-46.875
-55.664
-54.199
-54.199
-58.594
-58.594
-58.594
-58.594
-58.594
-58.594
-60.06
-58.594
-58.594
-57.129
-61.524
-57.129
-60.06
-57.129
-62.988
-58.594
-60.06
-57.129
-61.524
-58.594
-4.3945
136.23
213.87
254.88
281.25
294.43
300.29
304.69
307.62
310.55
310.55
313.48
314.94
310.55
313.48
313.48
310.55
312.01
313.48
310.55
313.48
314.94
312.01
313.48
312.01
312.01
312.01
313.48
314.94
314.94
432.13
700.2
852.54
946.26
1003.4
1040
1060.6
1081.1
1089.8
1097.2
1106
1108.9
1114.7
1114.7
1116.2
1122.1
1119.1
1122.1
1123.6
1122.1
1126.4
1125
1125
1127.9
1126.4
1126.4
1129.4
1123.6
1129.4
1127.9
1127.9
1129.4
1127.9
1127.9
1129.4
1125
1127.9
1126.4
1125
1129.4
1125
1127.9
1127.9
1125
1129.4
1127.9
1126.4
1129.4
1126.4
1127.9
1127.9
1123.6
1127.9
1123.6
1123.6
1126.4
1123.6
1126.4
1125
1122.1
884.76
68.85
-537.6
-834.96
-1010.8
-1123.6
-1188
-1237.8
-1268.6
-1287.6
-1303.7
-1308.1
-1319.8
-1321.3
-1327.1
-1333
-1331.5
-1338.8
-1333
-1343.3
-1337.4
-1343.3
-1341.8
-1343.3
-1346.2
-1341.8
-1344.7
-1341.8
-1347.7
-1341.8
-1188
-587.4
39.551
424.81
621.12
730.98
792.48
833.52
861.3
874.5
884.76
893.58
897.96
896.46
900.9
906.72
902.34
906.72
908.22
908.22
906.72
909.66
908.22
906.72
909.66
909.66
906.72
908.22
912.6
909.66
900.9
881.82
861.3
839.34
829.08
818.82
810.06
802.74
798.36
793.92
786.6
783.72
783.72
780.78
776.34
774.9
773.46
773.46
769.02
769.02
770.52
769.02
769.02
767.58
770.52
769.02
767.58
767.58
769.02
767.58
648.9
162.6
-193.36
-394.04
-496.58
-561.04
-600.6
-619.62
-632.82
-637.2
-648.9
-651.84
-654.78
-654.78
-656.28
-659.16
-660.66
-656.28
-656.28
-657.72
-662.1
-660.66
-660.66
-657.72
-662.1
-660.66
-659.16
-660.66
-660.66
-665.04
-550.78
-13.184
370.61
565.43
675.3
736.8
776.34
804.18
818.82
827.64
834.96
842.28
842.28
842.28
846.66
848.16
848.16
848.16
851.1
851.1
848.16
852.54
851.1
849.6
849.6
851.1
851.1
849.6
851.1
852.54
725.1
29.297
-550.78
-856.92
-1028.3
-1129.4
-1198.3
-1240.7
-1270
-1293.5
-1302.2
-1315.4
-1315.4
-1325.7
-1328.6
-1331.5
-1333
-1333
-1337.4
-1336
-1341.8
-1337.4
-1340.3
-1338.8
-1341.8
-1341.8
-1338.8
-1341.8
-1337.4
-1346.2
-1230.5
-594.73
106.93
624
883.32
1037.1
1139.6
1199.7
1245.1
1268.6
1289
1300.8
1309.6
1316.9
1316.9
1327.1
1322.8
1330.1
1328.6
1330.1
1331.5
1331.5
1333
1333
1337.4
1333
1337.4
1336
1334.5
1336
1292
1034.2
823.26
687
599.12
541.99
505.37
480.47
455.57
439.45
427.73
417.48
410.15
402.83
392.58
386.72
386.72
382.33
377.93
376.46
376.46
375
373.54
373.54
372.07
369.14
372.07
370.61
370.61
372.07
350.1
208.01
105.47
54.199
24.902
5.8594
0
-5.8594
-7.3242
-8.7888
-4.3945
-2.9297
1.4648
2.9297
0
0
0
0
0
0
0
0
0
0
0
0
0
0
0
0
49.805
427.73
675.3
813
899.4
950.7
987.3
1006.3
1018.1
1032.7
1034.2
1038.6
1044.4
1041.5
1045.9
1048.8
1044.4
1050.3
1054.7
1048.8
1051.7
1051.7
1048.8
1051.7
1053.2
1050.3
1054.7
1053.2
1051.7
1056.2
1022.5
733.86
492.19
332.52
234.38
177.25
150.88
128.9
115.72
104
92.286
79.104
73.242
61.524
49.805
46.875
42.481
36.621
33.691
30.762
29.297
32.227
29.297
32.227
33.691
30.762
32.227
30.762
24.902
27.832
68.85
454.1
739.74
893.58
987.3
1050.3
1086.9
1107.4
1130.9
1138.2
1144
1151.3
1151.3
1157.2
1158.7
1157.2
1161.6
1160.2
1161.6
1164.5
1160.2
1167.5
1163.1
1167.5
1167.5
1164.5
1168.9
1166
1164.5
1168.9
1144
868.68
596.19
427.73
316.4
253.42
218.26
190.43
172.85
152.35
140.63
130.37
120.12
112.79
104
98.142
93.75
92.286
89.358
87.888
90.822
86.424
87.888
86.424
87.888
86.424
86.424
86.424
84.96
86.424
99.612
358.88
572.75
694.32
766.14
808.62
832.02
851.1
861.3
865.74
870.12
876
874.5
876
880.38
880.38
878.88
881.82
883.32
881.82
883.32
884.76
881.82
881.82
883.32
886.26
881.82
880.38
884.76
884.76
878.88
853.98
820.32
792.48
770.52
758.76
742.68
732.42
720.72
716.28
713.4
706.08
701.64
700.2
697.26
694.32
689.94
691.38
687
687
685.56
682.62
684.06
684.06
682.62
682.62
684.06
685.56
682.62
682.62
687
763.2
836.4
880.38
912.6
931.62
940.44
949.2
958.02
956.52
962.4
963.84
963.84
963.84
968.28
965.34
965.34
969.72
966.78
966.78
971.22
968.28
966.78
971.22
966.78
966.78
971.22
968.28
965.34
971.22
971.22
1040
1122.1
1173.4
1205.6
1229
1239.2
1253.9
1258.3
1265.6
1268.6
1268.6
1275.9
1271.5
1277.3
1275.9
1277.3
1280.3
1275.9
1281.7
1278.8
1280.3
1278.8
1280.3
1281.7
1278.8
1284.7
1278.8
1283.2
1281.7
1274.4
953.64
546.38
269.53
92.286
-8.7888
-54.199
-70.314
-74.706
-80.568
-84.96
-87.888
-86.424
-87.888
-86.424
-89.358
-89.358
-87.888
-87.888
-90.822
-87.888
-87.888
-89.358
-87.888
-89.358
-87.888
-87.888
-87.888
-89.358
-86.424
-84.96
166.99
392.58
522.95
593.26
637.2
667.98
682.62
692.88
697.26
700.2
706.08
707.52
708.96
707.52
710.46
710.46
711.9
708.96
711.9
714.84
711.9
711.9
711.9
711.9
713.4
710.46
711.9
711.9
713.4
710.46
665.04
607.92
572.75
547.85
527.35
512.69
493.65
483.4
473.14
465.82
457.03
451.17
442.38
439.45
436.52
436.52
430.66
429.2
427.73
426.27
424.81
426.27
429.2
429.2
426.27
424.81
427.73
426.27
427.73
426.27
351.56
249.02
191.89
155.27
139.16
117.19
104
83.496
60.06
42.481
24.902
11.719
4.3945
0
0
0
0
0
0
0
0
0
0
0
0
0
0
0
0
0
0
0
0
0
0
0
0
0
0
0
0
0
0
0
0
0
0
0
0
0
0
0
0
0
0
0
0
0
0
-177.25
-421.88
-562.5
-647.46
-692.88
-722.16
-736.8
-751.44
-761.7
-761.7
-763.2
-764.64
-770.52
-769.02
-769.02
-770.52
-773.46
-769.02
-769.02
-774.9
-776.34
-773.46
-771.96
-776.34
-774.9
-773.46
-773.46
-777.84
-774.9
-771.96
-745.62
-704.58
-675.3
-647.46
-626.94
-615.24
-602.04
-594.73
-580.08
-577.15
-568.36
-568.36
-565.43
-558.11
-555.17
-552.25
-549.32
-553.71
-547.85
-546.38
-546.38
-547.85
-549.32
-549.32
-543.46
-540.53
-543.46
-544.92
-546.38
-543.46
-637.2
-813
-919.92
-981.42
-1023.9
-1056.2
-1070.8
-1082.5
-1094.2
-1092.8
-1101.5
-1104.5
-1104.5
-1107.4
-1110.4
-1107.4
-1114.7
-1113.3
-1113.3
-1116.2
-1111.8
-1114.7
-1116.2
-1110.4
-1117.7
-1111.8
-1114.7
-1117.7
-1111.8
-1116.2
-1144
-1198.3
-1246.6
-1270
-1292
-1305.2
-1311.1
-1319.8
-1321.3
-1330.1
-1328.6
-1337.4
-1333
-1337.4
-1337.4
-1337.4
-1341.8
-1337.4
-1343.3
-1336
-1344.7
-1340.3
-1344.7
-1341.8
-1341.8
-1344.7
-1343.3
-1347.7
-1338.8
-1347.7
-1069.3
-320.8
375
738.3
937.5
1056.2
1126.4
1179.2
1208.5
1230.5
1248.1
1252.4
1264.1
1264.1
1270
1270
1271.5
1275.9
1274.4
1280.3
1277.3
1278.8
1278.8
1277.3
1281.7
1277.3
1283.2
1280.3
1281.7
1281.7
1218.8
1066.4
960.96
892.08
848.16
817.38
792.48
769.02
755.88
741.24
729.48
722.16
717.78
710.46
703.14
700.2
697.26
694.32
692.88
689.94
689.94
687
687
685.56
682.62
684.06
684.06
682.62
679.68
684.06
468.75
-125.98
-483.4
-670.92
-766.14
-829.08
-871.56
-893.58
-908.22
-921.36
-928.74
-927.24
-934.56
-938.94
-936.06
-937.5
-940.44
-940.44
-940.44
-946.26
-941.88
-938.94
-943.38
-944.82
-943.38
-943.38
-946.26
-941.88
-943.38
-947.76
-837.9
-531.74
-323.73
-202.15
-131.84
-92.286
-73.242
-58.594
-45.41
-30.762
-21.973
-11.719
0
7.3242
5.8594
2.9297
0
0
0
0
0
0
0
0
0
0
0
0
0
0
118.65
458.5
650.4
755.88
826.2
865.74
892.08
902.34
916.98
924.3
925.8
933.12
936.06
933.12
936.06
936.06
934.56
937.5
940.44
937.5
936.06
940.44
940.44
937.5
941.88
941.88
937.5
940.44
941.88
937.5
963.84
1048.8
1106
1144
1170.4
1183.6
1196.8
1201.2
1208.5
1210
1212.9
1220.2
1215.8
1220.2
1220.2
1220.2
1223.2
1220.2
1224.6
1221.7
1224.6
1226.1
1223.2
1226.1
1223.2
1223.2
1226.1
1223.2
1226.1
1226.1
1081.1
454.1
-84.96
-395.51
-552.25
-629.88
-682.62
-716.28
-739.74
-750
-754.38
-761.7
-766.14
-767.58
-766.14
-770.52
-774.9
-770.52
-770.52
-770.52
-774.9
-771.96
-771.96
-774.9
-777.84
-770.52
-771.96
-773.46
-777.84
-771.96
-644.52
10.254
540.53
815.94
974.1
1070.8
1126.4
1168.9
1193.8
1210
1223.2
1224.6
1236.3
1236.3
1239.2
1243.7
1242.2
1248.1
1245.1
1251
1249.5
1249.5
1251
1248.1
1253.9
1251
1253.9
1253.9
1251
1255.4
1198.3
924.3
716.28
580.08
495.12
445.31
416.02
391.12
375
358.88
345.7
332.52
320.8
309.08
298.83
294.43
294.43
287.11
290.04
287.11
285.64
284.18
282.71
282.71
279.79
281.25
281.25
284.18
287.11
285.64
215.33
-205.08
-446.78
-581.54
-651.84
-694.32
-723.66
-742.68
-751.44
-754.38
-757.32
-766.14
-766.14
-766.14
-769.02
-774.9
-771.96
-770.52
-770.52
-774.9
-773.46
-771.96
-770.52
-774.9
-771.96
-771.96
-774.9
-777.84
-774.9
-773.46
-774.9
-774.9
-767.58
-763.2
-763.2
-761.7
-755.88
-752.94
-752.94
-752.94
-751.44
-750
-751.44
-751.44
-748.56
-747.06
-750
-751.44
-745.62
-745.62
-747.06
-748.56
-745.62
-745.62
-748.56
-748.56
-747.06
-744.12
-745.62
-750
-730.98
-613.74
-531.74
-480.47
-451.17
-426.27
-405.76
-388.18
-376.46
-364.75
-361.82
-351.56
-347.17
-339.85
-331.06
-328.13
-323.73
-320.8
-316.4
-319.34
-316.4
-319.34
-314.94
-314.94
-312.01
-314.94
-312.01
-313.48
-316.4
-314.94
-351.56
-609.36
-795.42
-905.28
-979.98
-1021
-1048.8
-1070.8
-1078.1
-1089.8
-1097.2
-1097.2
-1104.5
-1103
-1104.5
-1110.4
-1108.9
-1111.8
-1113.3
-1107.4
-1113.3
-1116.2
-1111.8
-1116.2
-1113.3
-1113.3
-1117.7
-1113.3
-1116.2
-1117.7
-1064.9
-566.89
-21.973
364.75
561.04
662.1
717.78
760.26
783.72
796.86
807.12
814.44
815.94
818.82
821.76
824.7
824.7
824.7
829.08
827.64
826.2
829.08
829.08
826.2
827.64
829.08
829.08
829.08
827.64
830.58
827.64
802.74
785.16
766.14
750
736.8
726.54
722.16
713.4
707.52
706.08
704.58
701.64
695.82
694.32
691.38
694.32
687
685.56
687
685.56
685.56
682.62
684.06
685.56
684.06
684.06
682.62
685.56
684.06
662.1
358.88
76.17
-99.612
-174.32
-210.94
-231.44
-241.7
-250.49
-251.95
-256.35
-257.81
-257.81
-256.35
-257.81
-254.88
-257.81
-257.81
-257.81
-257.81
-260.74
-260.74
-259.28
-260.74
-262.21
-259.28
-257.81
-259.28
-257.81
-257.81
-222.65
292.97
676.74
884.76
1018.1
1091.3
1147
1179.2
1196.8
1215.8
1223.2
1230.5
1237.8
1234.9
1243.7
1237.8
1245.1
1245.1
1245.1
1248.1
1245.1
1252.4
1249.5
1249.5
1252.4
1248.1
1252.4
1248.1
1252.4
1252.4
1245.1
1107.4
968.28
880.38
818.82
777.84
751.44
728.04
708.96
694.32
679.68
673.8
665.04
659.16
651.84
644.52
641.58
637.2
635.76
632.82
626.94
628.44
629.88
625.5
626.94
625.5
626.94
628.44
626.94
625.5
628.44
789.54
941.88
1034.2
1097.2
1135.3
1161.6
1182.1
1190.9
1199.7
1205.6
1207
1211.4
1207
1214.3
1215.8
1214.3
1218.8
1214.3
1221.7
1217.3
1220.2
1220.2
1218.8
1224.6
1220.2
1221.7
1221.7
1220.2
1224.6
1212.9
1003.4
782.22
625.5
527.35
467.29
429.2
404.3
383.79
364.75
351.56
336.91
317.87
304.69
295.9
295.9
288.58
291.5
287.11
285.64
282.71
284.18
284.18
279.79
278.32
281.25
284.18
285.64
285.64
287.11
287.11
468.75
662.1
774.9
839.34
874.5
899.4
919.92
930.18
934.56
943.38
946.26
946.26
952.14
955.08
950.7
953.64
956.52
952.14
955.08
956.52
955.08
956.52
958.02
956.52
958.02
959.46
958.02
956.52
960.96
952.14
669.42
301.76
54.199
-87.888
-155.27
-187.5
-205.08
-216.8
-219.73
-225.59
-225.59
-227.05
-229.98
-231.44
-229.98
-231.44
-229.98
-228.52
-229.98
-228.52
-228.52
-225.59
-231.44
-227.05
-229.98
-227.05
-231.44
-231.44
-229.98
-231.44
-219.73
-209.47
-191.89
-184.57
-174.32
-165.53
-155.27
-150.88
-140.63
-133.3
-131.84
-123.05
-124.51
-120.12
-118.65
-117.19
-118.65
-117.19
-115.72
-117.19
-115.72
-115.72
-114.26
-112.79
-114.26
-115.72
-115.72
-115.72
-114.26
-115.72
-33.691
77.634
115.72
134.77
136.23
139.16
145.02
147.95
159.67
165.53
168.46
171.38
172.85
169.92
172.85
172.85
171.38
172.85
172.85
171.38
171.38
171.38
164.06
155.27
152.35
158.2
164.06
166.99
166.99
172.85
-14.648
-243.16
-357.42
-424.81
-459.96
-481.93
-493.65
-506.84
-506.84
-509.77
-512.69
-511.23
-514.16
-514.16
-515.63
-515.63
-514.16
-514.16
-512.69
-515.63
-515.63
-514.16
-512.69
-514.16
-517.09
-518.56
-521.48
-518.56
-517.09
-515.63
-153.81
476.08
807.12
993.18
1108.9
1179.2
1229
1281.7
1296.4
1303.7
1316.9
1316.9
1324.2
1324.2
1327.1
1330.1
1328.6
1331.5
1331.5
1336
1331.5
1334.5
1333
1333
1336
1333
1337.4
1333
1337.4
1120.6
760.26
502.44
336.91
238.77
180.17
152.35
131.84
120.12
101.08
80.568
46.875
8.7888
0
0
0
0
0
0
0
0
0
0
0
0
0
0
0
0
0
-42.481
-108.4
-131.84
-147.95
-158.2
-162.6
-169.92
-168.46
-169.92
-168.46
-172.85
-172.85
-169.92
-174.32
-171.38
-168.46
-166.99
-166.99
-168.46
-165.53
-168.46
-168.46
-168.46
-171.38
-168.46
-172.85
-168.46
-172.85
-172.85
-168.46
-187.5
-219.73
-232.91
-240.23
-246.1
-253.42
-253.42
-254.88
-257.81
-257.81
-257.81
-260.74
-259.28
-260.74
-257.81
-254.88
-253.42
-256.35
-256.35
-257.81
-259.28
-257.81
-259.28
-257.81
-257.81
-257.81
-257.81
-256.35
-256.35
-257.81
-347.17
-536.13
-644.52
-703.14
-741.24
-767.58
-786.6
-796.86
-804.18
-810.06
-815.94
-817.38
-817.38
-820.32
-823.26
-820.32
-820.32
-823.26
-826.2
-823.26
-826.2
-829.08
-824.7
-823.26
-826.2
-827.64
-823.26
-824.7
-826.2
-824.7
-656.28
-260.74
10.254
166.99
244.63
284.18
298.83
307.62
317.87
328.13
335.45
335.45
339.85
338.38
338.38
339.85
331.06
338.38
338.38
339.85
341.31
341.31
339.85
341.31
338.38
338.38
339.85
341.31
339.85
344.24
265.13
76.17
-30.762
-83.496
-111.33
-125.98
-134.77
-139.16
-142.09
-143.56
-143.56
-143.56
-143.56
-143.56
-145.02
-145.02
-142.09
-143.56
-143.56
-143.56
-142.09
-142.09
-143.56
-143.56
-145.02
-143.56
-143.56
-145.02
-142.09
-143.56
-79.104
99.612
188.96
238.77
272.46
287.11
297.37
303.22
307.62
310.55
309.08
314.94
312.01
312.01
313.48
313.48
310.55
313.48
313.48
312.01
313.48
313.48
313.48
313.48
310.55
310.55
310.55
312.01
309.08
313.48
202.15
-108.4
-282.71
-386.72
-445.31
-483.4
-500.98
-517.09
-528.81
-531.74
-533.2
-537.6
-540.53
-541.99
-543.46
-541.99
-540.53
-541.99
-543.46
-541.99
-541.99
-541.99
-540.53
-540.53
-541.99
-543.46
-540.53
-540.53
-540.53
-541.99
-405.76
70.314
396.97
563.96
654.78
710.46
742.68
764.64
773.46
780.78
789.54
792.48
789.54
795.42
796.86
799.8
796.86
801.24
802.74
799.8
798.36
799.8
802.74
798.36
799.8
801.24
802.74
798.36
802.74
804.18
733.86
534.67
405.76
317.87
269.53
237.31
219.73
200.68
188.96
177.25
166.99
153.81
143.56
136.23
128.9
118.65
109.87
104
96.678
93.75
87.888
84.96
82.032
82.032
86.424
95.214
102.54
109.87
109.87
114.26
89.358
-16.113
-73.242
-89.358
-98.142
-105.47
-109.87
-109.87
-114.26
-111.33
-114.26
-114.26
-112.79
-112.79
-115.72
-114.26
-114.26
-112.79
-114.26
-115.72
-111.33
-115.72
-114.26
-115.72
-111.33
-114.26
-114.26
-112.79
-112.79
-114.26
-79.104
61.524
128.9
159.67
175.78
186.04
193.36
194.83
194.83
197.75
197.75
197.75
199.22
196.29
199.22
197.75
200.68
197.75
200.68
200.68
202.15
199.22
200.68
199.22
199.22
200.68
199.22
200.68
199.22
202.15
215.33
273.92
314.94
341.31
351.56
360.35
360.35
367.67
367.67
369.14
369.14
372.07
372.07
369.14
369.14
366.21
370.61
369.14
372.07
369.14
372.07
372.07
369.14
367.67
369.14
372.07
373.54
372.07
372.07
370.61
256.35
-366.21
-752.94
-963.84
-1086.9
-1168.9
-1220.2
-1252.4
-1281.7
-1293.5
-1309.6
-1313.9
-1319.8
-1324.2
-1325.7
-1333
-1327.1
-1331.5
-1330.1
-1337.4
-1336
-1337.4
-1337.4
-1336
-1341.8
-1337.4
-1344.7
-1337.4
-1344.7
-1340.3
-1284.7
-912.6
-577.15
-360.35
-222.65
-145.02
-102.54
-76.17
-62.988
-52.735
-45.41
-32.227
-21.973
-14.648
-1.4648
2.9297
8.7888
5.8594
2.9297
0
-2.9297
0
0
1.4648
0
0
0
0
0
0
62.988
470.21
723.66
864.24
959.46
1015.1
1048.8
1075.2
1092.8
1104.5
1114.7
1117.7
1122.1
1126.4
1125
1129.4
1129.4
1129.4
1135.3
1130.9
1133.8
1135.3
1130.9
1136.7
1133.8
1133.8
1136.7
1133.8
1138.2
1136.7
1069.3
486.33
-104
-442.38
-612.3
-714.84
-779.28
-818.82
-837.9
-851.1
-865.74
-870.12
-873.06
-876
-878.88
-878.88
-877.44
-884.76
-884.76
-880.38
-886.26
-889.14
-883.32
-884.76
-890.64
-883.32
-883.32
-886.26
-884.76
-883.32
-843.78
-416.02
33.691
310.55
451.17
522.95
562.5
584.47
600.6
612.3
615.24
616.68
622.56
622.56
624
626.94
621.12
625.5
628.44
626.94
625.5
626.94
628.44
629.88
626.94
626.94
626.94
626.94
628.44
626.94
581.54
61.524
-399.9
-621.12
-742.68
-815.94
-855.48
-886.26
-908.22
-915.54
-924.3
-930.18
-931.62
-931.62
-937.5
-938.94
-934.56
-938.94
-938.94
-938.94
-941.88
-946.26
-938.94
-941.88
-944.82
-941.88
-941.88
-946.26
-940.44
-940.44
-938.94
-867.18
-798.36
-758.76
-733.86
-708.96
-688.5
-669.42
-660.66
-648.9
-638.7
-631.32
-629.88
-625.5
-621.12
-619.62
-616.68
-613.74
-615.24
-610.86
-606.42
-604.98
-607.92
-607.92
-604.98
-599.12
-600.6
-602.04
-602.04
-602.04
-580.08
-269.53
10.254
172.85
253.42
297.37
319.34
336.91
351.56
357.42
366.21
363.28
367.67
364.75
366.21
366.21
366.21
367.67
372.07
369.14
367.67
367.67
370.61
366.21
369.14
370.61
372.07
370.61
370.61
369.14
366.21
235.84
123.05
60.06
21.973
4.3945
-4.3945
-7.3242
-5.8594
-1.4648
0
0
0
0
0
0
0
0
0
0
0
0
0
0
0
0
0
0
0
0
16.113
389.65
713.4
881.82
987.3
1057.6
1100.1
1126.4
1145.5
1157.2
1170.4
1176.2
1179.2
1185.1
1182.1
1188
1188
1186.5
1193.8
1190.9
1193.8
1193.8
1192.4
1195.3
1192.4
1192.4
1195.3
1190.9
1198.3
