0
-17.578
-254.88
-638.7
-911.16
-1089.8
-1190.9
-1248.1
-1286.2
-1308.1
-1319.8
-1331.5
-1333
-1344.7
-1347.7
-1355
-1357.9
-1359.4
-1360.9
-1356.4
-1363.7
-1360.9
-1365.2
-1363.7
-1369.6
-1366.7
-1369.6
-1365.2
-1368.2
-1369.6
-1369.6
-1343.3
-1101.5
-883.32
-733.86
-640.14
-585.94
-552.25
-534.67
-517.09
-502.44
-489.26
-477.54
-476.08
-468.75
-462.89
-461.42
-452.63
-446.78
-446.78
-439.45
-442.38
-435.06
-430.66
-426.27
-430.66
-429.2
-427.73
-432.13
-430.66
-427.73
-423.34
-355.96
-295.9
-271
-246.1
-235.84
-227.05
-213.87
-205.08
-194.83
-187.5
-184.57
-175.78
-168.46
-164.06
-159.67
-156.74
-155.27
-150.88
-150.88
-149.41
-147.95
-146.48
-147.95
-143.56
-142.09
-143.56
-143.56
-143.56
-142.09
-115.72
41.015
153.81
221.19
251.95
268.07
275.39
279.79
284.18
285.64
285.64
288.58
287.11
291.5
290.04
290.04
292.97
290.04
292.97
287.11
291.5
291.5
290.04
292.97
288.58
291.5
291.5
287.11
290.04
285.64
240.23
1.4648
-246.1
-354.49
-455.57
-489.26
-511.23
-525.88
-528.81
-534.67
-541.99
-541.99
-544.92
-543.46
-543.46
-546.38
-546.38
-544.92
-540.53
-536.13
-540.53
-539.06
-541.99
-539.06
-540.53
-541.99
-546.38
-547.85
-544.92
-547.85
-524.41
-729.48
-963.84
-1116.2
-1205.6
-1258.3
-1286.2
-1311.1
-1324.2
-1336
-1340.3
-1347.7
-1347.7
-1350.6
-1356.4
-1355
-1363.7
-1362.3
-1363.7
-1360.9
-1365.2
-1363.7
-1366.7
-1366.7
-1369.6
-1371.1
-1365.2
-1371.1
-1365.2
-1369.6
-1365.2
-1331.5
-1289
-1261.3
-1237.8
-1215.8
-1202.6
-1189.4
-1185.1
-1177.7
-1171.9
-1168.9
-1158.7
-1154.3
-1157.2
-1149.9
-1154.3
-1154.3
-1151.3
-1155.8
-1147
-1149.9
-1144
-1145.5
-1145.5
-1147
-1145.5
-1152.8
-1145.5
-1149.9
-1095.7
-689.94
-386.72
-215.33
-106.93
-41.015
-4.3945
5.8594
13.184
14.648
11.719
8.7888
11.719
11.719
13.184
8.7888
7.3242
5.8594
4.3945
5.8594
7.3242
8.7888
10.254
10.254
5.8594
5.8594
1.4648
1.4648
1.4648
1.4648
4.3945
46.875
76.17
99.612
106.93
106.93
114.26
111.33
115.72
114.26
111.33
115.72
112.79
112.79
114.26
114.26
115.72
112.79
115.72
112.79
115.72
112.79
114.26
115.72
115.72
115.72
112.79
115.72
114.26
115.72
114.26
115.72
112.79
115.72
117.19
114.26
117.19
114.26
118.65
114.26
120.12
117.19
118.65
118.65
120.12
118.65
120.12
121.58
118.65
121.58
120.12
120.12
118.65
120.12
123.05
118.65
121.58
118.65
121.58
118.65
98.142
-155.27
-451.17
-604.98
-710.46
-752.94
-777.84
-793.92
-801.24
-804.18
-815.94
-817.38
-817.38
-823.26
-826.2
-826.2
-832.02
-830.58
-833.52
-826.2
-829.08
-827.64
-826.2
-827.64
-827.64
-832.02
-836.4
-832.02
-836.4
-836.4
-827.64
-886.26
-949.2
-981.42
-1003.4
-1016.6
-1028.3
-1035.7
-1044.4
-1043
-1047.4
-1050.3
-1045.9
-1050.3
-1053.2
-1051.7
-1056.2
-1059.1
-1057.6
-1062
-1057.6
-1057.6
-1054.7
-1057.6
-1053.2
-1059.1
-1063.5
-1057.6
-1064.9
-1060.6
-1050.3
-757.32
-421.88
-216.8
-101.08
-46.875
-20.508
-2.9297
1.4648
8.7888
2.9297
0
-2.9297
0
0
1.4648
0
0
0
0
0
0
0
0
0
0
0
0
0
0
0
-49.805
-95.214
-120.12
-131.84
-139.16
-143.56
-146.48
-145.02
-149.41
-149.41
-147.95
-150.88
-149.41
-149.41
-149.41
-149.41
-149.41
-149.41
-146.48
-149.41
-149.41
-147.95
-149.41
-147.95
-146.48
-149.41
-150.88
-147.95
-150.88
-142.09
-326.66
-670.92
-884.76
-1021
-1095.7
-1133.8
-1160.2
-1179.2
-1189.4
-1199.7
-1204.1
-1210
-1214.3
-1210
-1215.8
-1214.3
-1217.3
-1223.2
-1223.2
-1229
-1221.7
-1224.6
-1221.7
-1223.2
-1227.5
-1224.6
-1230.5
-1229
-1226.1
-1229
-1211.4
-1204.1
-1183.6
-1179.2
-1177.7
-1170.4
-1167.5
-1161.6
-1157.2
-1154.3
-1149.9
-1154.3
-1149.9
-1152.8
-1152.8
-1151.3
-1145.5
-1148.5
-1141.1
-1148.5
-1144
-1145.5
-1148.5
-1148.5
-1145.5
-1148.5
-1142.6
-1145.5
-1144
-1120.6
-654.78
-221.19
48.34
416.02
700.2
887.7
1001.9
1060.6
1092.8
1111.8
1129.4
1135.3
1145.5
1147
1151.3
1158.7
1158.7
1160.2
1163.1
1163.1
1166
1161.6
1166
1170.4
1167.5
1170.4
1168.9
1168.9
1170.4
1160.2
782.22
364.75
16.113
-190.43
-361.82
-436.52
-468.75
-487.79
-498.05
-505.37
-505.37
-508.3
-508.3
-506.84
-509.77
-511.23
-511.23
-509.77
-511.23
-512.69
-515.63
-517.09
-520.02
-520.02
-520.02
-520.02
-520.02
-522.95
-521.48
-517.09
-227.05
8.7888
196.29
287.11
341.31
364.75
383.79
388.18
395.51
395.51
398.44
399.9
401.37
402.83
404.3
407.23
402.83
399.9
404.3
402.83
404.3
399.9
399.9
395.51
396.97
392.58
398.44
395.51
398.44
396.97
418.94
445.31
464.36
471.68
479
481.93
484.87
484.87
484.87
489.26
490.72
489.26
489.26
483.4
486.33
484.87
480.47
484.87
483.4
480.47
481.93
481.93
486.33
484.87
489.26
486.33
489.26
489.26
489.26
493.65
263.67
-26.367
-235.84
-325.19
-389.65
-418.94
-437.99
-443.85
-451.17
-452.63
-458.5
-457.03
-457.03
-452.63
-458.5
-454.1
-455.57
-451.17
-448.24
-454.1
-455.57
-454.1
-458.5
-457.03
-457.03
-457.03
-459.96
-464.36
-462.89
-505.37
-670.92
-764.64
-807.12
-833.52
-845.22
-855.48
-862.8
-868.68
-868.68
-878.88
-883.32
-880.38
-884.76
-887.7
-886.26
-883.32
-884.76
-886.26
-881.82
-884.76
-887.7
-886.26
-890.64
-892.08
-892.08
-890.64
-890.64
-889.14
-884.76
-730.98
-480.47
-310.55
-219.73
-169.92
-142.09
-127.44
-118.65
-105.47
-99.612
-90.822
-84.96
-77.634
-68.85
-64.452
-58.594
-55.664
-48.34
-45.41
-42.481
-41.015
-41.015
-39.551
-38.086
-39.551
-38.086
-36.621
-39.551
-38.086
-38.086
70.314
276.86
417.48
490.72
527.35
541.99
558.11
559.57
558.11
563.96
563.96
566.89
563.96
563.96
565.43
571.29
572.75
572.75
574.22
571.29
577.15
577.15
577.15
577.15
574.22
575.68
569.83
572.75
569.83
566.89
559.57
541.99
530.27
515.63
502.44
500.98
492.19
490.72
483.4
484.87
477.54
476.08
473.14
468.75
467.29
462.89
458.5
455.57
457.03
454.1
454.1
455.57
457.03
454.1
454.1
459.96
459.96
459.96
462.89
458.5
489.26
628.44
698.76
736.8
757.32
767.58
779.28
782.22
782.22
788.1
792.48
795.42
793.92
798.36
802.74
801.24
799.8
801.24
801.24
799.8
796.86
798.36
801.24
798.36
801.24
804.18
807.12
801.24
804.18
808.62
517.09
70.314
-210.94
-427.73
-556.64
-628.44
-660.66
-684.06
-694.32
-700.2
-703.14
-707.52
-713.4
-713.4
-710.46
-711.9
-710.46
-711.9
-708.96
-708.96
-710.46
-719.22
-716.28
-716.28
-717.78
-722.16
-719.22
-722.16
-716.28
-716.28
-612.3
-366.21
-215.33
-134.77
-93.75
-70.314
-51.269
-45.41
-36.621
-26.367
-13.184
-4.3945
1.4648
5.8594
4.3945
2.9297
2.9297
0
0
0
0
0
0
0
0
0
0
0
0
0
87.888
426.27
725.1
887.7
982.92
1040
1072.3
1089.8
1106
1114.7
1117.7
1123.6
1123.6
1126.4
1129.4
1129.4
1136.7
1138.2
1136.7
1142.6
1141.1
1138.2
1139.6
1139.6
1141.1
1141.1
1139.6
1145.5
1144
1144
1057.6
820.32
660.66
565.43
505.37
470.21
451.17
432.13
420.41
405.76
399.9
392.58
383.79
377.93
369.14
367.67
357.42
358.88
351.56
348.63
344.24
344.24
341.31
342.77
339.85
342.77
347.17
344.24
345.7
344.24
366.21
414.55
443.85
464.36
473.14
480.47
480.47
484.87
481.93
487.79
486.33
487.79
483.4
481.93
480.47
481.93
484.87
481.93
484.87
486.33
481.93
487.79
489.26
490.72
490.72
487.79
489.26
489.26
493.65
490.72
433.6
265.13
162.6
106.93
74.706
64.452
45.41
32.227
23.438
19.043
10.254
2.9297
-2.9297
-5.8594
0
0
1.4648
1.4648
-1.4648
0
0
0
0
0
0
0
0
0
0
0
-33.691
-282.71
-413.09
-502.44
-543.46
-563.96
-578.62
-587.4
-588.87
-599.12
-597.65
-597.65
-597.65
-603.54
-600.6
-597.65
-594.73
-596.19
-596.19
-597.65
-596.19
-600.6
-599.12
-602.04
-604.98
-603.54
-603.54
-603.54
-606.42
-609.36
-375
-17.578
183.11
556.64
755.88
890.64
963.84
1009.3
1028.3
1047.4
1054.7
1060.6
1066.4
1067.9
1069.3
1075.2
1078.1
1078.1
1084
1082.5
1082.5
1086.9
1081.1
1082.5
1085.5
1082.5
1088.4
1091.3
1086.9
1088.4
899.4
370.61
14.648
-288.58
-439.45
-561.04
-613.74
-637.2
-653.34
-662.1
-673.8
-676.74
-676.74
-682.62
-684.06
-685.56
-689.94
-687
-684.06
-688.5
-682.62
-684.06
-681.18
-684.06
-685.56
-685.56
-687
-688.5
-691.38
-691.38
-672.36
-585.94
-537.6
-498.05
-477.54
-455.57
-437.99
-426.27
-414.55
-407.23
-401.37
-396.97
-389.65
-386.72
-386.72
-383.79
-383.79
-385.25
-380.86
-382.33
-379.39
-377.93
-377.93
-377.93
-377.93
-379.39
-379.39
-376.46
-372.07
-370.61
-367.67
-527.35
-650.4
-710.46
-741.24
-761.7
-774.9
-780.78
-788.1
-792.48
-796.86
-798.36
-796.86
-798.36
-799.8
-795.42
-795.42
-798.36
-799.8
-799.8
-801.24
-808.62
-805.68
-807.12
-805.68
-805.68
-804.18
-801.24
-801.24
-801.24
-754.38
-541.99
-395.51
-306.15
-260.74
-232.91
-215.33
-203.62
-193.36
-181.64
-172.85
-165.53
-159.67
-150.88
-145.02
-140.63
-134.77
-131.84
-127.44
-127.44
-123.05
-121.58
-123.05
-120.12
-123.05
-120.12
-117.19
-118.65
-117.19
-117.19
-124.51
-442.38
-703.14
-855.48
-944.82
-990.24
-1021
-1041.5
-1053.2
-1059.1
-1067.9
-1072.3
-1073.8
-1075.2
-1072.3
-1079.6
-1078.1
-1081.1
-1085.5
-1084
-1086.9
-1089.8
-1084
-1085.5
-1084
-1082.5
-1085.5
-1089.8
-1088.4
-1092.8
-952.14
-528.81
-222.65
-17.578
139.16
206.54
241.7
259.28
273.92
276.86
281.25
282.71
285.64
285.64
287.11
287.11
288.58
287.11
291.5
290.04
287.11
291.5
291.5
294.43
290.04
291.5
291.5
288.58
291.5
290.04
284.18
499.51
672.36
773.46
820.32
855.48
873.06
883.32
890.64
897.96
899.4
905.28
909.66
909.66
909.66
906.72
912.6
908.22
908.22
916.98
909.66
915.54
916.98
918.48
915.54
915.54
918.48
909.66
915.54
914.04
887.7
719.22
587.4
511.23
459.96
432.13
413.09
395.51
388.18
375
363.28
357.42
344.24
336.91
331.06
323.73
322.27
317.87
317.87
316.4
314.94
316.4
314.94
313.48
313.48
317.87
314.94
319.34
317.87
319.34
253.42
-90.822
-445.31
-802.74
-1000.5
-1129.4
-1201.2
-1240.7
-1270
-1284.7
-1303.7
-1306.6
-1318.4
-1319.8
-1319.8
-1324.2
-1324.2
-1330.1
-1330.1
-1337.4
-1334.5
-1338.8
-1336
-1336
-1334.5
-1336
-1340.3
-1337.4
-1344.7
-1337.4
-1336
-1280.3
-1240.7
-1210
-1188
-1170.4
-1148.5
-1138.2
-1126.4
-1114.7
-1111.8
-1113.3
-1101.5
-1107.4
-1104.5
-1098.7
-1100.1
-1094.2
-1089.8
-1095.7
-1091.3
-1092.8
-1095.7
-1094.2
-1092.8
-1091.3
-1086.9
-1089.8
-1085.5
-1085.5
-1070.8
-868.68
-694.32
-587.4
-517.09
-473.14
-454.1
-430.66
-416.02
-401.37
-392.58
-380.86
-372.07
-366.21
-361.82
-358.88
-355.96
-355.96
-355.96
-353.03
-353.03
-350.1
-350.1
-345.7
-350.1
-348.63
-351.56
-350.1
-350.1
-348.63
-272.46
11.719
241.7
454.1
555.17
610.86
640.14
656.28
667.98
672.36
678.24
675.3
682.62
679.68
682.62
676.74
681.18
681.18
687
682.62
684.06
689.94
689.94
689.94
689.94
689.94
691.38
688.5
688.5
684.06
646.02
250.49
-39.551
-234.38
-361.82
-417.48
-442.38
-455.57
-467.29
-474.61
-479
-477.54
-481.93
-479
-489.26
-489.26
-489.26
-490.72
-486.33
-490.72
-487.79
-493.65
-490.72
-490.72
-489.26
-484.87
-483.4
-483.4
-483.4
-481.93
-484.87
-499.51
-517.09
-530.27
-531.74
-539.06
-537.6
-541.99
-543.46
-544.92
-547.85
-544.92
-546.38
-541.99
-540.53
-546.38
-539.06
-539.06
-534.67
-540.53
-539.06
-544.92
-543.46
-543.46
-543.46
-547.85
-549.32
-549.32
-547.85
-546.38
-486.33
-61.524
333.98
688.5
914.04
1067.9
1132.3
1186.5
1212.9
1230.5
1243.7
1251
1256.8
1253.9
1265.6
1270
1274.4
1275.9
1273
1277.3
1275.9
1280.3
1278.8
1281.7
1287.6
1280.3
1284.7
1280.3
1281.7
1281.7
1273
1136.7
990.24
892.08
830.58
793.92
764.64
745.62
730.98
714.84
707.52
698.76
695.82
691.38
681.18
681.18
673.8
673.8
669.42
660.66
663.6
666.48
662.1
663.6
663.6
663.6
663.6
666.48
665.04
662.1
643.08
757.32
896.46
981.42
1026.8
1047.4
1069.3
1081.1
1085.5
1095.7
1095.7
1098.7
1101.5
1101.5
1103
1108.9
1103
1111.8
1113.3
1108.9
1114.7
1111.8
1108.9
1111.8
1111.8
1114.7
1111.8
1111.8
1119.1
1114.7
1113.3
1110.4
1104.5
1101.5
1104.5
1097.2
1101.5
1095.7
1094.2
1095.7
1088.4
1089.8
1092.8
1088.4
1089.8
1094.2
1091.3
1088.4
1088.4
1085.5
1091.3
1086.9
1085.5
1091.3
1088.4
1091.3
1088.4
1085.5
1088.4
1086.9
1064.9
703.14
375
133.3
14.648
-60.06
-89.358
-101.08
-112.79
-117.19
-117.19
-117.19
-120.12
-118.65
-120.12
-118.65
-121.58
-117.19
-121.58
-118.65
-121.58
-118.65
-118.65
-120.12
-118.65
-121.58
-120.12
-120.12
-118.65
-120.12
-111.33
-156.74
-295.9
-341.31
-366.21
-377.93
-383.79
-389.65
-389.65
-394.04
-394.04
-398.44
-396.97
-398.44
-396.97
-399.9
-399.9
-407.23
-404.3
-405.76
-402.83
-404.3
-404.3
-404.3
-402.83
-408.69
-404.3
-402.83
-401.37
-396.97
-398.44
-445.31
-543.46
-591.8
-613.74
-628.44
-638.7
-648.9
-650.4
-653.34
-653.34
-659.16
-660.66
-660.66
-659.16
-657.72
-659.16
-656.28
-654.78
-651.84
-656.28
-657.72
-657.72
-657.72
-659.16
-662.1
-665.04
-663.6
-662.1
-663.6
-663.6
-646.02
-624
-607.92
-596.19
-585.94
-580.08
-572.75
-568.36
-565.43
-565.43
-563.96
-561.04
-559.57
-559.57
-556.64
-556.64
-550.78
-544.92
-546.38
-543.46
-544.92
-540.53
-539.06
-540.53
-540.53
-547.85
-544.92
-546.38
-544.92
-544.92
-547.85
-544.92
-537.6
-539.06
-530.27
-524.41
-525.88
-522.95
-518.56
-514.16
-512.69
-514.16
-515.63
-517.09
-517.09
-515.63
-518.56
-518.56
-520.02
-522.95
-521.48
-518.56
-518.56
-520.02
-521.48
-515.63
-512.69
-511.23
-512.69
-514.16
-533.2
-558.11
-574.22
-581.54
-590.33
-593.26
-599.12
-596.19
-600.6
-600.6
-604.98
-602.04
-602.04
-596.19
-599.12
-594.73
-599.12
-593.26
-594.73
-599.12
-602.04
-600.6
-603.54
-602.04
-602.04
-607.92
-606.42
-604.98
-603.54
-600.6
-606.42
-610.86
-613.74
-615.24
-618.18
-625.5
-624
-624
-629.88
-631.32
-634.26
-632.82
-631.32
-632.82
-635.76
-631.32
-628.44
-624
-625.5
-628.44
-626.94
-624
-629.88
-629.88
-635.76
-631.32
-635.76
-631.32
-637.2
-635.76
-540.53
-398.44
-322.27
-276.86
-253.42
-235.84
-221.19
-208.01
-194.83
-184.57
-175.78
-165.53
-161.13
-156.74
-149.41
-147.95
-147.95
-146.48
-149.41
-146.48
-147.95
-147.95
-149.41
-150.88
-149.41
-150.88
-146.48
-150.88
-150.88
-149.41
-210.94
-294.43
-347.17
-369.14
-382.33
-392.58
-396.97
-396.97
-402.83
-399.9
-399.9
-399.9
-398.44
-399.9
-396.97
-399.9
-396.97
-394.04
-395.51
-398.44
-396.97
-402.83
-401.37
-402.83
-401.37
-401.37
-405.76
-404.3
-405.76
-481.93
-761.7
-944.82
-1070.8
-1132.3
-1167.5
-1193.8
-1205.6
-1223.2
-1226.1
-1233.4
-1242.2
-1236.3
-1243.7
-1239.2
-1245.1
-1245.1
-1248.1
-1255.4
-1249.5
-1253.9
-1253.9
-1251
-1251
-1251
-1258.3
-1256.8
-1258.3
-1256.8
-1252.4
-906.72
-527.35
-229.98
-19.043
77.634
162.6
194.83
212.4
219.73
224.12
225.59
229.98
227.05
224.12
228.52
225.59
224.12
228.52
225.59
224.12
228.52
227.05
227.05
231.44
227.05
229.98
225.59
231.44
229.98
229.98
174.32
89.358
36.621
14.648
4.3945
0
-2.9297
-1.4648
0
0
0
0
0
0
0
0
0
0
0
0
0
0
0
0
0
0
0
0
0
0
-87.888
-402.83
-585.94
-678.24
-722.16
-745.62
-761.7
-777.84
-777.84
-785.16
-792.48
-795.42
-796.86
-796.86
-802.74
-802.74
-801.24
-799.8
-799.8
-799.8
-796.86
-799.8
-802.74
-802.74
-802.74
-804.18
-805.68
-810.06
-804.18
-805.68
-571.29
-275.39
-65.916
13.184
68.85
89.358
102.54
106.93
108.4
112.79
111.33
114.26
115.72
111.33
114.26
114.26
114.26
112.79
115.72
115.72
114.26
115.72
112.79
115.72
114.26
115.72
115.72
115.72
117.19
118.65
14.648
-161.13
-320.8
-382.33
-413.09
-430.66
-437.99
-445.31
-445.31
-446.78
-451.17
-448.24
-458.5
-455.57
-455.57
-457.03
-459.96
-459.96
-462.89
-462.89
-461.42
-459.96
-462.89
-462.89
-458.5
-462.89
-454.1
-457.03
-452.63
-451.17
-253.42
29.297
263.67
398.44
476.08
517.09
539.06
549.32
555.17
561.04
563.96
569.83
572.75
571.29
572.75
571.29
577.15
578.62
575.68
569.83
572.75
569.83
571.29
571.29
566.89
565.43
569.83
574.22
574.22
574.22
322.27
-36.621
-357.42
-616.68
-786.6
-871.56
-915.54
-943.38
-953.64
-966.78
-974.1
-979.98
-982.92
-991.68
-994.62
-993.18
-999
-997.56
-994.62
-994.62
-996.12
-996.12
-1000.5
-1000.5
-1003.4
-1004.9
-1004.9
-1000.5
-999
-1000.5
-728.04
-241.7
57.129
405.76
672.36
842.28
936.06
981.42
1016.6
1038.6
1048.8
1057.6
1066.4
1067.9
1073.8
1073.8
1072.3
1078.1
1076.6
1079.6
1082.5
1081.1
1085.5
1086.9
1082.5
1085.5
1084
1082.5
1088.4
1085.5
813
323.73
-32.227
-363.28
-660.66
-845.22
-952.14
-1010.8
-1038.6
-1062
-1072.3
-1079.6
-1089.8
-1089.8
-1097.2
-1104.5
-1103
-1106
-1107.4
-1101.5
-1108.9
-1104.5
-1107.4
-1114.7
-1108.9
-1114.7
-1116.2
-1111.8
-1113.3
-1108.9
-1088.4
-1028.3
-979.98
-952.14
-931.62
-911.16
-892.08
-881.82
-868.68
-861.3
-853.98
-852.54
-848.16
-846.66
-848.16
-846.66
-843.78
-840.84
-839.34
-834.96
-834.96
-833.52
-832.02
-827.64
-833.52
-834.96
-836.4
-832.02
-836.4
-837.9
-846.66
-972.66
-1067.9
-1114.7
-1151.3
-1173.4
-1182.1
-1198.3
-1198.3
-1205.6
-1211.4
-1207
-1212.9
-1212.9
-1217.3
-1221.7
-1221.7
-1226.1
-1221.7
-1221.7
-1224.6
-1220.2
-1224.6
-1226.1
-1230.5
-1230.5
-1226.1
-1226.1
-1223.2
-1224.6
-979.98
-479
-104
181.64
503.9
807.12
965.34
1060.6
1116.2
1149.9
1166
1185.1
1189.4
1198.3
1204.1
1208.5
1212.9
1214.3
1215.8
1217.3
1214.3
1221.7
1218.8
1221.7
1226.1
1223.2
1223.2
1221.7
1223.2
1226.1
1127.9
722.16
407.23
209.47
102.54
46.875
17.578
7.3242
1.4648
-4.3945
-2.9297
0
0
0
0
0
0
0
0
0
0
0
0
0
0
0
0
0
0
0
-49.805
-249.02
-414.55
-508.3
-544.92
-566.89
-577.15
-588.87
-591.8
-594.73
-593.26
-593.26
-597.65
-596.19
-593.26
-593.26
-593.26
-596.19
-597.65
-600.6
-597.65
-602.04
-603.54
-604.98
-604.98
-603.54
-606.42
-606.42
-603.54
-600.6
-609.36
-688.5
-739.74
-773.46
-788.1
-802.74
-811.5
-815.94
-817.38
-823.26
-827.64
-824.7
-821.76
-827.64
-823.26
-823.26
-823.26
-827.64
-830.58
-827.64
-830.58
-836.4
-834.96
-832.02
-830.58
-829.08
-827.64
-826.2
-830.58
-830.58
-665.04
-205.08
171.38
553.71
851.1
1021
1111.8
1167.5
1202.6
1221.7
1239.2
1246.6
1253.9
1258.3
1265.6
1268.6
1267.1
1267.1
1271.5
1273
1275.9
1278.8
1283.2
1277.3
1280.3
1278.8
1275.9
1283.2
1280.3
1286.2
1142.6
644.52
213.87
-64.452
-303.22
-490.72
-572.75
-613.74
-646.02
-656.28
-663.6
-673.8
-678.24
-681.18
-682.62
-685.56
-684.06
-688.5
-684.06
-681.18
-681.18
-681.18
-684.06
-681.18
-684.06
-685.56
-688.5
-691.38
-688.5
-688.5
-552.25
-109.87
260.74
600.6
862.8
1021
1100.1
1148.5
1182.1
1201.2
1210
1221.7
1223.2
1231.9
1233.4
1240.7
1243.7
1243.7
1245.1
1243.7
1246.6
1240.7
1249.5
1249.5
1251
1253.9
1252.4
1249.5
1252.4
1252.4
1195.3
801.24
455.57
240.23
118.65
55.664
24.902
5.8594
0
-7.3242
-10.254
-8.7888
-5.8594
0
0
2.9297
0
0
0
0
0
0
0
0
0
0
0
0
0
0
5.8594
51.269
82.032
101.08
105.47
109.87
114.26
114.26
111.33
115.72
112.79
112.79
115.72
114.26
112.79
111.33
115.72
111.33
114.26
114.26
111.33
115.72
112.79
114.26
112.79
115.72
115.72
115.72
115.72
114.26
133.3
347.17
606.42
732.42
805.68
845.22
867.18
878.88
890.64
899.4
899.4
902.34
902.34
903.78
906.72
906.72
911.16
911.16
911.16
918.48
912.6
915.54
916.98
914.04
909.66
916.98
912.6
915.54
915.54
918.48
924.3
991.68
1051.7
1088.4
1110.4
1126.4
1135.3
1144
1145.5
1149.9
1161.6
1152.8
1160.2
1161.6
1160.2
1164.5
1163.1
1166
1170.4
1167.5
1170.4
1167.5
1167.5
1170.4
1166
1170.4
1168.9
1170.4
1173.4
1167.5
1104.5
719.22
369.14
134.77
29.297
-36.621
-65.916
-77.634
-83.496
-86.424
-89.358
-87.888
-90.822
-92.286
-90.822
-87.888
-89.358
-87.888
-89.358
-84.96
-86.424
-87.888
-86.424
-87.888
-83.496
-84.96
-86.424
-86.424
-84.96
-87.888
-89.358
-320.8
-644.52
-859.86
-975.6
-1045.9
-1088.4
-1110.4
-1120.6
-1141.1
-1144
-1147
-1149.9
-1152.8
-1154.3
-1160.2
-1161.6
-1166
-1167.5
-1166
-1167.5
-1163.1
-1168.9
-1166
-1167.5
-1173.4
-1171.9
-1173.4
-1170.4
-1167.5
-1171.9
-1170.4
-1177.7
-1182.1
-1186.5
-1193.8
-1186.5
-1192.4
-1190.9
-1189.4
-1195.3
-1193.8
-1198.3
-1201.2
-1196.8
-1199.7
-1193.8
-1199.7
-1195.3
-1199.7
-1199.7
-1199.7
-1204.1
-1199.7
-1198.3
-1196.8
-1196.8
-1199.7
-1199.7
-1202.6
-1199.7
-1186.5
-1170.4
-1157.2
-1148.5
-1145.5
-1139.6
-1135.3
-1133.8
-1132.3
-1129.4
-1125
-1120.6
-1122.1
-1119.1
-1120.6
-1122.1
-1120.6
-1119.1
-1119.1
-1113.3
-1116.2
-1114.7
-1113.3
-1117.7
-1116.2
-1119.1
-1119.1
-1116.2
-1116.2
-1062
-676.74
-339.85
-169.92
-64.452
4.3945
38.086
49.805
55.664
60.06
64.452
60.06
61.524
65.916
61.524
62.988
64.452
61.524
62.988
62.988
60.06
61.524
64.452
61.524
60.06
61.524
60.06
61.524
58.594
61.524
58.594
52.735
43.945
33.691
26.367
20.508
19.043
11.719
8.7888
5.8594
4.3945
8.7888
10.254
7.3242
5.8594
4.3945
1.4648
0
0
0
0
0
0
0
0
0
0
0
0
0
2.9297
136.23
243.16
304.69
333.98
347.17
358.88
360.35
361.82
366.21
367.67
369.14
369.14
372.07
373.54
372.07
373.54
373.54
376.46
376.46
376.46
377.93
376.46
376.46
376.46
375
376.46
375
373.54
373.54
367.67
476.08
651.84
750
798.36
829.08
845.22
858.42
865.74
868.68
874.5
880.38
876
880.38
880.38
878.88
877.44
880.38
884.76
883.32
883.32
889.14
889.14
886.26
887.7
887.7
883.32
884.76
887.7
883.32
851.1
533.2
191.89
-21.973
-152.35
-218.26
-251.95
-268.07
-276.86
-281.25
-284.18
-285.64
-290.04
-291.5
-288.58
-290.04
-288.58
-282.71
-284.18
-284.18
-282.71
-284.18
-284.18
-282.71
-285.64
-282.71
-284.18
-282.71
-282.71
-284.18
-278.32
-417.48
-755.88
-999
-1113.3
-1202.6
-1240.7
-1268.6
-1289
-1287.6
-1308.1
-1311.1
-1318.4
-1322.8
-1330.1
-1327.1
-1328.6
-1331.5
-1328.6
-1337.4
-1330.1
-1341.8
-1338.8
-1338.8
-1330.1
-1336
-1338.8
-1337.4
-1344.7
-1340.3
-1312.5
-837.9
-372.07
-38.086
281.25
584.47
777.84
906.72
969.72
1006.3
1032.7
1043
1057.6
1064.9
1063.5
1069.3
1070.8
1072.3
1075.2
1075.2
1078.1
1082.5
1079.6
1085.5
1084
1081.1
1082.5
1084
1082.5
1086.9
1062
691.38
288.58
-11.719
-247.56
-367.67
-440.92
-470.21
-492.19
-496.58
-509.77
-508.3
-509.77
-514.16
-512.69
-515.63
-512.69
-511.23
-508.3
-506.84
-512.69
-512.69
-511.23
-511.23
-512.69
-514.16
-518.56
-518.56
-518.56
-518.56
-517.09
-490.72
-448.24
-429.2
-410.15
-388.18
-375
-363.28
-354.49
-345.7
-335.45
-335.45
-325.19
-322.27
-320.8
-314.94
-316.4
-313.48
-320.8
-317.87
-319.34
-317.87
-316.4
-319.34
-316.4
-319.34
-314.94
-322.27
-319.34
-317.87
-317.87
-41.015
310.55
646.02
886.26
1018.1
1089.8
1129.4
1160.2
1174.8
1183.6
1198.3
1195.3
1207
1210
1212.9
1217.3
1214.3
1217.3
1215.8
1214.3
1221.7
1217.3
1224.6
1224.6
1223.2
1224.6
1221.7
1226.1
1224.6
1226.1
1006.3
717.78
503.9
367.67
290.04
246.1
222.65
208.01
188.96
178.71
168.46
155.27
147.95
139.16
131.84
128.9
120.12
120.12
118.65
117.19
118.65
118.65
120.12
117.19
120.12
117.19
120.12
118.65
121.58
117.19
150.88
238.77
275.39
291.5
304.69
307.62
313.48
313.48
316.4
316.4
319.34
317.87
316.4
316.4
317.87
319.34
316.4
316.4
314.94
317.87
310.55
309.08
312.01
309.08
309.08
313.48
314.94
310.55
314.94
52.735
-229.98
-531.74
-744.12
-876
-941.88
-978.54
-999
-1018.1
-1029.8
-1032.7
-1041.5
-1043
-1044.4
-1047.4
-1044.4
-1047.4
-1053.2
-1048.8
-1056.2
-1057.6
-1060.6
-1056.2
-1057.6
-1053.2
-1054.7
-1056.2
-1054.7
-1060.6
-1059.1
-997.56
-878.88
-804.18
-748.56
-717.78
-695.82
-676.74
-659.16
-650.4
-643.08
-637.2
-635.76
-626.94
-625.5
-624
-619.62
-618.18
-613.74
-606.42
-606.42
-603.54
-603.54
-599.12
-599.12
-602.04
-603.54
-602.04
-604.98
-604.98
-606.42
-543.46
-420.41
-344.24
-304.69
-279.79
-263.67
-247.56
-235.84
-222.65
-212.4
-206.54
-193.36
-187.5
-183.11
-177.25
-172.85
-169.92
-172.85
-166.99
-171.38
-169.92
-171.38
-174.32
-171.38
-172.85
-172.85
-175.78
-175.78
-172.85
-175.78
-225.59
-581.54
-814.44
-977.04
-1062
-1103
-1133.8
-1145.5
-1160.2
-1166
-1168.9
-1180.7
-1179.2
-1186.5
-1193.8
-1186.5
-1192.4
-1189.4
-1189.4
-1196.8
-1192.4
-1198.3
-1198.3
-1198.3
-1199.7
-1192.4
-1198.3
-1195.3
-1198.3
-1198.3
-914.04
-489.26
-155.27
29.297
231.44
333.98
391.12
418.94
436.52
445.31
449.71
454.1
454.1
457.03
455.57
458.5
459.96
464.36
457.03
457.03
451.17
455.57
452.63
452.63
455.57
452.63
449.71
457.03
454.1
457.03
243.16
-121.58
-430.66
-698.76
-834.96
-909.66
-946.26
-966.78
-985.86
-999
-1001.9
-1009.3
-1015.1
-1019.5
-1021
-1019.5
-1015.1
-1023.9
-1021
-1019.5
-1026.8
-1026.8
-1026.8
-1032.7
-1031.3
-1025.4
-1028.3
-1026.8
-1023.9
-1029.8
-1041.5
-1142.6
-1214.3
-1248.1
-1275.9
-1283.2
-1300.8
-1306.6
-1312.5
-1319.8
-1321.3
-1328.6
-1327.1
-1327.1
-1328.6
-1333
-1333
-1333
-1338.8
-1338.8
-1337.4
-1336
-1337.4
-1337.4
-1338.8
-1338.8
-1343.3
-1340.3
-1337.4
-1340.3
-1319.8
-1271.5
-1231.9
-1204.1
-1180.7
-1158.7
-1142.6
-1130.9
-1120.6
-1120.6
-1114.7
-1108.9
-1107.4
-1104.5
-1098.7
-1097.2
-1092.8
-1092.8
-1094.2
-1094.2
-1092.8
-1095.7
-1094.2
-1089.8
-1088.4
-1091.3
-1089.8
-1084
-1092.8
-1092.8
-855.48
-369.14
-49.805
200.68
470.21
607.92
689.94
736.8
755.88
771.96
777.84
789.54
791.04
791.04
791.04
793.92
793.92
793.92
795.42
798.36
799.8
799.8
802.74
807.12
801.24
801.24
804.18
802.74
801.24
798.36
750
559.57
424.81
350.1
306.15
284.18
268.07
257.81
243.16
237.31
229.98
218.26
212.4
205.08
202.15
193.36
190.43
186.04
184.57
181.64
180.17
175.78
174.32
175.78
169.92
172.85
171.38
169.92
168.46
171.38
169.92
333.98
430.66
477.54
502.44
517.09
525.88
530.27
533.2
539.06
540.53
543.46
543.46
541.99
547.85
544.92
544.92
549.32
543.46
541.99
540.53
539.06
540.53
537.6
539.06
539.06
540.53
541.99
546.38
543.46
442.38
99.612
-131.84
-297.37
-383.79
-430.66
-457.03
-468.75
-473.14
-476.08
-479
-477.54
-481.93
-477.54
-481.93
-479
-479
-480.47
-481.93
-484.87
-484.87
-486.33
-486.33
-484.87
-492.19
-490.72
-493.65
-489.26
-492.19
-489.26
-495.12
-634.26
-783.72
-853.98
-893.58
-916.98
-930.18
-943.38
-953.64
-953.64
-960.96
-963.84
-966.78
-963.84
-966.78
-965.34
-963.84
-972.66
-969.72
-969.72
-975.6
-978.54
-974.1
-975.6
-972.66
-969.72
-974.1
-971.22
-971.22
-975.6
-919.92
-631.32
-411.62
-279.79
-200.68
-161.13
-137.69
-121.58
-109.87
-98.142
-87.888
-74.706
-65.916
-55.664
-46.875
-42.481
-36.621
-35.156
-32.227
-33.691
-29.297
-30.762
-30.762
-29.297
-27.832
-30.762
-30.762
-30.762
-33.691
-27.832
-7.3242
146.48
235.84
287.11
309.08
326.66
331.06
336.91
339.85
339.85
342.77
345.7
344.24
348.63
344.24
350.1
345.7
345.7
345.7
347.17
348.63
351.56
345.7
347.17
341.31
341.31
339.85
341.31
336.91
341.31
332.52
585.94
833.52
1019.5
1119.1
1168.9
1208.5
1224.6
1236.3
1249.5
1253.9
1259.8
1262.7
1267.1
1271.5
1271.5
1277.3
1274.4
1277.3
1277.3
1275.9
1281.7
1281.7
1283.2
1281.7
1284.7
1280.3
1281.7
1284.7
1280.3
1177.7
689.94
265.13
-45.41
-288.58
-461.42
-552.25
-594.73
-616.68
-634.26
-638.7
-647.46
-653.34
-653.34
-653.34
-654.78
-654.78
-651.84
-651.84
-650.4
-653.34
-656.28
-657.72
-656.28
-657.72
-662.1
-663.6
-662.1
-660.66
-663.6
-651.84
-553.71
-470.21
-423.34
-399.9
-377.93
-364.75
-350.1
-336.91
-329.59
-323.73
-317.87
-313.48
-306.15
-307.62
-303.22
-303.22
-300.29
-295.9
-294.43
-294.43
-291.5
-291.5
-292.97
-294.43
-291.5
-291.5
-292.97
-287.11
-288.58
-290.04
-347.17
-411.62
-442.38
-457.03
-468.75
-471.68
-476.08
-477.54
-477.54
-487.79
-487.79
-486.33
-487.79
-484.87
-490.72
-490.72
-493.65
-492.19
-492.19
-487.79
-486.33
-487.79
-484.87
-486.33
-481.93
-481.93
-479
-484.87
-486.33
-490.72
-569.83
-704.58
-766.14
-801.24
-820.32
-826.2
-839.34
-842.28
-842.28
-843.78
-846.66
-848.16
-848.16
-856.92
-856.92
-855.48
-861.3
-862.8
-858.42
-858.42
-858.42
-855.48
-853.98
-856.92
-859.86
-858.42
-861.3
-861.3
-867.18
-801.24
-342.77
-36.621
191.89
520.02
710.46
830.58
893.58
930.18
949.2
969.72
972.66
977.04
982.92
982.92
985.86
991.68
988.74
996.12
994.62
996.12
1003.4
997.56
996.12
999
999
994.62
1000.5
1003.4
997.56
990.24
713.4
436.52
259.28
156.74
104
74.706
60.06
45.41
35.156
21.973
11.719
4.3945
1.4648
-2.9297
-2.9297
-1.4648
-1.4648
0
0
0
0
0
0
0
0
0
0
0
0
5.8594
212.4
500.98
735.36
834.96
893.58
930.18
952.14
962.4
974.1
981.42
981.42
987.3
988.74
985.86
991.68
994.62
993.18
994.62
999
997.56
1000.5
1000.5
997.56
999
996.12
997.56
1001.9
999
1000.5
965.34
537.6
61.524
-288.58
-563.96
-748.56
-853.98
-906.72
-940.44
-959.46
-968.28
-974.1
-978.54
-981.42
-984.36
-984.36
-988.74
-993.18
-996.12
-997.56
-1001.9
-1000.5
-999
-999
-996.12
-997.56
-1001.9
-1000.5
-1003.4
-1004.9
-974.1
-543.46
-149.41
137.69
399.9
566.89
659.16
701.64
726.54
742.68
748.56
755.88
763.2
763.2
764.64
764.64
767.58
764.64
761.7
769.02
770.52
767.58
771.96
771.96
777.84
770.52
776.34
774.9
774.9
769.02
771.96
827.64
994.62
1076.6
1126.4
1154.3
1176.2
1188
1189.4
1202.6
1199.7
1207
1211.4
1211.4
1218.8
1218.8
1220.2
1218.8
1218.8
1221.7
1220.2
1223.2
1223.2
1226.1
1229
1223.2
1224.6
1223.2
1223.2
1226.1
1220.2
956.52
563.96
300.29
145.02
68.85
24.902
7.3242
1.4648
-2.9297
-1.4648
-1.4648
0
0
0
0
0
0
0
0
0
0
0
0
0
0
0
0
0
0
0
0
0
0
0
0
0
0
0
0
0
0
0
0
0
0
0
0
0
0
0
0
0
0
0
0
0
0
0
0
0
-134.77
-459.96
-703.14
-823.26
-890.64
-927.24
-952.14
-963.84
-972.66
-978.54
-978.54
-982.92
-985.86
-984.36
-990.24
-997.56
-996.12
-997.56
-1001.9
-1000.5
-997.56
-999
-997.56
-997.56
-1000.5
-1003.4
-1001.9
-1004.9
-1001.9
-663.6
-310.55
-77.634
90.822
184.57
232.91
256.35
268.07
273.92
278.32
281.25
281.25
282.71
282.71
287.11
288.58
288.58
285.64
291.5
291.5
290.04
291.5
287.11
290.04
290.04
290.04
292.97
290.04
292.97
291.5
130.37
-124.51
-247.56
-326.66
-360.35
-376.46
-385.25
-389.65
-398.44
-398.44
-401.37
-402.83
-404.3
-401.37
-401.37
-398.44
-399.9
-398.44
-396.97
-396.97
-395.51
-394.04
-394.04
-394.04
-398.44
-398.44
-401.37
-399.9
-402.83
-399.9
-183.11
120.12
338.38
458.5
521.48
553.71
568.36
578.62
580.08
588.87
587.4
590.33
590.33
588.87
597.65
597.65
599.12
599.12
599.12
604.98
604.98
603.54
604.98
602.04
600.6
600.6
600.6
594.73
594.73
597.65
442.38
221.19
96.678
20.508
-7.3242
-26.367
-30.762
-33.691
-38.086
-35.156
-38.086
-36.621
-36.621
-35.156
-33.691
-35.156
-36.621
-36.621
-35.156
-30.762
-35.156
-32.227
-35.156
-33.691
-35.156
-33.691
-30.762
-32.227
-30.762
-32.227
-108.4
-347.17
-541.99
-640.14
-689.94
-720.72
-732.42
-742.68
-755.88
-760.26
-761.7
-763.2
-770.52
-773.46
-770.52
-770.52
-769.02
-771.96
-764.64
-769.02
-769.02
-769.02
-770.52
-770.52
-779.28
-773.46
-776.34
-777.84
-777.84
-773.46
-745.62
-685.56
-651.84
-621.12
-602.04
-588.87
-577.15
-566.89
-561.04
-553.71
-547.85
-541.99
-543.46
-537.6
-534.67
-525.88
-522.95
-520.02
-517.09
-517.09
-514.16
-514.16
-514.16
-515.63
-517.09
-518.56
-518.56
-518.56
-518.56
-522.95
-492.19
-417.48
-370.61
-341.31
-326.66
-309.08
-297.37
-282.71
-273.92
-265.13
-256.35
-247.56
-240.23
-237.31
-231.44
-229.98
-228.52
-228.52
-232.91
-231.44
-229.98
-232.91
-231.44
-232.91
-231.44
-231.44
-232.91
-232.91
-234.38
-232.91
-147.95
-17.578
71.778
109.87
127.44
137.69
142.09
143.56
147.95
147.95
147.95
149.41
150.88
146.48
149.41
150.88
147.95
149.41
147.95
143.56
145.02
145.02
142.09
140.63
142.09
142.09
142.09
143.56
142.09
142.09
205.08
388.18
552.25
635.76
673.8
697.26
716.28
725.1
726.54
730.98
738.3
739.74
738.3
739.74
742.68
739.74
738.3
735.36
741.24
741.24
739.74
742.68
742.68
747.06
747.06
745.62
748.56
748.56
745.62
739.74
572.75
181.64
-140.63
-323.73
-473.14
-539.06
-574.22
-591.8
-604.98
-609.36
-616.68
-622.56
-626.94
-625.5
-628.44
-626.94
-634.26
-632.82
-632.82
-628.44
-625.5
-626.94
-625.5
-626.94
-624
-624
-629.88
-631.32
-631.32
-631.32
-635.76
-848.16
-1019.5
-1116.2
-1171.9
-1196.8
-1223.2
-1237.8
-1245.1
-1258.3
-1259.8
-1267.1
-1267.1
-1268.6
-1271.5
-1270
-1275.9
-1274.4
-1283.2
-1283.2
-1278.8
-1280.3
-1278.8
-1281.7
-1281.7
-1286.2
-1283.2
-1286.2
-1281.7
-1280.3
-1050.3
-533.2
-114.26
209.47
547.85
824.7
996.12
1108.9
1164.5
1195.3
1223.2
1237.8
1246.6
1256.8
1261.3
1265.6
1264.1
1268.6
1271.5
1270
1274.4
1275.9
1281.7
1278.8
1273
1280.3
1277.3
1280.3
1280.3
1283.2
1092.8
515.63
117.19
-177.25
-559.57
-789.54
-936.06
-1006.3
-1051.7
-1081.1
-1095.7
-1108.9
-1116.2
-1114.7
-1120.6
-1125
-1125
-1133.8
-1133.8
-1135.3
-1141.1
-1136.7
-1141.1
-1135.3
-1136.7
-1142.6
-1138.2
-1145.5
-1144
-1142.6
-968.28
-468.75
-90.822
231.44
583.01
792.48
950.7
1031.3
1076.6
1103
1120.6
1135.3
1139.6
1147
1148.5
1151.3
1155.8
1157.2
1163.1
1160.2
1164.5
1167.5
1163.1
1168.9
1167.5
1167.5
1168.9
1167.5
1170.4
1171.9
1164.5
1144
1116.2
1097.2
1086.9
1072.3
1067.9
1062
1053.2
1051.7
1047.4
1038.6
1041.5
1038.6
1035.7
1038.6
1034.2
1034.2
1035.7
1032.7
1029.8
1031.3
1029.8
1029.8
1032.7
1028.3
1032.7
1032.7
1029.8
1028.3
936.06
525.88
171.38
-20.508
-147.95
-210.94
-246.1
-265.13
-272.46
-275.39
-278.32
-281.25
-281.25
-281.25
-281.25
-282.71
-284.18
-285.64
-284.18
-287.11
-285.64
-285.64
-290.04
-288.58
-285.64
-290.04
-290.04
-287.11
-294.43
-291.5
-210.94
150.88
442.38
665.04
779.28
842.28
874.5
893.58
909.66
915.54
918.48
922.86
928.74
930.18
934.56
937.5
938.94
936.06
938.94
938.94
936.06
937.5
940.44
937.5
941.88
943.38
943.38
944.82
946.26
943.38
941.88
1009.3
1060.6
1095.7
1117.7
1127.9
1142.6
1144
1148.5
1149.9
1152.8
1154.3
1158.7
1158.7
1166
1163.1
1166
1166
1161.6
1166
1167.5
1167.5
1170.4
1168.9
1171.9
1171.9
1168.9
1170.4
1167.5
1166
1170.4
1144
1125
1106
1086.9
1076.6
1062
1059.1
1054.7
1050.3
1044.4
1047.4
1044.4
1038.6
1037.1
1032.7
1034.2
1034.2
1031.3
1032.7
1034.2
1032.7
1032.7
1031.3
1026.8
1029.8
1028.3
1026.8
1031.3
1028.3
949.2
474.61
109.87
-137.69
-414.55
-593.26
-682.62
-728.04
-752.94
-769.02
-777.84
-785.16
-786.6
-789.54
-785.16
-791.04
-792.48
-792.48
-795.42
-799.8
-801.24
-802.74
-802.74
-805.68
-804.18
-802.74
-801.24
-801.24
-799.8
-798.36
-792.48
-868.68
-938.94
-978.54
-1006.3
-1018.1
-1025.4
-1032.7
-1034.2
-1040
-1041.5
-1043
-1051.7
-1051.7
-1054.7
-1054.7
-1057.6
-1050.3
-1056.2
-1050.3
-1054.7
-1057.6
-1059.1
-1057.6
-1064.9
-1057.6
-1056.2
-1059.1
-1053.2
-1057.6
-1043
-785.16
-527.35
-361.82
-260.74
-208.01
-177.25
-159.67
-147.95
-137.69
-128.9
-118.65
-111.33
-98.142
-92.286
-84.96
-77.634
-70.314
-68.85
-62.988
-60.06
-61.524
-61.524
-58.594
-57.129
-60.06
-58.594
-58.594
-55.664
-58.594
-46.875
181.64
499.51
719.22
829.08
895.02
928.74
953.64
965.34
969.72
978.54
982.92
981.42
984.36
988.74
988.74
991.68
996.12
997.56
997.56
1000.5
997.56
997.56
997.56
997.56
1000.5
999
1000.5
1003.4
1003.4
962.4
496.58
52.735
-216.8
-561.04
-771.96
-900.9
-968.28
-1007.8
-1032.7
-1044.4
-1056.2
-1060.6
-1064.9
-1064.9
-1069.3
-1067.9
-1073.8
-1079.6
-1078.1
-1084
-1085.5
-1079.6
-1084
-1081.1
-1079.6
-1085.5
-1084
-1085.5
-1091.3
-1088.4
-1091.3
-1092.8
-1095.7
-1098.7
-1101.5
-1101.5
-1110.4
-1108.9
-1111.8
-1114.7
-1107.4
-1108.9
-1111.8
-1107.4
-1111.8
-1114.7
-1116.2
-1119.1
-1111.8
-1113.3
-1114.7
-1108.9
-1113.3
-1113.3
-1116.2
-1119.1
-1114.7
-1117.7
-1114.7
-1088.4
-641.58
-199.22
115.72
436.52
679.68
801.24
880.38
918.48
941.88
956.52
972.66
972.66
981.42
988.74
987.3
988.74
993.18
988.74
990.24
994.62
994.62
997.56
997.56
1000.5
1001.9
999
999
1000.5
999
997.56
890.64
757.32
670.92
612.3
581.54
562.5
543.46
533.2
517.09
500.98
495.12
486.33
481.93
476.08
470.21
467.29
462.89
462.89
462.89
464.36
465.82
461.42
459.96
462.89
462.89
462.89
462.89
462.89
464.36
454.1
77.634
-216.8
-599.12
-859.86
-1032.7
-1119.1
-1177.7
-1208.5
-1224.6
-1237.8
-1245.1
-1251
-1256.8
-1264.1
-1270
-1270
-1277.3
-1270
-1274.4
-1274.4
-1275.9
-1283.2
-1278.8
-1286.2
-1283.2
-1281.7
-1280.3
-1281.7
-1280.3
-1283.2
-893.58
-462.89
-99.612
152.35
357.42
473.14
525.88
555.17
569.83
583.01
587.4
596.19
593.26
593.26
597.65
594.73
596.19
593.26
593.26
590.33
596.19
596.19
597.65
594.73
600.6
602.04
603.54
602.04
602.04
241.7
-162.6
-591.8
-868.68
-1070.8
-1177.7
-1240.7
-1278.8
-1299.3
-1316.9
-1319.8
-1334.5
-1341.8
-1347.7
-1350.6
-1355
-1356.4
-1355
-1359.4
-1359.4
-1363.7
-1362.3
-1369.6
-1365.2
-1365.2
-1363.7
-1363.7
-1368.2
-1366.7
-1374
-1018.1
-562.5
-178.71
68.85
269.53
443.85
524.41
562.5
588.87
603.54
610.86
615.24
619.62
622.56
626.94
629.88
626.94
629.88
628.44
632.82
628.44
625.5
624
625.5
626.94
624
625.5
628.44
631.32
629.88
301.76
-131.84
-500.98
-786.6
-965.34
-1062
-1114.7
-1144
-1168.9
-1179.2
-1188
-1202.6
-1202.6
-1211.4
-1211.4
-1212.9
-1215.8
-1214.3
-1218.8
-1220.2
-1221.7
-1224.6
-1223.2
-1227.5
-1223.2
-1223.2
-1226.1
-1224.6
-1227.5
-1226.1
-897.96
-410.15
-51.269
229.98
509.77
679.68
758.76
807.12
834.96
846.66
859.86
867.18
873.06
868.68
877.44
874.5
873.06
880.38
881.82
880.38
881.82
884.76
889.14
884.76
887.7
887.7
883.32
881.82
884.76
886.26
745.62
483.4
303.22
199.22
143.56
112.79
96.678
86.424
79.104
67.38
61.524
54.199
48.34
39.551
35.156
27.832
21.973
17.578
14.648
17.578
16.113
11.719
8.7888
10.254
13.184
11.719
10.254
8.7888
4.3945
8.7888
45.41
262.21
373.54
439.45
470.21
486.33
499.51
499.51
500.98
505.37
505.37
506.84
511.23
509.77
511.23
511.23
515.63
517.09
518.56
518.56
517.09
518.56
520.02
520.02
520.02
517.09
512.69
512.69
512.69
512.69
527.35
710.46
833.52
897.96
928.74
952.14
965.34
977.04
977.04
981.42
985.86
984.36
988.74
990.24
990.24
993.18
1000.5
999
996.12
1000.5
997.56
996.12
999
996.12
1000.5
999
1000.5
1004.9
1004.9
1003.4
722.16
251.95
-121.58
-505.37
-802.74
-996.12
-1117.7
-1179.2
-1221.7
-1248.1
-1262.7
-1271.5
-1274.4
-1284.7
-1284.7
-1292
-1294.9
-1300.8
-1303.7
-1299.3
-1302.2
-1300.8
-1306.6
-1303.7
-1308.1
-1308.1
-1308.1
-1309.6
-1306.6
-1309.6
-1294.9
-1249.5
-1221.7
-1190.9
-1173.4
-1152.8
-1138.2
-1127.9
-1119.1
-1113.3
-1108.9
-1107.4
-1107.4
-1101.5
-1098.7
-1097.2
-1089.8
-1094.2
-1094.2
-1086.9
-1097.2
-1094.2
-1089.8
-1094.2
-1088.4
-1088.4
-1086.9
-1086.9
-1091.3
-1091.3
-1098.7
-1139.6
-1158.7
-1174.8
-1189.4
-1192.4
-1204.1
-1205.6
-1208.5
-1217.3
-1214.3
-1217.3
-1217.3
-1215.8
-1221.7
-1220.2
-1227.5
-1226.1
-1224.6
-1226.1
-1221.7
-1224.6
-1221.7
-1224.6
-1229
-1227.5
-1231.9
-1224.6
-1224.6
-1224.6
-1217.3
-1199.7
-1174.8
-1158.7
-1145.5
-1129.4
-1123.6
-1114.7
-1107.4
-1107.4
-1104.5
-1103
-1104.5
-1095.7
-1101.5
-1092.8
-1088.4
-1094.2
-1089.8
-1088.4
-1092.8
-1091.3
-1091.3
-1089.8
-1086.9
-1089.8
-1086.9
-1084
-1089.8
-1088.4
-1101.5
-1183.6
-1242.2
-1277.3
-1300.8
-1318.4
-1327.1
-1338.8
-1344.7
-1347.7
-1353.5
-1350.6
-1357.9
-1352
-1356.4
-1362.3
-1363.7
-1365.2
-1362.3
-1365.2
-1362.3
-1368.2
-1365.2
-1371.1
-1366.7
-1369.6
-1363.7
-1368.2
-1368.2
-1366.7
-1168.9
-669.42
-237.31
84.96
429.2
733.86
949.2
1059.1
1122.1
1166
1189.4
1207
1215.8
1221.7
1230.5
1231.9
1236.3
1240.7
1242.2
1249.5
1242.2
1249.5
1245.1
1245.1
1252.4
1251
1253.9
1253.9
1255.4
1252.4
1125
695.82
366.21
131.84
-30.762
-104
-139.16
-156.74
-165.53
-168.46
-172.85
-175.78
-172.85
-174.32
-174.32
-175.78
-174.32
-174.32
-175.78
-171.38
-171.38
-172.85
-172.85
-169.92
-171.38
-168.46
-169.92
-171.38
-171.38
-166.99
-101.08
197.75
487.79
687
791.04
846.66
881.82
896.46
911.16
919.92
925.8
924.3
931.62
930.18
930.18
936.06
936.06
936.06
938.94
940.44
940.44
943.38
943.38
938.94
940.44
941.88
940.44
940.44
944.82
943.38
915.54
717.78
552.25
448.24
388.18
351.56
328.13
316.4
297.37
287.11
276.86
268.07
257.81
251.95
244.63
235.84
237.31
234.38
234.38
234.38
232.91
234.38
234.38
234.38
234.38
234.38
232.91
234.38
232.91
234.38
196.29
108.4
33.691
-8.7888
-26.367
-30.762
-32.227
-33.691
-41.015
-36.621
-36.621
-36.621
-35.156
-38.086
-35.156
-39.551
-36.621
-38.086
-38.086
-35.156
-36.621
-38.086
-38.086
-39.551
-36.621
-38.086
-35.156
-38.086
-38.086
-38.086
-62.988
-241.7
-448.24
-558.11
-610.86
-640.14
-651.84
-663.6
-666.48
-669.42
-670.92
-675.3
-679.68
-679.68
-681.18
-681.18
-691.38
-688.5
-685.56
-691.38
-688.5
-687
-687
-682.62
-682.62
-685.56
-681.18
-685.56
-685.56
-687
-688.5
-646.02
-613.74
-591.8
-577.15
-561.04
-541.99
-534.67
-522.95
-515.63
-509.77
-503.9
-499.51
-495.12
-493.65
-496.58
-495.12
-495.12
-492.19
-492.19
-490.72
-495.12
-493.65
-495.12
-489.26
-490.72
-486.33
-489.26
-486.33
-484.87
-426.27
-200.68
-13.184
76.17
121.58
145.02
156.74
162.6
165.53
166.99
171.38
166.99
172.85
168.46
171.38
171.38
169.92
171.38
172.85
171.38
171.38
174.32
172.85
174.32
175.78
175.78
174.32
175.78
177.25
178.71
180.17
354.49
604.98
769.02
846.66
892.08
912.6
931.62
940.44
946.26
949.2
953.64
958.02
958.02
968.28
963.84
968.28
969.72
966.78
966.78
966.78
966.78
969.72
969.72
971.22
972.66
975.6
972.66
968.28
972.66
925.8
452.63
55.664
-262.21
-500.98
-656.28
-723.66
-755.88
-783.72
-796.86
-804.18
-807.12
-817.38
-818.82
-824.7
-821.76
-829.08
-826.2
-821.76
-824.7
-823.26
-826.2
-823.26
-827.64
-833.52
-830.58
-827.64
-836.4
-836.4
-830.58
-814.44
-936.06
-1084
-1188
-1249.5
-1280.3
-1309.6
-1319.8
-1334.5
-1336
-1341.8
-1341.8
-1347.7
-1355
-1355
-1359.4
-1357.9
-1360.9
-1357.9
-1362.3
-1363.7
-1360.9
-1368.2
-1365.2
-1365.2
-1363.7
-1366.7
-1365.2
-1372.6
-1366.7
-1369.6
-1283.2
-1190.9
-1132.3
-1085.5
-1063.5
-1038.6
-1021
-1003.4
-993.18
-977.04
-975.6
-968.28
-958.02
-962.4
-959.46
-959.46
-958.02
-956.52
-953.64
-949.2
-947.76
-943.38
-943.38
-949.2
-946.26
-943.38
-950.7
-950.7
-947.76
-924.3
-588.87
-295.9
-98.142
-13.184
42.481
61.524
77.634
79.104
82.032
84.96
84.96
83.496
87.888
84.96
86.424
87.888
86.424
87.888
84.96
86.424
87.888
86.424
89.358
86.424
84.96
87.888
86.424
87.888
86.424
89.358
177.25
480.47
638.7
735.36
782.22
804.18
821.76
833.52
839.34
840.84
845.22
846.66
845.22
846.66
851.1
852.54
852.54
855.48
856.92
858.42
859.86
858.42
858.42
855.48
855.48
855.48
855.48
858.42
858.42
859.86
823.26
780.78
752.94
726.54
707.52
689.94
682.62
669.42
659.16
656.28
654.78
651.84
647.46
644.52
643.08
647.46
643.08
640.14
638.7
635.76
634.26
631.32
628.44
628.44
629.88
629.88
631.32
628.44
632.82
632.82
563.96
470.21
413.09
380.86
363.28
344.24
331.06
316.4
309.08
295.9
284.18
278.32
272.46
266.6
260.74
262.21
260.74
260.74
257.81
259.28
257.81
260.74
257.81
260.74
259.28
259.28
259.28
262.21
263.67
260.74
-17.578
-391.12
-706.08
-887.7
-1022.5
-1078.1
-1110.4
-1139.6
-1148.5
-1161.6
-1173.4
-1174.8
-1185.1
-1183.6
-1182.1
-1188
-1186.5
-1189.4
-1193.8
-1193.8
-1195.3
-1201.2
-1195.3
-1195.3
-1192.4
-1196.8
-1198.3
-1199.7
-1201.2
-1215.8
-1239.2
-1258.3
-1265.6
-1275.9
-1283.2
-1290.5
-1297.9
-1293.5
-1299.3
-1296.4
-1297.9
-1303.7
-1303.7
-1309.6
-1309.6
-1311.1
-1306.6
-1309.6
-1306.6
-1308.1
-1313.9
-1311.1
-1316.9
-1309.6
-1312.5
-1308.1
-1308.1
-1312.5
-1313.9
-984.36
-543.46
-177.25
60.06
216.8
345.7
395.51
420.41
433.6
445.31
446.78
452.63
452.63
455.57
458.5
461.42
458.5
459.96
457.03
459.96
459.96
455.57
455.57
455.57
449.71
452.63
454.1
451.17
455.57
455.57
448.24
437.99
426.27
421.88
413.09
407.23
401.37
396.97
395.51
391.12
388.18
391.12
383.79
382.33
377.93
373.54
372.07
370.61
369.14
372.07
370.61
367.67
367.67
370.61
367.67
372.07
372.07
375
375
376.46
401.37
446.78
476.08
493.65
499.51
508.3
508.3
508.3
509.77
512.69
511.23
511.23
508.3
508.3
506.84
509.77
512.69
514.16
514.16
515.63
515.63
517.09
518.56
521.48
518.56
518.56
520.02
518.56
517.09
514.16
268.07
-98.142
-386.72
-597.65
-710.46
-769.02
-798.36
-818.82
-832.02
-836.4
-843.78
-848.16
-846.66
-845.22
-848.16
-848.16
-846.66
-852.54
-855.48
-853.98
-856.92
-861.3
-862.8
-856.92
-861.3
-859.86
-853.98
-853.98
-858.42
-858.42
-846.66
-824.7
-807.12
-789.54
-774.9
-769.02
-755.88
-747.06
-738.3
-733.86
-733.86
-726.54
-726.54
-726.54
-729.48
-725.1
-726.54
-723.66
-730.98
-722.16
-720.72
-719.22
-716.28
-716.28
-714.84
-713.4
-716.28
-720.72
-717.78
-716.28
-454.1
-32.227
339.85
634.26
818.82
908.22
960.96
988.74
1007.8
1023.9
1023.9
1034.2
1038.6
1037.1
1045.9
1050.3
1045.9
1053.2
1051.7
1048.8
1054.7
1048.8
1054.7
1056.2
1056.2
1056.2
1060.6
1053.2
1057.6
1054.7
791.04
254.88
-127.44
-499.51
-754.38
-938.94
-1034.2
-1085.5
-1120.6
-1138.2
-1158.7
-1167.5
-1173.4
-1182.1
-1179.2
-1180.7
-1185.1
-1185.1
-1189.4
-1193.8
-1193.8
-1199.7
-1192.4
-1199.7
-1190.9
-1195.3
-1195.3
-1196.8
-1199.7
-1202.6
-1173.4
-1082.5
-1015.1
-972.66
-946.26
-918.48
-905.28
-895.02
-880.38
-870.12
-867.18
-858.42
-848.16
-846.66
-843.78
-840.84
-836.4
-840.84
-840.84
-837.9
-839.34
-840.84
-834.96
-834.96
-833.52
-832.02
-826.2
-830.58
-832.02
-830.58
-810.06
-732.42
-682.62
-646.02
-618.18
-602.04
-584.47
-574.22
-559.57
-549.32
-543.46
-537.6
-537.6
-534.67
-527.35
-528.81
-525.88
-528.81
-524.41
-530.27
-522.95
-524.41
-522.95
-520.02
-521.48
-518.56
-514.16
-511.23
-512.69
-512.69
-432.13
-177.25
-55.664
20.508
55.664
70.314
79.104
83.496
83.496
84.96
87.888
84.96
86.424
87.888
86.424
87.888
84.96
84.96
86.424
86.424
86.424
84.96
84.96
84.96
86.424
86.424
84.96
84.96
86.424
86.424
39.551
-169.92
-292.97
-369.14
-405.76
-426.27
-437.99
-442.38
-449.71
-449.71
-449.71
-459.96
-458.5
-461.42
-457.03
-458.5
-461.42
-459.96
-462.89
-462.89
-458.5
-458.5
-455.57
-455.57
-449.71
-458.5
-452.63
-448.24
-455.57
-452.63
-417.48
-240.23
-117.19
-51.269
-24.902
-7.3242
0
5.8594
2.9297
1.4648
0
0
0
0
0
0
0
0
0
0
0
0
0
0
0
0
0
0
0
0
0
-159.67
-452.63
-678.24
-798.36
-870.12
-902.34
-925.8
-936.06
-946.26
-944.82
-950.7
-958.02
-955.08
-963.84
-966.78
-968.28
-969.72
-972.66
-969.72
-969.72
-968.28
-968.28
-968.28
-971.22
-972.66
-974.1
-978.54
-977.04
-972.66
-972.66
-903.78
-799.8
-742.68
-707.52
-679.68
-662.1
-647.46
-635.76
-626.94
-615.24
-609.36
-603.54
-599.12
-593.26
-587.4
-580.08
-580.08
-578.62
-580.08
-577.15
-575.68
-577.15
-580.08
-578.62
-581.54
-578.62
-575.68
-583.01
-578.62
-575.68
-646.02
-855.48
-978.54
-1043
-1084
-1113.3
-1126.4
-1138.2
-1149.9
-1144
-1155.8
-1151.3
-1152.8
-1161.6
-1160.2
-1163.1
-1168.9
-1166
-1168.9
-1167.5
-1167.5
-1167.5
-1164.5
-1170.4
-1171.9
-1173.4
-1173.4
-1168.9
-1170.4
-1166
-750
-309.08
38.086
423.34
732.42
922.86
1043
1098.7
1142.6
1163.1
1177.7
1192.4
1193.8
1202.6
1211.4
1210
1212.9
1211.4
1215.8
1220.2
1217.3
1221.7
1223.2
1227.5
1223.2
1221.7
1226.1
1223.2
1227.5
791.04
298.83
-67.38
-389.65
-653.34
-815.94
-899.4
-943.38
-972.66
-988.74
-996.12
-1001.9
-1004.9
-1010.8
-1006.3
-1019.5
-1016.6
-1019.5
-1025.4
-1026.8
-1026.8
-1028.3
-1025.4
-1022.5
-1026.8
-1025.4
-1026.8
-1031.3
-1031.3
-1032.7
-697.26
-273.92
-7.3242
206.54
382.33
470.21
514.16
533.2
547.85
559.57
562.5
565.43
568.36
569.83
571.29
577.15
572.75
571.29
571.29
568.36
568.36
571.29
568.36
565.43
568.36
574.22
572.75
575.68
571.29
575.68
224.12
-96.678
-449.71
-640.14
-747.06
-799.8
-829.08
-845.22
-853.98
-862.8
-861.3
-870.12
-871.56
-876
-877.44
-883.32
-883.32
-884.76
-887.7
-887.7
-883.32
-881.82
-884.76
-880.38
-881.82
-887.7
-889.14
-887.7
-890.64
-892.08
-916.98
-1000.5
-1048.8
-1070.8
-1094.2
-1104.5
-1113.3
-1123.6
-1126.4
-1126.4
-1132.3
-1129.4
-1132.3
-1136.7
-1133.8
-1138.2
-1142.6
-1142.6
-1142.6
-1142.6
-1141.1
-1139.6
-1138.2
-1144
-1141.1
-1147
-1145.5
-1145.5
-1144
-1142.6
-792.48
-336.91
4.3945
304.69
552.25
700.2
771.96
813
833.52
846.66
861.3
864.24
871.56
873.06
878.88
878.88
881.82
881.82
880.38
877.44
883.32
884.76
880.38
884.76
889.14
884.76
887.7
890.64
887.7
884.76
681.18
370.61
197.75
73.242
27.832
2.9297
-13.184
-10.254
-10.254
-7.3242
-5.8594
-5.8594
-8.7888
-10.254
-11.719
-7.3242
-7.3242
-1.4648
-2.9297
-1.4648
-2.9297
-1.4648
-1.4648
-1.4648
-2.9297
-4.3945
-5.8594
-8.7888
-5.8594
-5.8594
58.594
345.7
687
903.78
1050.3
1114.7
1158.7
1190.9
1202.6
1217.3
1221.7
1229
1233.4
1233.4
1243.7
1239.2
1249.5
1249.5
1245.1
1251
1246.6
1251
1252.4
1252.4
1256.8
1252.4
1255.4
1249.5
1253.9
1253.9
931.62
429.2
48.34
-298.83
-568.36
-751.44
-842.28
-887.7
-915.54
-928.74
-941.88
-944.82
-946.26
-956.52
-958.02
-956.52
-966.78
-966.78
-966.78
-972.66
-969.72
-965.34
-971.22
-968.28
-965.34
-972.66
-972.66
-972.66
-972.66
-978.54
-927.24
-808.62
-739.74
-688.5
-656.28
-632.82
-624
-606.42
-596.19
-587.4
-581.54
-577.15
-575.68
-569.83
-565.43
-559.57
-559.57
-556.64
-550.78
-547.85
-543.46
-543.46
-546.38
-544.92
-541.99
-546.38
-544.92
-547.85
-547.85
-549.32
-325.19
4.3945
269.53
408.69
499.51
540.53
563.96
575.68
584.47
591.8
590.33
593.26
590.33
590.33
596.19
594.73
591.8
596.19
596.19
599.12
600.6
603.54
600.6
602.04
604.98
606.42
603.54
599.12
602.04
602.04
625.5
729.48
804.18
845.22
868.68
880.38
890.64
897.96
897.96
902.34
909.66
905.28
905.28
909.66
908.22
909.66
912.6
914.04
915.54
914.04
918.48
918.48
912.6
916.98
912.6
915.54
912.6
919.92
912.6
919.92
752.94
402.83
125.98
0
-83.496
-112.79
-130.37
-139.16
-142.09
-143.56
-149.41
-147.95
-147.95
-149.41
-146.48
-147.95
-147.95
-147.95
-149.41
-147.95
-147.95
-147.95
-147.95
-149.41
-149.41
-150.88
-149.41
-147.95
-149.41
-150.88
-183.11
-459.96
-703.14
-856.92
-934.56
-971.22
-994.62
-1013.7
-1023.9
-1028.3
-1040
-1043
-1044.4
-1047.4
-1050.3
-1045.9
-1050.3
-1048.8
-1048.8
-1057.6
-1053.2
-1060.6
-1057.6
-1057.6
-1056.2
-1056.2
-1056.2
-1056.2
-1059.1
-1054.7
-984.36
-726.54
-539.06
-429.2
-361.82
-328.13
-306.15
-287.11
-272.46
-259.28
-249.02
-235.84
-229.98
-219.73
-216.8
-210.94
-209.47
-202.15
-208.01
-203.62
-202.15
-205.08
-202.15
-202.15
-205.08
-203.62
-203.62
-203.62
-206.54
-202.15
-196.29
-158.2
-140.63
-124.51
-117.19
-105.47
-101.08
-90.822
-82.032
-79.104
-70.314
-64.452
-57.129
-52.735
-48.34
-45.41
-39.551
-39.551
-39.551
-38.086
-38.086
-38.086
-38.086
-35.156
-35.156
-36.621
-39.551
-36.621
-38.086
-33.691
-80.568
-347.17
-622.56
-786.6
-870.12
-914.04
-938.94
-955.08
-966.78
-974.1
-984.36
-984.36
-990.24
-996.12
-993.18
-991.68
-996.12
-993.18
-994.62
-997.56
-997.56
-1000.5
-1001.9
-1003.4
-1003.4
-1001.9
-999
-999
-999
-999
-791.04
-322.27
-4.3945
322.27
543.46
653.34
714.84
744.12
763.2
769.02
779.28
783.72
785.16
786.6
791.04
796.86
796.86
796.86
799.8
804.18
802.74
799.8
801.24
801.24
796.86
798.36
802.74
801.24
799.8
802.74
788.1
689.94
628.44
594.73
566.89
544.92
527.35
509.77
500.98
493.65
484.87
483.4
476.08
474.61
471.68
471.68
470.21
468.75
468.75
464.36
462.89
464.36
464.36
464.36
461.42
457.03
458.5
452.63
452.63
455.57
373.54
46.875
-136.23
-287.11
-353.03
-383.79
-399.9
-410.15
-417.48
-420.41
-424.81
-424.81
-423.34
-429.2
-429.2
-432.13
-432.13
-433.6
-433.6
-433.6
-433.6
-432.13
-433.6
-435.06
-432.13
-432.13
-426.27
-426.27
-424.81
-426.27
-306.15
19.043
355.96
669.42
876
988.74
1045.9
1088.4
1111.8
1123.6
1139.6
1141.1
1144
1148.5
1154.3
1152.8
1158.7
1160.2
1163.1
1164.5
1161.6
1166
1163.1
1167.5
1167.5
1167.5
1170.4
1167.5
1170.4
1170.4
1038.6
606.42
265.13
7.3242
-146.48
-247.56
-288.58
-310.55
-325.19
-328.13
-332.52
-336.91
-338.38
-336.91
-342.77
-341.31
-339.85
-341.31
-341.31
-344.24
-345.7
-347.17
-345.7
-350.1
-347.17
-345.7
-348.63
-342.77
-350.1
-348.63
-372.07
-470.21
-628.44
-679.68
-708.96
-733.86
-742.68
-747.06
-752.94
-760.26
-761.7
-766.14
-766.14
-770.52
-776.34
-769.02
-773.46
-770.52
-771.96
-767.58
-767.58
-770.52
-769.02
-770.52
-770.52
-779.28
-773.46
-777.84
-776.34
-779.28
-771.96
-892.08
-1009.3
-1076.6
-1113.3
-1139.6
-1155.8
-1164.5
-1176.2
-1174.8
-1180.7
-1179.2
-1182.1
-1188
-1188
-1193.8
-1195.3
-1196.8
-1196.8
-1193.8
-1195.3
-1196.8
-1195.3
-1201.2
-1198.3
-1205.6
-1199.7
-1195.3
-1201.2
-1192.4
-1101.5
-684.06
-341.31
-114.26
-21.973
57.129
84.96
104
109.87
114.26
118.65
117.19
121.58
120.12
120.12
118.65
121.58
121.58
120.12
123.05
118.65
120.12
120.12
118.65
121.58
118.65
121.58
117.19
123.05
117.19
67.38
-235.84
-550.78
-791.04
-921.36
-991.68
-1034.2
-1054.7
-1069.3
-1078.1
-1082.5
-1086.9
-1095.7
-1097.2
-1101.5
-1107.4
-1108.9
-1107.4
-1107.4
-1106
-1108.9
-1110.4
-1111.8
-1113.3
-1113.3
-1119.1
-1113.3
-1110.4
-1111.8
-1111.8
-1000.5
-499.51
-118.65
191.89
559.57
840.84
1025.4
1127.9
1182.1
1218.8
1248.1
1259.8
1274.4
1277.3
1287.6
1289
1293.5
1290.5
1294.9
1300.8
1297.9
1302.2
1303.7
1308.1
1306.6
1303.7
1308.1
1305.2
1309.6
1306.6
1308.1
1281.7
1248.1
1227.5
1208.5
1199.7
1185.1
1177.7
1174.8
1166
1163.1
1157.2
1152.8
1157.2
1148.5
1151.3
1148.5
1148.5
1148.5
1147
1142.6
1148.5
1141.1
1147
1144
1144
1148.5
1142.6
1142.6
1142.6
1051.7
500.98
102.54
-168.46
-569.83
-865.74
-1056.2
-1168.9
-1230.5
-1274.4
-1296.4
-1316.9
-1327.1
-1337.4
-1341.8
-1344.7
-1349.1
-1349.1
-1352
-1350.6
-1360.9
-1360.9
-1365.2
-1360.9
-1363.7
-1360.9
-1363.7
-1366.7
-1365.2
-1371.1
-1359.4
-1338.8
-1313.9
-1299.3
-1286.2
-1277.3
-1267.1
-1253.9
-1251
-1243.7
-1242.2
-1240.7
-1236.3
-1242.2
-1233.4
-1234.9
-1231.9
-1229
-1229
-1229
-1231.9
-1230.5
-1230.5
-1231.9
-1227.5
-1229
-1221.7
-1227.5
-1226.1
-1229
-1227.5
-1144
-1070.8
-1019.5
-982.92
-956.52
-940.44
-924.3
-914.04
-905.28
-896.46
-887.7
-884.76
-877.44
-870.12
-873.06
-867.18
-868.68
-865.74
-871.56
-865.74
-868.68
-867.18
-867.18
-859.86
-861.3
-861.3
-855.48
-858.42
-862.8
-858.42
-952.14
-1108.9
-1201.2
-1252.4
-1289
-1303.7
-1322.8
-1328.6
-1341.8
-1341.8
-1347.7
-1353.5
-1352
-1356.4
-1355
-1360.9
-1362.3
-1365.2
-1365.2
-1363.7
-1363.7
-1363.7
-1368.2
-1365.2
-1368.2
-1365.2
-1371.1
-1363.7
-1369.6
-1315.4
-889.14
-459.96
-102.54
84.96
333.98
436.52
499.51
525.88
541.99
555.17
561.04
565.43
565.43
565.43
568.36
569.83
568.36
565.43
563.96
568.36
571.29
572.75
572.75
572.75
571.29
577.15
575.68
575.68
577.15
556.64
213.87
-76.17
-259.28
-411.62
-468.75
-500.98
-517.09
-525.88
-530.27
-536.13
-536.13
-541.99
-540.53
-544.92
-539.06
-540.53
-539.06
-540.53
-537.6
-539.06
-536.13
-540.53
-541.99
-546.38
-544.92
-541.99
-546.38
-547.85
-546.38
-517.09
-161.13
87.888
332.52
479
540.53
577.15
593.26
607.92
615.24
622.56
618.18
621.12
621.12
625.5
624
621.12
621.12
626.94
628.44
629.88
629.88
628.44
634.26
632.82
634.26
629.88
635.76
631.32
632.82
594.73
221.19
-112.79
-392.58
-597.65
-713.4
-766.14
-796.86
-815.94
-830.58
-837.9
-840.84
-848.16
-848.16
-849.6
-852.54
-852.54
-851.1
-851.1
-853.98
-858.42
-858.42
-856.92
-864.24
-862.8
-856.92
-865.74
-859.86
-855.48
-859.86
-858.42
-791.04
-713.4
-666.48
-641.58
-615.24
-599.12
-583.01
-577.15
-562.5
-553.71
-544.92
-539.06
-531.74
-527.35
-528.81
-524.41
-521.48
-522.95
-522.95
-521.48
-524.41
-522.95
-520.02
-520.02
-522.95
-524.41
-520.02
-518.56
-517.09
-500.98
-232.91
19.043
209.47
295.9
342.77
366.21
382.33
386.72
392.58
396.97
398.44
398.44
399.9
399.9
405.76
402.83
405.76
402.83
404.3
404.3
402.83
401.37
402.83
401.37
402.83
396.97
396.97
392.58
395.51
394.04
121.58
-168.46
-363.28
-522.95
-587.4
-628.44
-644.52
-659.16
-667.98
-672.36
-678.24
-682.62
-681.18
-684.06
-687
-688.5
-685.56
-684.06
-682.62
-685.56
-681.18
-681.18
-684.06
-685.56
-687
-685.56
-688.5
-691.38
-692.88
-685.56
-380.86
-98.142
43.945
158.2
227.05
256.35
268.07
276.86
284.18
288.58
287.11
287.11
287.11
288.58
290.04
288.58
290.04
288.58
291.5
291.5
291.5
292.97
287.11
288.58
287.11
285.64
285.64
282.71
284.18
285.64
145.02
-5.8594
-87.888
-131.84
-152.35
-159.67
-162.6
-169.92
-168.46
-169.92
-171.38
-172.85
-172.85
-175.78
-172.85
-175.78
-172.85
-178.71
-174.32
-175.78
-174.32
-178.71
-174.32
-174.32
-175.78
-177.25
-174.32
-174.32
-175.78
-177.25
-301.76
-644.52
-845.22
-971.22
-1047.4
-1084
-1103
-1125
-1132.3
-1142.6
-1148.5
-1152.8
-1155.8
-1160.2
-1160.2
-1160.2
-1158.7
-1161.6
-1167.5
-1167.5
-1171.9
-1168.9
-1168.9
-1170.4
-1166
-1170.4
-1168.9
-1174.8
-1171.9
-805.68
-410.15
-74.706
93.75
297.37
383.79
426.27
448.24
464.36
471.68
476.08
484.87
483.4
481.93
486.33
487.79
487.79
490.72
489.26
487.79
486.33
484.87
484.87
484.87
481.93
481.93
481.93
479
486.33
487.79
186.04
-191.89
-520.02
-745.62
-877.44
-938.94
-977.04
-997.56
-1018.1
-1025.4
-1032.7
-1040
-1041.5
-1045.9
-1050.3
-1044.4
-1050.3
-1051.7
-1048.8
-1054.7
-1057.6
-1057.6
-1059.1
-1057.6
-1057.6
-1053.2
-1059.1
-1050.3
-1062
-1057.6
-962.4
-782.22
-659.16
-583.01
-540.53
-511.23
-489.26
-477.54
-458.5
-449.71
-439.45
-432.13
-432.13
-426.27
-423.34
-418.94
-417.48
-413.09
-411.62
-413.09
-411.62
-411.62
-405.76
-410.15
-407.23
-402.83
-407.23
-402.83
-401.37
-399.9
-131.84
159.67
493.65
708.96
837.9
912.6
952.14
974.1
988.74
997.56
1004.9
1006.3
1013.7
1009.3
1018.1
1016.6
1019.5
1021
1025.4
1026.8
1025.4
1025.4
1022.5
1023.9
1025.4
1025.4
1028.3
1029.8
1028.3
1029.8
947.76
777.84
669.42
604.98
563.96
534.67
517.09
500.98
492.19
484.87
471.68
468.75
462.89
455.57
452.63
454.1
448.24
445.31
443.85
439.45
433.6
435.06
430.66
432.13
427.73
424.81
423.34
424.81
429.2
430.66
446.78
471.68
490.72
495.12
509.77
508.3
512.69
514.16
514.16
514.16
514.16
515.63
514.16
512.69
509.77
508.3
508.3
514.16
514.16
514.16
512.69
514.16
517.09
518.56
518.56
517.09
518.56
518.56
521.48
521.48
514.16
499.51
493.65
487.79
477.54
476.08
471.68
465.82
462.89
462.89
464.36
465.82
462.89
461.42
462.89
461.42
461.42
461.42
465.82
464.36
459.96
458.5
457.03
457.03
457.03
455.57
451.17
455.57
449.71
452.63
473.14
527.35
555.17
572.75
581.54
587.4
590.33
599.12
594.73
596.19
599.12
602.04
597.65
596.19
594.73
594.73
597.65
596.19
599.12
597.65
599.12
603.54
603.54
602.04
604.98
603.54
604.98
604.98
600.6
597.65
433.6
143.56
-67.38
-172.85
-228.52
-250.49
-265.13
-276.86
-278.32
-282.71
-284.18
-284.18
-287.11
-288.58
-290.04
-285.64
-290.04
-290.04
-285.64
-294.43
-290.04
-292.97
-291.5
-288.58
-291.5
-290.04
-291.5
-290.04
-287.11
-291.5
-140.63
101.08
319.34
493.65
580.08
622.56
650.4
657.72
666.48
675.3
676.74
679.68
678.24
678.24
679.68
679.68
679.68
681.18
682.62
688.5
687
685.56
688.5
689.94
689.94
691.38
685.56
687
688.5
682.62
653.34
574.22
525.88
493.65
473.14
455.57
443.85
433.6
423.34
417.48
410.15
404.3
401.37
394.04
391.12
389.65
380.86
379.39
376.46
373.54
370.61
372.07
367.67
369.14
369.14
373.54
372.07
373.54
372.07
373.54
354.49
285.64
246.1
225.59
212.4
202.15
188.96
178.71
171.38
164.06
153.81
150.88
142.09
139.16
131.84
130.37
127.44
125.98
121.58
124.51
120.12
124.51
118.65
118.65
118.65
118.65
117.19
117.19
117.19
115.72
183.11
483.4
744.12
893.58
975.6
1018.1
1048.8
1067.9
1076.6
1088.4
1092.8
1094.2
1098.7
1098.7
1097.2
1107.4
1101.5
1108.9
1108.9
1108.9
1111.8
1111.8
1106
1111.8
1110.4
1110.4
1113.3
1113.3
1116.2
1114.7
1125
1173.4
1201.2
1226.1
1239.2
1246.6
1256.8
1259.8
1265.6
1265.6
1268.6
1271.5
1271.5
1273
1275.9
1278.8
1278.8
1278.8
1278.8
1277.3
1283.2
1278.8
1281.7
1286.2
1280.3
1283.2
1280.3
1283.2
1281.7
1284.7
1278.8
1264.1
1253.9
1234.9
1233.4
1224.6
1221.7
1218.8
1212.9
1215.8
1207
1208.5
1208.5
1201.2
1207
1204.1
1204.1
1201.2
1202.6
1202.6
1196.8
1202.6
1199.7
1199.7
1201.2
1199.7
1204.1
1198.3
1196.8
1201.2
1001.9
459.96
71.778
-275.39
-604.98
-811.5
-931.62
-996.12
-1032.7
-1056.2
-1066.4
-1079.6
-1089.8
-1091.3
-1097.2
-1104.5
-1100.1
-1108.9
-1104.5
-1104.5
-1108.9
-1104.5
-1113.3
-1113.3
-1111.8
-1116.2
-1114.7
-1110.4
-1111.8
-1108.9
-1070.8
-870.12
-714.84
-619.62
-563.96
-530.27
-505.37
-489.26
-470.21
-458.5
-446.78
-435.06
-432.13
-423.34
-416.02
-410.15
-413.09
-407.23
-410.15
-408.69
-408.69
-405.76
-404.3
-405.76
-405.76
-405.76
-408.69
-407.23
-404.3
-404.3
-262.21
26.367
285.64
492.19
607.92
662.1
691.38
707.52
720.72
728.04
730.98
729.48
738.3
733.86
732.42
736.8
735.36
739.74
739.74
742.68
744.12
745.62
745.62
744.12
747.06
747.06
744.12
741.24
742.68
744.12
670.92
344.24
108.4
1.4648
-65.916
-92.286
-104
-109.87
-115.72
-117.19
-118.65
-118.65
-118.65
-117.19
-118.65
-117.19
-115.72
-114.26
-117.19
-111.33
-114.26
-114.26
-115.72
-111.33
-112.79
-115.72
-111.33
-114.26
-114.26
-114.26
-64.452
124.51
361.82
479
547.85
577.15
596.19
604.98
615.24
619.62
622.56
624
626.94
628.44
632.82
626.94
626.94
626.94
624
628.44
624
625.5
626.94
626.94
631.32
629.88
631.32
631.32
634.26
634.26
641.58
692.88
730.98
754.38
769.02
771.96
783.72
788.1
789.54
791.04
796.86
798.36
798.36
801.24
801.24
801.24
795.42
798.36
799.8
798.36
799.8
801.24
802.74
801.24
802.74
807.12
805.68
801.24
802.74
801.24
717.78
292.97
-43.945
-256.35
-427.73
-502.44
-540.53
-561.04
-571.29
-578.62
-588.87
-588.87
-594.73
-593.26
-596.19
-600.6
-603.54
-602.04
-600.6
-604.98
-602.04
-602.04
-602.04
-597.65
-596.19
-596.19
-599.12
-597.65
-597.65
-596.19
-533.2
-222.65
-52.735
83.496
142.09
172.85
187.5
191.89
199.22
199.22
202.15
203.62
202.15
202.15
205.08
202.15
200.68
200.68
203.62
196.29
199.22
199.22
199.22
194.83
197.75
199.22
196.29
197.75
196.29
197.75
139.16
-215.33
-511.23
-758.76
-892.08
-960.96
-999
-1029.8
-1043
-1054.7
-1063.5
-1064.9
-1066.4
-1073.8
-1070.8
-1075.2
-1079.6
-1078.1
-1084
-1084
-1085.5
-1086.9
-1085.5
-1084
-1086.9
-1082.5
-1085.5
-1091.3
-1088.4
-1092.8
-971.22
-461.42
-80.568
241.7
572.75
807.12
927.24
991.68
1032.7
1056.2
1070.8
1082.5
1086.9
1091.3
1097.2
1094.2
1097.2
1103
1104.5
1104.5
1110.4
1108.9
1108.9
1108.9
1106
1108.9
1110.4
1111.8
1111.8
1110.4
1100.1
903.78
723.66
612.3
543.46
508.3
479
461.42
448.24
437.99
424.81
420.41
414.55
404.3
399.9
398.44
394.04
389.65
389.65
386.72
382.33
377.93
373.54
372.07
370.61
369.14
369.14
370.61
369.14
369.14
364.75
303.22
257.81
231.44
212.4
202.15
193.36
181.64
174.32
165.53
161.13
150.88
146.48
140.63
136.23
128.9
127.44
125.98
121.58
120.12
123.05
120.12
121.58
121.58
120.12
120.12
120.12
123.05
118.65
123.05
90.822
-143.56
-416.02
-606.42
-720.72
-776.34
-804.18
-817.38
-832.02
-836.4
-837.9
-839.34
-843.78
-848.16
-848.16
-852.54
-853.98
-858.42
-856.92
-859.86
-861.3
-855.48
-855.48
-855.48
-856.92
-855.48
-856.92
-861.3
-861.3
-858.42
-861.3
-752.94
-653.34
-590.33
-559.57
-533.2
-511.23
-498.05
-480.47
-477.54
-468.75
-462.89
-458.5
-457.03
-449.71
-448.24
-446.78
-445.31
-445.31
-440.92
-437.99
-436.52
-435.06
-432.13
-432.13
-430.66
-426.27
-424.81
-426.27
-424.81
-401.37
-73.242
76.17
266.6
354.49
396.97
418.94
432.13
442.38
445.31
446.78
451.17
449.71
454.1
455.57
458.5
457.03
459.96
458.5
457.03
461.42
461.42
461.42
464.36
461.42
455.57
457.03
455.57
458.5
454.1
429.2
14.648
-377.93
-685.56
-873.06
-987.3
-1054.7
-1086.9
-1114.7
-1129.4
-1133.8
-1145.5
-1145.5
-1148.5
-1152.8
-1155.8
-1158.7
-1161.6
-1163.1
-1168.9
-1166
-1166
-1168.9
-1160.2
-1167.5
-1170.4
-1167.5
-1174.8
-1170.4
-1167.5
-1129.4
-701.64
-316.4
-68.85
152.35
273.92
351.56
383.79
399.9
411.62
418.94
418.94
420.41
420.41
421.88
426.27
424.81
426.27
432.13
430.66
427.73
430.66
432.13
430.66
435.06
435.06
433.6
429.2
433.6
430.66
416.02
187.5
-45.41
-166.99
-224.12
-253.42
-266.6
-275.39
-279.79
-284.18
-287.11
-288.58
-291.5
-290.04
-285.64
-291.5
-290.04
-288.58
-290.04
-290.04
-287.11
-292.97
-291.5
-292.97
-290.04
-288.58
-287.11
-288.58
-284.18
-282.71
-263.67
-395.51
-607.92
-744.12
-808.62
-845.22
-867.18
-883.32
-889.14
-897.96
-900.9
-905.28
-905.28
-905.28
-905.28
-905.28
-908.22
-911.16
-911.16
-915.54
-915.54
-918.48
-916.98
-918.48
-911.16
-915.54
-912.6
-914.04
-912.6
-919.92
-905.28
-568.36
-276.86
-139.16
-21.973
38.086
67.38
77.634
84.96
89.358
89.358
89.358
92.286
92.286
90.822
92.286
92.286
93.75
92.286
92.286
93.75
93.75
93.75
93.75
93.75
93.75
93.75
92.286
93.75
93.75
93.75
93.75
93.75
93.75
92.286
93.75
92.286
92.286
90.822
93.75
92.286
92.286
92.286
92.286
92.286
92.286
92.286
92.286
93.75
92.286
92.286
92.286
90.822
90.822
90.822
90.822
90.822
87.888
92.286
89.358
84.96
-109.87
-509.77
-763.2
-921.36
-1025.4
-1067.9
-1101.5
-1120.6
-1127.9
-1139.6
-1141.1
-1142.6
-1155.8
-1152.8
-1160.2
-1163.1
-1164.5
-1164.5
-1160.2
-1164.5
-1164.5
-1164.5
-1170.4
-1168.9
-1171.9
-1171.9
-1164.5
-1168.9
-1166
-1154.3
-691.38
-250.49
87.888
459.96
739.74
930.18
1043
1106
1135.3
1164.5
1177.7
1186.5
1199.7
1199.7
1204.1
1212.9
1211.4
1214.3
1212.9
1208.5
1215.8
1217.3
1221.7
1220.2
1224.6
1223.2
1220.2
1224.6
1221.7
1224.6
1082.5
865.74
729.48
638.7
584.47
549.32
525.88
508.3
493.65
484.87
473.14
467.29
458.5
457.03
454.1
451.17
449.71
443.85
443.85
439.45
440.92
440.92
437.99
433.6
432.13
427.73
424.81
426.27
427.73
429.2
471.68
622.56
694.32
735.36
760.26
773.46
776.34
785.16
791.04
792.48
793.92
795.42
792.48
792.48
795.42
798.36
798.36
799.8
801.24
802.74
802.74
804.18
805.68
802.74
799.8
802.74
799.8
798.36
801.24
569.83
310.55
102.54
27.832
-27.832
-48.34
-55.664
-57.129
-61.524
-64.452
-61.524
-62.988
-65.916
-64.452
-65.916
-61.524
-65.916
-64.452
-62.988
-62.988
-67.38
-61.524
-62.988
-64.452
-64.452
-64.452
-61.524
-65.916
-62.988
-62.988
-158.2
-405.76
-563.96
-657.72
-701.64
-723.66
-735.36
-745.62
-752.94
-754.38
-758.76
-760.26
-769.02
-769.02
-766.14
-774.9
-773.46
-774.9
-769.02
-773.46
-767.58
-770.52
-767.58
-771.96
-773.46
-771.96
-774.9
-777.84
-776.34
-777.84
-440.92
-42.481
303.22
669.42
916.98
1072.3
1148.5
1204.1
1233.4
1252.4
1267.1
1273
1283.2
1284.7
1290.5
1293.5
1297.9
1297.9
1297.9
1303.7
1300.8
1305.2
1303.7
1305.2
1308.1
1303.7
1309.6
1305.2
1305.2
1306.6
1082.5
725.1
454.1
282.71
186.04
134.77
108.4
86.424
79.104
62.988
55.664
43.945
35.156
29.297
19.043
14.648
13.184
10.254
5.8594
2.9297
1.4648
0
0
0
0
0
0
0
0
0
111.33
520.02
798.36
1013.7
1114.7
1182.1
1217.3
1245.1
1259.8
1273
1277.3
1283.2
1286.2
1287.6
1294.9
1294.9
1302.2
1300.8
1300.8
1303.7
1302.2
1306.6
1300.8
1308.1
1306.6
1309.6
1305.2
1305.2
1311.1
1306.6
1239.2
1084
977.04
911.16
856.92
830.58
805.68
791.04
773.46
764.64
755.88
751.44
744.12
739.74
739.74
736.8
730.98
725.1
725.1
722.16
720.72
720.72
717.78
723.66
720.72
716.28
723.66
720.72
722.16
720.72
624
411.62
272.46
196.29
155.27
131.84
120.12
106.93
93.75
82.032
71.778
65.916
57.129
51.269
41.015
39.551
36.621
36.621
35.156
35.156
33.691
32.227
33.691
33.691
35.156
33.691
36.621
33.691
33.691
33.691
73.242
329.59
509.77
606.42
648.9
667.98
688.5
697.26
701.64
703.14
707.52
710.46
707.52
706.08
706.08
708.96
713.4
710.46
710.46
714.84
716.28
714.84
717.78
716.28
722.16
719.22
711.9
714.84
714.84
714.84
436.52
0
-380.86
-711.9
-912.6
-1029.8
-1098.7
-1138.2
-1160.2
-1180.7
-1189.4
-1199.7
-1202.6
-1204.1
-1208.5
-1208.5
-1212.9
-1215.8
-1218.8
-1224.6
-1218.8
-1223.2
-1220.2
-1218.8
-1223.2
-1223.2
-1227.5
-1224.6
-1224.6
-1229
-977.04
-553.71
-229.98
14.648
203.62
290.04
341.31
363.28
376.46
385.25
389.65
391.12
395.51
395.51
394.04
396.97
395.51
399.9
399.9
402.83
402.83
401.37
401.37
401.37
404.3
404.3
404.3
404.3
404.3
407.23
417.48
467.29
496.58
512.69
522.95
527.35
528.81
533.2
537.6
537.6
541.99
540.53
541.99
540.53
543.46
550.78
544.92
541.99
549.32
543.46
544.92
541.99
539.06
537.6
539.06
539.06
540.53
541.99
539.06
543.46
331.06
-73.242
-448.24
-783.72
-999
-1116.2
-1196.8
-1236.3
-1262.7
-1287.6
-1296.4
-1306.6
-1313.9
-1315.4
-1319.8
-1316.9
-1325.7
-1324.2
-1330.1
-1336
-1331.5
-1330.1
-1328.6
-1330.1
-1331.5
-1334.5
-1336
-1343.3
-1336
-1337.4
-1271.5
-1026.8
-856.92
-744.12
-673.8
-628.44
-602.04
-583.01
-566.89
-549.32
-537.6
-525.88
-520.02
-511.23
-506.84
-498.05
-499.51
-496.58
-496.58
-495.12
-492.19
-493.65
-490.72
-493.65
-492.19
-496.58
-492.19
-493.65
-486.33
-490.72
-326.66
-48.34
165.53
306.15
375
410.15
429.2
437.99
449.71
452.63
451.17
457.03
454.1
457.03
457.03
462.89
458.5
459.96
457.03
457.03
455.57
455.57
452.63
455.57
451.17
449.71
452.63
452.63
454.1
459.96
297.37
-38.086
-347.17
-624
-783.72
-862.8
-914.04
-937.5
-950.7
-968.28
-974.1
-978.54
-984.36
-990.24
-990.24
-991.68
-991.68
-990.24
-994.62
-996.12
-993.18
-996.12
-1003.4
-1000.5
-1001.9
-1003.4
-999
-996.12
-1001.9
-996.12
-911.16
-619.62
-385.25
-243.16
-165.53
-125.98
-102.54
-89.358
-79.104
-71.778
-67.38
-55.664
-48.34
-43.945
-39.551
-30.762
-29.297
-20.508
-16.113
-17.578
-13.184
-14.648
-10.254
-13.184
-14.648
-16.113
-13.184
-8.7888
-14.648
-13.184
20.508
200.68
348.63
405.76
442.38
462.89
471.68
473.14
480.47
480.47
484.87
481.93
484.87
483.4
477.54
480.47
480.47
480.47
480.47
483.4
483.4
484.87
483.4
487.79
487.79
490.72
489.26
489.26
489.26
487.79
392.58
89.358
-123.05
-314.94
-376.46
-413.09
-429.2
-442.38
-448.24
-451.17
-454.1
-455.57
-457.03
-457.03
-458.5
-457.03
-461.42
-454.1
-454.1
-454.1
-449.71
-451.17
-455.57
-452.63
-451.17
-455.57
-452.63
-457.03
-457.03
-462.89
-410.15
-171.38
-76.17
0
38.086
49.805
58.594
58.594
61.524
64.452
64.452
64.452
64.452
64.452
64.452
65.916
62.988
65.916
62.988
65.916
64.452
64.452
64.452
65.916
61.524
65.916
62.988
64.452
64.452
62.988
42.481
-120.12
-194.83
-265.13
-285.64
-298.83
-307.62
-307.62
-313.48
-313.48
-314.94
-314.94
-320.8
-319.34
-316.4
-316.4
-314.94
-316.4
-310.55
-310.55
-310.55
-312.01
-312.01
-310.55
-310.55
-312.01
-310.55
-307.62
-313.48
-312.01
-219.73
89.358
405.76
647.46
801.24
873.06
915.54
941.88
956.52
971.22
974.1
982.92
987.3
988.74
990.24
987.3
990.24
993.18
991.68
994.62
999
997.56
999
1003.4
999
999
1000.5
996.12
997.56
1003.4
974.1
747.06
543.46
421.88
348.63
304.69
282.71
265.13
250.49
240.23
225.59
218.26
203.62
199.22
190.43
183.11
180.17
174.32
174.32
171.38
168.46
171.38
168.46
172.85
168.46
171.38
174.32
171.38
172.85
174.32
183.11
284.18
398.44
452.63
476.08
490.72
498.05
509.77
511.23
509.77
512.69
512.69
517.09
515.63
514.16
511.23
509.77
508.3
508.3
512.69
514.16
512.69
512.69
511.23
517.09
518.56
518.56
517.09
517.09
517.09
509.77
370.61
253.42
188.96
152.35
131.84
117.19
102.54
92.286
80.568
70.314
60.06
54.199
43.945
38.086
35.156
36.621
30.762
32.227
32.227
27.832
29.297
30.762
30.762
30.762
30.762
30.762
29.297
30.762
27.832
33.691
175.78
399.9
515.63
577.15
604.98
622.56
634.26
644.52
648.9
648.9
651.84
654.78
657.72
659.16
657.72
656.28
656.28
656.28
653.34
651.84
656.28
657.72
657.72
657.72
659.16
662.1
662.1
660.66
660.66
663.6
700.2
738.3
752.94
767.58
777.84
782.22
785.16
789.54
793.92
796.86
795.42
799.8
804.18
799.8
798.36
799.8
798.36
796.86
799.8
804.18
801.24
801.24
802.74
807.12
805.68
802.74
802.74
802.74
798.36
741.24
276.86
-46.875
-382.33
-752.94
-971.22
-1108.9
-1183.6
-1234.9
-1262.7
-1286.2
-1297.9
-1303.7
-1313.9
-1311.1
-1319.8
-1319.8
-1325.7
-1324.2
-1330.1
-1334.5
-1324.2
-1333
-1327.1
-1328.6
-1334.5
-1338.8
-1338.8
-1337.4
-1336
-1327.1
-1079.6
-807.12
-621.12
-500.98
-437.99
-394.04
-370.61
-350.1
-339.85
-323.73
-312.01
-304.69
-295.9
-287.11
-279.79
-272.46
-268.07
-259.28
-259.28
-256.35
-257.81
-256.35
-257.81
-256.35
-259.28
-257.81
-259.28
-257.81
-259.28
-247.56
-19.043
199.22
304.69
361.82
394.04
404.3
417.48
417.48
418.94
420.41
423.34
424.81
423.34
424.81
423.34
424.81
429.2
430.66
430.66
432.13
430.66
429.2
433.6
430.66
436.52
432.13
435.06
432.13
432.13
424.81
178.71
-17.578
-186.04
-275.39
-319.34
-344.24
-353.03
-366.21
-369.14
-367.67
-372.07
-372.07
-373.54
-373.54
-376.46
-376.46
-376.46
-377.93
-375
-375
-375
-373.54
-373.54
-370.61
-370.61
-367.67
-369.14
-367.67
-366.21
-367.67
-405.76
-468.75
-499.51
-515.63
-525.88
-531.74
-536.13
-541.99
-540.53
-543.46
-541.99
-544.92
-544.92
-541.99
-544.92
-537.6
-539.06
-536.13
-541.99
-537.6
-540.53
-537.6
-543.46
-543.46
-546.38
-546.38
-546.38
-546.38
-546.38
-534.67
-164.06
121.58
392.58
621.12
728.04
792.48
824.7
842.28
856.92
859.86
868.68
862.8
871.56
873.06
873.06
876
880.38
880.38
883.32
886.26
887.7
884.76
881.82
884.76
881.82
881.82
886.26
887.7
884.76
887.7
933.12
1019.5
1064.9
1097.2
1113.3
1129.4
1138.2
1139.6
1152.8
1149.9
1155.8
1160.2
1154.3
1160.2
1163.1
1161.6
1164.5
1163.1
1167.5
1170.4
1166
1168.9
1166
1167.5
1168.9
1167.5
1168.9
1171.9
1168.9
1170.4
741.24
257.81
-55.664
-332.52
-755.88
-843.78
-881.82
-908.22
-931.62
-940.44
-946.26
-956.52
-956.52
-962.4
-960.96
-963.84
-958.02
-966.78
-962.4
-966.78
-968.28
-969.72
-974.1
-974.1
-972.66
-966.78
-971.22
-969.72
-963.84
-1004.9
-1106
-1160.2
-1201.2
-1223.2
-1236.3
-1245.1
-1251
-1259.8
-1259.8
-1268.6
-1273
-1271.5
-1274.4
-1271.5
-1274.4
-1275.9
-1277.3
-1280.3
-1281.7
-1284.7
-1277.3
-1274.4
-1278.8
-1278.8
-1284.7
-1283.2
-1286.2
-1281.7
-1281.7
-878.88
-424.81
-43.945
278.32
558.11
742.68
832.02
874.5
906.72
927.24
937.5
944.82
952.14
955.08
960.96
960.96
965.34
959.46
965.34
965.34
963.84
969.72
968.28
966.78
974.1
975.6
968.28
971.22
972.66
965.34
741.24
417.48
180.17
68.85
-1.4648
-36.621
-49.805
-55.664
-60.06
-58.594
-61.524
-62.988
-60.06
-64.452
-61.524
-61.524
-65.916
-62.988
-61.524
-64.452
-64.452
-61.524
-62.988
-65.916
-62.988
-61.524
-62.988
-61.524
-62.988
-62.988
13.184
165.53
235.84
272.46
292.97
301.76
309.08
309.08
313.48
314.94
314.94
314.94
316.4
317.87
317.87
317.87
319.34
316.4
320.8
313.48
312.01
314.94
312.01
310.55
313.48
309.08
312.01
312.01
309.08
307.62
353.03
648.9
856.92
962.4
1025.4
1067.9
1082.5
1100.1
1110.4
1114.7
1117.7
1120.6
1125
1132.3
1130.9
1130.9
1138.2
1135.3
1139.6
1135.3
1135.3
1141.1
1138.2
1138.2
1145.5
1139.6
1142.6
1141.1
1138.2
1141.1
1139.6
1141.1
1142.6
1142.6
1145.5
1141.1
1141.1
1141.1
1138.2
1144
1142.6
1141.1
1145.5
1142.6
1139.6
1141.1
1138.2
1144
1139.6
1141.1
1144
1141.1
1144
1142.6
1139.6
1142.6
1141.1
1139.6
1147
1138.2
873.06
341.31
-42.481
-424.81
-766.14
-966.78
-1123.6
-1195.3
-1236.3
-1268.6
-1283.2
-1294.9
-1302.2
-1309.6
-1313.9
-1316.9
-1325.7
-1327.1
-1328.6
-1322.8
-1328.6
-1327.1
-1330.1
-1336
-1331.5
-1340.3
-1328.6
-1334.5
-1330.1
-1338.8
-1086.9
-584.47
-174.32
106.93
445.31
648.9
760.26
814.44
851.1
870.12
881.82
887.7
890.64
895.02
899.4
897.96
903.78
908.22
908.22
909.66
912.6
914.04
912.6
911.16
914.04
908.22
912.6
912.6
915.54
911.16
911.16
884.76
862.8
843.78
829.08
815.94
804.18
801.24
798.36
792.48
791.04
791.04
789.54
782.22
783.72
786.6
780.78
773.46
776.34
773.46
774.9
770.52
776.34
774.9
777.84
773.46
779.28
777.84
774.9
774.9
626.94
171.38
-117.19
-348.63
-489.26
-562.5
-600.6
-618.18
-634.26
-638.7
-646.02
-650.4
-653.34
-654.78
-656.28
-656.28
-659.16
-657.72
-654.78
-653.34
-653.34
-654.78
-654.78
-653.34
-656.28
-657.72
-662.1
-662.1
-660.66
-659.16
-481.93
-90.822
187.5
480.47
644.52
730.98
780.78
807.12
818.82
830.58
839.34
840.84
840.84
842.28
846.66
845.22
848.16
852.54
856.92
855.48
855.48
861.3
858.42
855.48
855.48
856.92
855.48
856.92
858.42
859.86
689.94
183.11
-224.12
-640.14
-908.22
-1062
-1161.6
-1221.7
-1249.5
-1271.5
-1290.5
-1296.4
-1309.6
-1313.9
-1319.8
-1318.4
-1321.3
-1324.2
-1324.2
-1325.7
-1330.1
-1336
-1333
-1336
-1331.5
-1333
-1328.6
-1336
-1338.8
-1338.8
-1164.5
-638.7
-199.22
133.3
528.81
842.28
1032.7
1139.6
1208.5
1240.7
1271.5
1289
1297.9
1306.6
1308.1
1315.4
1316.9
1319.8
1321.3
1327.1
1328.6
1324.2
1330.1
1328.6
1330.1
1328.6
1336
1336
1331.5
1334.5
1290.5
1038.6
815.94
666.48
584.47
528.81
496.58
474.61
458.5
443.85
429.2
417.48
407.23
399.9
395.51
388.18
383.79
379.39
380.86
379.39
379.39
377.93
375
375
375
375
376.46
376.46
377.93
376.46
354.49
205.08
104
46.875
17.578
5.8594
0
-7.3242
-2.9297
0
0
1.4648
0
0
0
0
0
0
0
0
0
0
0
0
0
0
0
0
0
0
20.508
279.79
581.54
779.28
890.64
944.82
981.42
1003.4
1015.1
1028.3
1032.7
1037.1
1045.9
1044.4
1043
1048.8
1047.4
1045.9
1053.2
1048.8
1053.2
1056.2
1054.7
1054.7
1056.2
1051.7
1053.2
1056.2
1053.2
1056.2
1010.8
723.66
479
316.4
219.73
166.99
142.09
125.98
108.4
99.612
86.424
77.634
62.988
57.129
48.34
41.015
36.621
30.762
30.762
32.227
29.297
30.762
33.691
27.832
30.762
27.832
29.297
27.832
32.227
32.227
41.015
304.69
643.08
845.22
974.1
1041.5
1084
1103
1125
1138.2
1135.3
1144
1148.5
1147
1155.8
1154.3
1157.2
1163.1
1163.1
1164.5
1160.2
1161.6
1164.5
1164.5
1167.5
1163.1
1167.5
1168.9
1164.5
1167.5
1148.5
870.12
597.65
417.48
304.69
244.63
212.4
190.43
178.71
168.46
158.2
152.35
142.09
134.77
127.44
121.58
117.19
112.79
105.47
104
99.612
99.612
93.75
93.75
92.286
90.822
89.358
90.822
87.888
87.888
83.496
287.11
522.95
687
766.14
805.68
832.02
846.66
859.86
864.24
867.18
876
877.44
874.5
878.88
881.82
877.44
876
881.82
883.32
880.38
883.32
886.26
886.26
886.26
887.7
884.76
883.32
886.26
884.76
878.88
851.1
814.44
792.48
770.52
757.32
745.62
730.98
722.16
714.84
711.9
704.58
698.76
698.76
700.2
697.26
694.32
694.32
697.26
697.26
694.32
691.38
689.94
691.38
684.06
682.62
685.56
685.56
685.56
685.56
679.68
764.64
842.28
883.32
912.6
931.62
936.06
943.38
949.2
952.14
956.52
959.46
962.4
962.4
968.28
968.28
963.84
968.28
966.78
962.4
972.66
966.78
966.78
974.1
972.66
968.28
971.22
974.1
963.84
968.28
975.6
1025.4
1122.1
1174.8
1207
1227.5
1234.9
1249.5
1252.4
1255.4
1264.1
1261.3
1265.6
1271.5
1273
1273
1271.5
1277.3
1274.4
1280.3
1277.3
1280.3
1283.2
1275.9
1280.3
1277.3
1280.3
1280.3
1283.2
1283.2
1264.1
877.44
508.3
222.65
80.568
-10.254
-54.199
-71.778
-79.104
-83.496
-84.96
-90.822
-87.888
-87.888
-87.888
-89.358
-87.888
-86.424
-86.424
-89.358
-86.424
-84.96
-86.424
-83.496
-84.96
-87.888
-86.424
-84.96
-86.424
-83.496
-82.032
106.93
325.19
508.3
603.54
644.52
672.36
685.56
695.82
701.64
703.14
706.08
710.46
711.9
708.96
708.96
711.9
710.46
707.52
708.96
714.84
714.84
714.84
711.9
719.22
722.16
713.4
717.78
717.78
714.84
710.46
660.66
597.65
562.5
537.6
518.56
502.44
492.19
480.47
476.08
470.21
461.42
459.96
451.17
449.71
449.71
440.92
439.45
435.06
430.66
424.81
426.27
427.73
427.73
426.27
426.27
426.27
429.2
429.2
429.2
433.6
350.1
240.23
184.57
146.48
134.77
118.65
109.87
102.54
93.75
89.358
77.634
71.778
67.38
64.452
54.199
51.269
46.875
43.945
43.945
42.481
38.086
36.621
39.551
38.086
38.086
41.015
38.086
35.156
36.621
36.621
38.086
36.621
38.086
36.621
35.156
35.156
35.156
35.156
36.621
35.156
35.156
32.227
35.156
32.227
35.156
33.691
36.621
30.762
32.227
33.691
29.297
33.691
33.691
33.691
33.691
30.762
32.227
30.762
35.156
-99.612
-350.1
-558.11
-648.9
-695.82
-726.54
-741.24
-750
-754.38
-758.76
-761.7
-757.32
-760.26
-761.7
-764.64
-760.26
-764.64
-769.02
-770.52
-773.46
-770.52
-777.84
-776.34
-774.9
-767.58
-773.46
-769.02
-770.52
-767.58
-771.96
-742.68
-694.32
-663.6
-646.02
-631.32
-612.3
-602.04
-588.87
-580.08
-574.22
-565.43
-561.04
-555.17
-553.71
-552.25
-553.71
-549.32
-547.85
-549.32
-552.25
-552.25
-549.32
-549.32
-547.85
-550.78
-544.92
-547.85
-540.53
-540.53
-539.06
-583.01
-795.42
-919.92
-993.18
-1032.7
-1053.2
-1075.2
-1082.5
-1084
-1092.8
-1094.2
-1092.8
-1101.5
-1101.5
-1106
-1110.4
-1107.4
-1111.8
-1108.9
-1104.5
-1113.3
-1108.9
-1110.4
-1116.2
-1116.2
-1114.7
-1114.7
-1110.4
-1113.3
-1110.4
-1139.6
-1201.2
-1242.2
-1273
-1286.2
-1296.4
-1305.2
-1308.1
-1316.9
-1315.4
-1325.7
-1328.6
-1328.6
-1331.5
-1328.6
-1331.5
-1333
-1333
-1336
-1338.8
-1337.4
-1336
-1337.4
-1333
-1340.3
-1340.3
-1338.8
-1340.3
-1337.4
-1337.4
-979.98
-500.98
-87.888
202.15
540.53
834.96
1004.9
1107.4
1158.7
1196.8
1221.7
1233.4
1246.6
1251
1259.8
1262.7
1262.7
1268.6
1265.6
1271.5
1271.5
1274.4
1278.8
1275.9
1277.3
1275.9
1277.3
1277.3
1277.3
1283.2
1217.3
1059.1
950.7
873.06
833.52
801.24
780.78
760.26
750
739.74
726.54
723.66
719.22
711.9
704.58
698.76
697.26
698.76
691.38
689.94
689.94
695.82
694.32
689.94
689.94
694.32
697.26
688.5
687
689.94
435.06
13.184
-325.19
-596.19
-739.74
-818.82
-865.74
-889.14
-902.34
-914.04
-924.3
-924.3
-928.74
-931.62
-928.74
-930.18
-934.56
-933.12
-934.56
-940.44
-940.44
-940.44
-944.82
-944.82
-941.88
-941.88
-940.44
-937.5
-941.88
-943.38
-830.58
-533.2
-323.73
-199.22
-125.98
-92.286
-71.778
-60.06
-49.805
-41.015
-33.691
-26.367
-21.973
-11.719
-2.9297
0
2.9297
5.8594
2.9297
2.9297
4.3945
2.9297
1.4648
1.4648
0
0
0
0
0
0
54.199
358.88
621.12
751.44
823.26
870.12
889.14
902.34
916.98
915.54
922.86
925.8
927.24
928.74
933.12
937.5
937.5
938.94
940.44
937.5
937.5
938.94
937.5
937.5
941.88
941.88
941.88
946.26
946.26
940.44
959.46
1047.4
1101.5
1142.6
1166
1177.7
1192.4
1198.3
1202.6
1205.6
1207
1212.9
1211.4
1215.8
1215.8
1218.8
1220.2
1218.8
1221.7
1220.2
1220.2
1224.6
1220.2
1227.5
1223.2
1224.6
1226.1
1221.7
1227.5
1221.7
1013.7
531.74
93.75
-215.33
-446.78
-593.26
-672.36
-710.46
-729.48
-747.06
-751.44
-751.44
-760.26
-761.7
-758.76
-758.76
-761.7
-769.02
-767.58
-766.14
-773.46
-771.96
-774.9
-771.96
-776.34
-771.96
-770.52
-767.58
-771.96
-769.02
-571.29
-140.63
210.94
540.53
820.32
991.68
1079.6
1139.6
1171.9
1193.8
1210
1214.3
1227.5
1229
1231.9
1239.2
1234.9
1243.7
1240.7
1245.1
1246.6
1249.5
1248.1
1246.6
1249.5
1249.5
1248.1
1253.9
1251
1253.9
1195.3
930.18
708.96
566.89
480.47
432.13
402.83
385.25
373.54
358.88
350.1
341.31
329.59
323.73
317.87
314.94
312.01
306.15
303.22
298.83
295.9
290.04
287.11
282.71
285.64
284.18
282.71
282.71
282.71
284.18
210.94
-93.75
-358.88
-534.67
-647.46
-689.94
-720.72
-738.3
-745.62
-752.94
-758.76
-766.14
-763.2
-769.02
-769.02
-770.52
-767.58
-761.7
-769.02
-767.58
-764.64
-767.58
-771.96
-773.46
-773.46
-773.46
-774.9
-779.28
-770.52
-773.46
-769.02
-766.14
-760.26
-757.32
-758.76
-754.38
-751.44
-754.38
-754.38
-755.88
-751.44
-750
-748.56
-744.12
-742.68
-744.12
-744.12
-744.12
-742.68
-745.62
-745.62
-748.56
-747.06
-747.06
-748.56
-745.62
-744.12
-739.74
-742.68
-741.24
-722.16
-610.86
-522.95
-468.75
-442.38
-416.02
-401.37
-386.72
-377.93
-367.67
-363.28
-354.49
-347.17
-338.38
-331.06
-326.66
-323.73
-317.87
-317.87
-313.48
-314.94
-310.55
-310.55
-313.48
-312.01
-309.08
-314.94
-314.94
-316.4
-316.4
-329.59
-517.09
-766.14
-903.78
-987.3
-1026.8
-1048.8
-1066.4
-1075.2
-1084
-1091.3
-1092.8
-1098.7
-1106
-1103
-1108.9
-1107.4
-1103
-1110.4
-1104.5
-1110.4
-1114.7
-1110.4
-1116.2
-1113.3
-1113.3
-1111.8
-1107.4
-1113.3
-1116.2
-1004.9
-517.09
-128.9
131.84
439.45
610.86
700.2
750
777.84
792.48
799.8
808.62
810.06
810.06
814.44
815.94
821.76
817.38
826.2
826.2
827.64
826.2
829.08
830.58
827.64
823.26
829.08
823.26
824.7
829.08
827.64
804.18
780.78
767.58
754.38
739.74
726.54
717.78
714.84
706.08
701.64
701.64
701.64
698.76
694.32
697.26
698.76
698.76
694.32
692.88
691.38
691.38
687
684.06
688.5
687
685.56
688.5
687
688.5
637.2
320.8
82.032
-92.286
-174.32
-215.33
-235.84
-244.63
-254.88
-256.35
-256.35
-257.81
-259.28
-259.28
-259.28
-257.81
-260.74
-260.74
-263.67
-262.21
-262.21
-259.28
-257.81
-257.81
-254.88
-253.42
-254.88
-251.95
-253.42
-256.35
-205.08
127.44
525.88
795.42
977.04
1079.6
1132.3
1173.4
1192.4
1208.5
1220.2
1221.7
1231.9
1229
1236.3
1240.7
1239.2
1248.1
1245.1
1248.1
1248.1
1246.6
1251
1249.5
1252.4
1252.4
1253.9
1252.4
1248.1
1253.9
1243.7
1103
962.4
859.86
801.24
766.14
736.8
713.4
697.26
684.06
675.3
663.6
659.16
656.28
653.34
650.4
646.02
646.02
647.46
640.14
637.2
637.2
631.32
632.82
628.44
626.94
628.44
625.5
632.82
628.44
610.86
757.32
936.06
1043
1106
1142.6
1161.6
1179.2
1190.9
1192.4
1204.1
1202.6
1211.4
1212.9
1212.9
1215.8
1214.3
1217.3
1218.8
1220.2
1223.2
1221.7
1224.6
1221.7
1223.2
1224.6
1221.7
1227.5
1224.6
1226.1
1220.2
1010.8
763.2
606.42
502.44
440.92
414.55
389.65
376.46
361.82
354.49
344.24
331.06
328.13
322.27
313.48
312.01
307.62
300.29
295.9
295.9
288.58
284.18
282.71
284.18
282.71
284.18
282.71
284.18
287.11
285.64
408.69
641.58
777.84
856.92
893.58
916.98
933.12
943.38
947.76
949.2
955.08
956.52
955.08
965.34
959.46
966.78
968.28
968.28
969.72
968.28
966.78
968.28
968.28
968.28
969.72
968.28
972.66
974.1
972.66
955.08
621.12
281.25
49.805
-96.678
-155.27
-191.89
-206.54
-215.33
-222.65
-222.65
-225.59
-225.59
-228.52
-227.05
-231.44
-227.05
-229.98
-227.05
-231.44
-231.44
-229.98
-232.91
-234.38
-234.38
-234.38
-234.38
-234.38
-232.91
-234.38
-232.91
-222.65
-209.47
-196.29
-187.5
-178.71
-168.46
-164.06
-158.2
-147.95
-146.48
-137.69
-134.77
-130.37
-124.51
-120.12
-118.65
-115.72
-117.19
-115.72
-114.26
-114.26
-112.79
-114.26
-109.87
-114.26
-114.26
-111.33
-114.26
-112.79
-114.26
-27.832
77.634
121.58
146.48
155.27
162.6
166.99
168.46
171.38
171.38
171.38
174.32
172.85
174.32
175.78
174.32
174.32
172.85
177.25
171.38
175.78
174.32
177.25
172.85
175.78
177.25
177.25
174.32
177.25
177.25
4.3945
-232.91
-344.24
-433.6
-464.36
-484.87
-500.98
-505.37
-505.37
-503.9
-508.3
-506.84
-508.3
-509.77
-506.84
-506.84
-511.23
-511.23
-512.69
-517.09
-515.63
-517.09
-517.09
-517.09
-518.56
-520.02
-521.48
-515.63
-515.63
-515.63
-128.9
269.53
648.9
919.92
1076.6
1166
1221.7
1259.8
1293.5
1297.9
1306.6
1311.1
1316.9
1321.3
1322.8
1328.6
1321.3
1331.5
1325.7
1331.5
1330.1
1331.5
1337.4
1333
1338.8
1330.1
1337.4
1331.5
1338.8
1098.7
739.74
489.26
317.87
224.12
171.38
140.63
121.58
112.79
96.678
87.888
74.706
68.85
55.664
49.805
42.481
41.015
36.621
35.156
33.691
32.227
29.297
32.227
35.156
33.691
32.227
30.762
33.691
30.762
30.762
-16.113
-93.75
-130.37
-149.41
-158.2
-161.13
-169.92
-166.99
-169.92
-169.92
-166.99
-171.38
-166.99
-171.38
-168.46
-168.46
-171.38
-171.38
-169.92
-172.85
-174.32
-171.38
-175.78
-174.32
-175.78
-174.32
-178.71
-175.78
-175.78
-175.78
-193.36
-222.65
-237.31
-250.49
-253.42
-254.88
-259.28
-257.81
-260.74
-262.21
-260.74
-260.74
-260.74
-263.67
-257.81
-259.28
-256.35
-257.81
-254.88
-257.81
-251.95
-256.35
-256.35
-253.42
-253.42
-250.49
-253.42
-254.88
-251.95
-254.88
-276.86
-514.16
-657.72
-726.54
-761.7
-788.1
-801.24
-808.62
-813
-814.44
-818.82
-815.94
-815.94
-820.32
-818.82
-820.32
-824.7
-827.64
-830.58
-827.64
-830.58
-832.02
-829.08
-827.64
-827.64
-827.64
-821.76
-830.58
-829.08
-827.64
-593.26
-247.56
-24.902
158.2
246.1
290.04
312.01
328.13
335.45
339.85
341.31
344.24
345.7
342.77
342.77
345.7
339.85
342.77
341.31
339.85
339.85
338.38
339.85
338.38
335.45
338.38
339.85
344.24
339.85
342.77
240.23
45.41
-54.199
-99.612
-121.58
-133.3
-140.63
-143.56
-145.02
-143.56
-146.48
-145.02
-143.56
-143.56
-143.56
-140.63
-142.09
-140.63
-140.63
-140.63
-142.09
-140.63
-142.09
-140.63
-142.09
-140.63
-142.09
-143.56
-142.09
-142.09
-64.452
127.44
216.8
259.28
281.25
294.43
301.76
304.69
306.15
310.55
310.55
313.48
313.48
314.94
312.01
317.87
313.48
316.4
316.4
317.87
316.4
320.8
317.87
319.34
319.34
314.94
316.4
316.4
317.87
314.94
203.62
-96.678
-273.92
-411.62
-468.75
-499.51
-515.63
-530.27
-530.27
-536.13
-536.13
-541.99
-543.46
-544.92
-543.46
-539.06
-539.06
-539.06
-539.06
-537.6
-536.13
-536.13
-537.6
-541.99
-544.92
-541.99
-543.46
-543.46
-549.32
-547.85
-335.45
-2.9297
221.19
480.47
616.68
692.88
732.42
758.76
773.46
773.46
782.22
788.1
786.6
785.16
788.1
792.48
792.48
793.92
796.86
799.8
799.8
799.8
802.74
801.24
796.86
796.86
798.36
796.86
795.42
798.36
742.68
528.81
383.79
298.83
254.88
228.52
213.87
203.62
190.43
183.11
172.85
164.06
155.27
146.48
140.63
134.77
127.44
120.12
118.65
114.26
117.19
111.33
114.26
114.26
114.26
112.79
112.79
115.72
111.33
114.26
87.888
-16.113
-68.85
-89.358
-101.08
-105.47
-108.4
-112.79
-112.79
-112.79
-114.26
-114.26
-115.72
-114.26
-115.72
-115.72
-118.65
-115.72
-118.65
-117.19
-120.12
-118.65
-120.12
-117.19
-118.65
-118.65
-118.65
-118.65
-120.12
-118.65
-80.568
52.735
128.9
164.06
184.57
190.43
197.75
200.68
199.22
199.22
199.22
200.68
197.75
197.75
199.22
197.75
197.75
196.29
197.75
199.22
199.22
197.75
199.22
199.22
199.22
197.75
197.75
199.22
200.68
199.22
215.33
282.71
323.73
347.17
355.96
364.75
366.21
370.61
370.61
372.07
373.54
376.46
376.46
377.93
376.46
373.54
372.07
372.07
372.07
369.14
369.14
370.61
367.67
366.21
369.14
367.67
367.67
370.61
373.54
372.07
241.7
-121.58
-508.3
-824.7
-1018.1
-1132.3
-1204.1
-1240.7
-1273
-1284.7
-1300.8
-1306.6
-1312.5
-1312.5
-1318.4
-1321.3
-1321.3
-1325.7
-1330.1
-1334.5
-1331.5
-1331.5
-1333
-1331.5
-1338.8
-1334.5
-1344.7
-1333
-1341.8
-1333
-1248.1
-870.12
-550.78
-328.13
-203.62
-130.37
-92.286
-73.242
-61.524
-51.269
-42.481
-33.691
-27.832
-21.973
-16.113
-10.254
-4.3945
-1.4648
0
1.4648
1.4648
1.4648
0
0
0
0
0
0
0
0
36.621
361.82
647.46
861.3
968.28
1025.4
1063.5
1084
1095.7
1107.4
1116.2
1116.2
1123.6
1125
1130.9
1132.3
1130.9
1130.9
1135.3
1133.8
1138.2
1135.3
1136.7
1145.5
1136.7
1139.6
1139.6
1136.7
1139.6
1138.2
1031.3
522.95
140.63
-165.53
-445.31
-647.46
-745.62
-798.36
-832.02
-848.16
-852.54
-862.8
-865.74
-865.74
-868.68
-874.5
-873.06
-878.88
-881.82
-884.76
-883.32
-884.76
-886.26
-881.82
-883.32
-883.32
-881.82
-878.88
-884.76
-887.7
-807.12
-361.82
-62.988
254.88
404.3
512.69
561.04
590.33
600.6
610.86
615.24
618.18
619.62
622.56
619.62
619.62
619.62
624
624
621.12
626.94
629.88
628.44
631.32
626.94
632.82
632.82
635.76
628.44
629.88
533.2
152.35
-161.13
-476.08
-666.48
-789.54
-843.78
-877.44
-895.02
-909.66
-922.86
-921.36
-925.8
-930.18
-928.74
-930.18
-931.62
-931.62
-934.56
-938.94
-940.44
-940.44
-946.26
-943.38
-940.44
-940.44
-940.44
-938.94
-940.44
-944.82
-936.06
-861.3
-795.42
-747.06
-716.28
-692.88
-675.3
-660.66
-647.46
-637.2
-629.88
-629.88
-622.56
-618.18
-616.68
-619.62
-616.68
-613.74
-612.3
-610.86
-610.86
-607.92
-603.54
-599.12
-597.65
-602.04
-599.12
-599.12
-594.73
-602.04
-550.78
-231.44
13.184
190.43
275.39
319.34
344.24
355.96
363.28
364.75
370.61
369.14
370.61
367.67
370.61
366.21
364.75
367.67
367.67
367.67
370.61
372.07
369.14
370.61
367.67
372.07
375
373.54
376.46
375
369.14
234.38
115.72
51.269
21.973
7.3242
1.4648
-1.4648
-1.4648
0
0
0
0
0
0
0
0
0
0
0
0
0
0
0
0
0
0
0
0
0
5.8594
273.92
610.86
839.34
975.6
1057.6
1098.7
1127.9
1147
1157.2
1164.5
1170.4
1179.2
1179.2
1185.1
1182.1
1185.1
1190.9
1185.1
1193.8
1190.9
1195.3
1196.8
1192.4
1196.8
1190.9
1196.8
1193.8
1196.8
